quality	AA	AC	AG	AT	A.	CA	CC	CG	CT	C.	GA	GC	GG	GT	G.	TA	TC	TG	TT	T.	.A	.C	.G	.T	..
0	NA	NA	NA	NA	NA	NA	NA	NA	NA	NA	NA	NA	NA	NA	NA	NA	NA	NA	NA	NA	NA	NA	NA	NA	NA
1	NA	NA	NA	NA	NA	NA	NA	NA	NA	NA	NA	NA	NA	NA	NA	NA	NA	NA	NA	NA	NA	NA	NA	NA	NA
2	NA	NA	NA	NA	NA	NA	NA	NA	NA	NA	NA	NA	NA	NA	NA	NA	NA	NA	NA	NA	NA	NA	NA	NA	NA
3	NA	NA	NA	NA	NA	NA	NA	NA	NA	NA	NA	NA	NA	NA	NA	NA	NA	NA	NA	NA	NA	NA	NA	NA	NA
4	NA	NA	NA	NA	NA	NA	NA	NA	NA	NA	NA	NA	NA	NA	NA	NA	NA	NA	NA	NA	NA	NA	NA	NA	NA
5	NA	NA	NA	NA	NA	NA	NA	NA	NA	NA	NA	NA	NA	NA	NA	NA	NA	NA	NA	NA	NA	NA	NA	NA	NA
6	NA	NA	NA	NA	NA	NA	NA	NA	NA	NA	NA	NA	NA	NA	NA	NA	NA	NA	NA	NA	NA	NA	NA	NA	NA
7	NA	NA	NA	NA	NA	NA	NA	NA	NA	NA	NA	NA	NA	NA	NA	NA	NA	NA	NA	NA	NA	NA	NA	NA	NA
8	NA	NA	NA	NA	NA	NA	NA	NA	NA	NA	NA	NA	NA	NA	NA	NA	NA	NA	NA	NA	NA	NA	NA	NA	NA
9	NA	NA	NA	NA	NA	NA	NA	NA	NA	NA	NA	NA	NA	NA	NA	NA	NA	NA	NA	NA	NA	NA	NA	NA	NA
10	NA	NA	NA	NA	NA	NA	NA	NA	NA	NA	NA	NA	NA	NA	NA	NA	NA	NA	NA	NA	NA	NA	NA	NA	NA
11	NA	NA	NA	NA	NA	NA	NA	NA	NA	NA	NA	NA	NA	NA	NA	NA	NA	NA	NA	NA	NA	NA	NA	NA	NA
12	0.921576	0.0359047	0.00617782	0.0362377	0.000103998	0.029463	0.924346	0.0362359	0.00974873	0.000206028	0.0116106	0.0166173	0.953664	0.017884	0.000223788	0.0308079	0.00748305	0.0174841	0.944126	9.85017e-05	2.90279e-05	3.18831e-05	3.71176e-05	3.40245e-05	0.999868
13	0.952287	0.016545	0.0166565	0.0140661	0.000445658	0.0236665	0.918893	0.0325675	0.0242175	0.000655023	0.0121554	0.00953936	0.955474	0.0224664	0.000364663	0.00776593	0.0176742	0.0169658	0.957395	0.000198684	9.55656e-05	0.000100778	9.03529e-05	9.73031e-05	0.999616
14	0.95342	0.0171242	0.0146178	0.014614	0.000223644	0.0205747	0.929905	0.0213245	0.0279336	0.000262164	0.0100495	0.0079291	0.963652	0.0181809	0.000188695	0.0159038	0.0203394	0.0212587	0.942195	0.00030344	4.13567e-05	5.65933e-05	7.11045e-05	5.224e-05	0.999779
15	0.947181	0.0216029	0.0177792	0.0132282	0.000208828	0.0121569	0.953114	0.0165658	0.0178773	0.000285533	0.00591747	0.00571626	0.97988	0.00836287	0.000123818	0.0108113	0.0237409	0.0278217	0.937293	0.000332981	3.82281e-05	4.85203e-05	8.38078e-05	1.9114e-05	0.99981
16	0.953874	0.0195672	0.0149593	0.0114601	0.000139434	0.0107302	0.959119	0.0138584	0.0161827	0.000109225	0.00448278	0.0042284	0.986216	0.00502993	4.31959e-05	0.0150395	0.0187838	0.0197432	0.946284	0.000149522	1.65027e-05	3.85063e-05	3.85063e-05	2.06284e-05	0.999886
17	0.954674	0.0186305	0.018656	0.00786055	0.000178649	0.0058412	0.96819	0.0112975	0.0145351	0.000135842	0.00479408	0.00371955	0.987891	0.00355423	4.13283e-05	0.0169792	0.0220748	0.0238058	0.936965	0.000175043	2.18457e-05	8.19216e-05	5.46144e-05	1.09229e-05	0.999831
18	0.968844	0.0121661	0.0117181	0.00723764	3.44649e-05	0.00470868	0.967401	0.00833075	0.0194815	7.76156e-05	0.00358131	0.00232931	0.991964	0.00197991	0.000145582	0.0428776	0.0137068	0.0136797	0.929493	0.000243316	7.62887e-06	3.05155e-05	5.34021e-05	1.52577e-05	0.999893
19	0.971372	0.00817942	0.0155673	0.00474934	0.000131926	0.00208976	0.980894	0.00457757	0.012439	NA	0.00462802	0.00150411	0.992364	0.00150411	NA	0.043279	0.0178208	0.0118126	0.926986	0.000101833	NA	NA	2.77185e-05	5.5437e-05	0.999917
20	0.967482	0.0094964	0.0178417	0.00503597	0.000143885	0.0019326	0.979828	0.00338205	0.0147361	0.000120788	0.00395382	0.00205599	0.992409	0.00158153	NA	0.0453011	0.0139749	0.0106922	0.929844	0.000187582	3.10549e-05	9.31648e-05	3.10549e-05	3.10549e-05	0.999814
21	0.955882	NA	0.0441176	NA	NA	NA	0.983871	0.00806452	0.00806452	NA	NA	NA	1	NA	NA	NA	0.0310345	0.00689655	0.962069	NA	NA	NA	NA	NA	1
22	NA	NA	NA	NA	NA	NA	NA	NA	NA	NA	NA	NA	NA	NA	NA	NA	NA	NA	NA	NA	NA	NA	NA	NA	NA
23	NA	NA	NA	NA	NA	NA	NA	NA	NA	NA	NA	NA	NA	NA	NA	NA	NA	NA	NA	NA	NA	NA	NA	NA	NA
24	0.990087	0.00249836	0.00586153	0.00134527	0.000208197	0.00216826	0.991901	0.00196897	0.00385823	0.00010363	0.00356937	0.00181753	0.991379	0.00304382	0.000189782	0.00112005	0.00612918	0.00224011	0.990438	7.2596e-05	7.1243e-05	6.64935e-05	9.49907e-05	5.22449e-05	0.999715
25	0.992068	0.00180855	0.00523527	0.000793223	9.51867e-05	0.00125388	0.993764	0.00164984	0.00325018	8.24919e-05	0.00336788	0.00124252	0.993133	0.00212536	0.000130792	0.00106858	0.00596153	0.00166848	0.99117	0.000131229	4.8413e-05	4.8413e-05	8.71434e-05	4.35717e-05	0.999772
26	0.990859	0.00218475	0.00508854	0.00184049	2.76551e-05	0.00108795	0.994002	0.00222985	0.00263986	4.0461e-05	0.00272047	0.00131284	0.995197	0.000729261	4.03682e-05	0.00122734	0.00577096	0.00146441	0.991513	2.43843e-05	1.19593e-05	1.24576e-05	1.99321e-05	1.34542e-05	0.999942
27	0.991344	0.00184119	0.00570219	0.000975556	0.000137402	0.00138903	0.992383	0.00174773	0.00435788	0.000122112	0.00317279	0.00149424	0.993931	0.00130993	9.21556e-05	0.000847895	0.00728084	0.00169579	0.990102	7.373e-05	3.66305e-05	3.66305e-05	5.17137e-05	2.15474e-05	0.999853
28	0.99344	0.00132675	0.00471733	0.000515958	NA	0.000900458	0.995007	0.00110511	0.00298788	NA	0.00297832	0.000992775	0.994043	0.00184766	0.000137885	0.000725929	0.00653336	0.00178183	0.990761	0.000197981	NA	1.11888e-05	4.47552e-05	NA	0.999944
29	0.993513	0.0015547	0.0041129	0.000819753	NA	0.000999063	0.993804	0.00096034	0.00418212	5.42127e-05	0.00257537	0.00113982	0.995188	0.00106588	3.08058e-05	0.000744282	0.0188265	0.00142177	0.97896	4.77104e-05	1.78848e-05	1.56492e-05	2.90628e-05	2.68272e-05	0.999911
30	0.993566	0.00130195	0.00470318	0.000388567	4.03706e-05	0.000650846	0.994119	0.0012882	0.00389496	4.72116e-05	0.00281738	0.00122731	0.995132	0.000801552	2.17223e-05	0.000702459	0.0198695	0.00117554	0.978195	5.73436e-05	8.28163e-06	1.74834e-05	2.0244e-05	6.44127e-06	0.999948
31	0.993987	0.000964093	0.00463648	0.000382693	2.9438e-05	0.000693427	0.994803	0.00120524	0.00326488	3.30203e-05	0.00282122	0.00119759	0.995145	0.000813114	2.33803e-05	0.000713355	0.00629614	0.00109588	0.991864	3.10154e-05	1.28378e-05	9.33658e-06	1.40049e-05	1.6339e-05	0.999947
32	0.994934	0.000833533	0.0038857	0.000326488	1.97871e-05	0.000527236	0.996219	0.000829725	0.00239871	2.5443e-05	0.00227178	0.000959659	0.996242	0.000499023	2.79174e-05	0.000320433	0.00472696	0.000918121	0.994012	2.27258e-05	6.69697e-06	1.02687e-05	1.29475e-05	4.46464e-06	0.999966
33	0.99454	0.000791791	0.00436514	0.000284521	1.87185e-05	0.000408555	0.996481	0.000857661	0.00223438	1.82481e-05	0.00212815	0.000883384	0.996529	0.000434485	2.471e-05	0.000318728	0.0146228	0.000958026	0.984078	2.21083e-05	5.26747e-06	1.05349e-05	1.29931e-05	8.42795e-06	0.999963
34	0.993302	0.00108835	0.00518315	0.000400766	2.61945e-05	0.000543919	0.995585	0.00110649	0.00273923	2.52118e-05	0.0027521	0.00109733	0.995584	0.000541232	2.52527e-05	0.00037827	0.00544859	0.00105912	0.993091	2.34051e-05	5.84742e-06	1.03111e-05	1.27066e-05	5.40106e-06	0.999966
35	0.993517	0.000991827	0.00512614	0.000340834	2.38584e-05	0.000463917	0.995831	0.00114272	0.0025405	2.20913e-05	0.00261463	0.00100404	0.995787	0.000581205	1.26693e-05	0.000407789	0.00756183	0.000942644	0.991055	3.25049e-05	5.72005e-06	6.86407e-06	1.43001e-05	6.86407e-06	0.999966
36	0.993571	0.00106252	0.00502108	0.000307026	3.7947e-05	0.000604848	0.994953	0.00119057	0.00322552	2.61665e-05	0.00296905	0.00115968	0.995283	0.000566643	2.17342e-05	0.000517055	0.00690519	0.00095405	0.991592	3.16905e-05	8.67133e-06	1.35851e-05	1.87879e-05	5.49184e-06	0.999953
37	0.993266	0.000992542	0.00536912	0.000345232	2.73127e-05	0.000451405	0.99588	0.00102041	0.00262792	2.02032e-05	0.00264708	0.000984248	0.995868	0.000474688	2.59762e-05	0.000328792	0.00640344	0.00101552	0.992231	2.13691e-05	4.69328e-06	8.88727e-06	1.3281e-05	5.49213e-06	0.999968
38	0.993325	0.00106816	0.00524454	0.000331059	3.11317e-05	0.000602342	0.9952	0.0011866	0.00298507	2.61507e-05	0.00294264	0.00117374	0.995288	0.000568518	2.75519e-05	0.000417931	0.00572689	0.00108125	0.992743	3.08673e-05	6.26803e-06	1.19124e-05	1.29415e-05	5.20777e-06	0.999964
39	0.992602	0.000995232	0.00601864	0.000354373	2.93274e-05	0.000481563	0.995603	0.00110314	0.00279404	1.85157e-05	0.00274831	0.00102059	0.995685	0.000523943	2.19482e-05	0.000358498	0.00575809	0.00114927	0.992704	2.99709e-05	7.40033e-06	1.34752e-05	1.60709e-05	7.95259e-06	0.999955
40	1	NA	NA	NA	NA	NA	1	NA	NA	NA	NA	NA	1	NA	NA	NA	NA	NA	1	NA	NA	NA	NA	NA	1
