quality	AA	AC	AG	AT	A.	CA	CC	CG	CT	C.	GA	GC	GG	GT	G.	TA	TC	TG	TT	T.	.A	.C	.G	.T	..
0	NA	NA	NA	NA	NA	NA	NA	NA	NA	NA	NA	NA	NA	NA	NA	NA	NA	NA	NA	NA	NA	NA	NA	NA	NA
1	NA	NA	NA	NA	NA	NA	NA	NA	NA	NA	NA	NA	NA	NA	NA	NA	NA	NA	NA	NA	NA	NA	NA	NA	NA
2	NA	NA	NA	NA	NA	NA	NA	NA	NA	NA	NA	NA	NA	NA	NA	NA	NA	NA	NA	NA	NA	NA	NA	NA	NA
3	NA	NA	NA	NA	NA	NA	NA	NA	NA	NA	NA	NA	NA	NA	NA	NA	NA	NA	NA	NA	NA	NA	NA	NA	NA
4	NA	NA	NA	NA	NA	NA	NA	NA	NA	NA	NA	NA	NA	NA	NA	NA	NA	NA	NA	NA	NA	NA	NA	NA	NA
5	NA	NA	NA	NA	NA	NA	NA	NA	NA	NA	NA	NA	NA	NA	NA	NA	NA	NA	NA	NA	NA	NA	NA	NA	NA
6	NA	NA	NA	NA	NA	NA	NA	NA	NA	NA	NA	NA	NA	NA	NA	NA	NA	NA	NA	NA	NA	NA	NA	NA	NA
7	NA	NA	NA	NA	NA	NA	NA	NA	NA	NA	NA	NA	NA	NA	NA	NA	NA	NA	NA	NA	NA	NA	NA	NA	NA
8	NA	NA	NA	NA	NA	NA	NA	NA	NA	NA	NA	NA	NA	NA	NA	NA	NA	NA	NA	NA	NA	NA	NA	NA	NA
9	NA	NA	NA	NA	NA	NA	NA	NA	NA	NA	NA	NA	NA	NA	NA	NA	NA	NA	NA	NA	NA	NA	NA	NA	NA
10	NA	NA	NA	NA	NA	NA	NA	NA	NA	NA	NA	NA	NA	NA	NA	NA	NA	NA	NA	NA	NA	NA	NA	NA	NA
11	NA	NA	NA	NA	NA	NA	NA	NA	NA	NA	NA	NA	NA	NA	NA	NA	NA	NA	NA	NA	NA	NA	NA	NA	NA
12	0.922622	0.0360891	0.00743988	0.0337327	0.000116656	0.0179273	0.947497	0.0257886	0.00861391	0.000173387	0.0107047	0.0136612	0.95906	0.0163264	0.000247478	0.022319	0.00807757	0.020982	0.948523	9.82465e-05	2.96714e-05	2.76711e-05	2.76711e-05	2.63376e-05	0.999889
13	0.952385	0.0149823	0.0172061	0.0150585	0.000368521	0.0189967	0.928017	0.0304064	0.0219771	0.000602678	0.0107337	0.00875494	0.959495	0.0207105	0.000305486	0.0050671	0.0170268	0.0121146	0.965515	0.000276588	6.91405e-05	9.91014e-05	0.000119844	9.4492e-05	0.999617
14	0.956744	0.0134762	0.0174419	0.0120285	0.000309009	0.0129187	0.952502	0.0154338	0.0189169	0.000228649	0.00945585	0.00564524	0.97112	0.0136267	0.000152424	0.00495395	0.0173518	0.0152305	0.962147	0.000316898	4.72604e-05	5.04111e-05	5.25115e-05	4.72604e-05	0.999803
15	0.946821	0.0165692	0.0262496	0.0100837	0.000275976	0.0073766	0.970775	0.0106902	0.0110477	0.000109996	0.0128033	0.00331804	0.978505	0.00530887	6.49182e-05	0.00414275	0.0207443	0.0200012	0.954817	0.000295183	3.77879e-05	4.82845e-05	7.55758e-05	3.35892e-05	0.999805
16	0.947612	0.0128475	0.0310554	0.00827926	0.000206168	0.0054993	0.978198	0.00748684	0.00874919	6.71465e-05	0.00970497	0.00263366	0.984647	0.00294574	6.85057e-05	0.00282422	0.0152783	0.0138171	0.967914	0.000166708	1.71299e-05	2.78361e-05	4.06836e-05	2.99774e-05	0.999884
17	0.942854	0.0144937	0.0351895	0.00726344	0.000198998	0.00525621	0.976684	0.00827516	0.0096229	0.000161729	0.0118068	0.00225787	0.983513	0.00230491	0.000117597	0.00246596	0.0181385	0.0149053	0.964271	0.000219196	2.05189e-05	6.83962e-05	4.78773e-05	5.47169e-05	0.999808
18	0.909649	0.010313	0.0731325	0.00659134	0.000313873	0.00559877	0.979118	0.00717247	0.00805012	6.05272e-05	0.0128307	0.00209628	0.983374	0.00155414	0.000144571	0.0026003	0.0144502	0.0118871	0.970988	7.42942e-05	2.82417e-05	1.88278e-05	7.53111e-05	4.70695e-05	0.999831
19	0.963258	0.0116113	0.0179736	0.00715763	NA	0.00237607	0.985852	0.00378011	0.00777622	0.000216006	0.00412124	0.00212709	0.992023	0.00172826	NA	0.00365911	0.0192398	0.013102	0.963645	0.000354108	NA	0.000126871	3.17178e-05	NA	0.999841
20	0.812274	0.00989437	0.173151	0.00467977	NA	0.00502392	0.983254	0.00478469	0.00669856	0.000239234	0.0209902	0.00320461	0.974684	0.000961384	0.000160231	0.00303767	0.0185298	0.0103281	0.968003	0.000101256	3.13028e-05	3.13028e-05	6.26056e-05	NA	0.999875
21	0.991736	NA	0.00826446	NA	NA	NA	1	NA	NA	NA	NA	0.0232558	0.953488	0.0232558	NA	NA	0.014652	0.003663	0.981685	NA	NA	NA	NA	NA	1
22	NA	NA	NA	NA	NA	NA	NA	NA	NA	NA	NA	NA	NA	NA	NA	NA	NA	NA	NA	NA	NA	NA	NA	NA	NA
23	NA	NA	NA	NA	NA	NA	NA	NA	NA	NA	NA	NA	NA	NA	NA	NA	NA	NA	NA	NA	NA	NA	NA	NA	NA
24	0.991228	0.00193567	0.00576583	0.000906058	0.000164738	0.0013377	0.993804	0.00156243	0.00316767	0.000128419	0.00347631	0.00156995	0.993029	0.00177553	0.000149519	0.00079025	0.00550706	0.00146937	0.992209	2.46953e-05	5.76023e-05	8.48876e-05	3.0317e-05	9.0951e-05	0.999736
25	0.991918	0.00136655	0.00620803	0.00046853	3.90442e-05	0.000864869	0.994832	0.00124457	0.00295321	0.000105472	0.0027938	0.00126626	0.994453	0.00138685	0.000100496	0.000597882	0.00593611	0.00160147	0.9918	6.40588e-05	4.12921e-05	8.8483e-05	3.53932e-05	2.94943e-05	0.999805
26	0.990669	0.0022314	0.00560585	0.00145436	3.89126e-05	0.000719829	0.994962	0.00161852	0.00267083	2.85298e-05	0.00296689	0.00184444	0.994197	0.000941961	4.96362e-05	0.000781183	0.00536135	0.00136299	0.992467	2.71874e-05	1.04774e-05	1.42874e-05	1.61924e-05	1.26999e-05	0.999946
27	0.992253	0.00162834	0.00542781	0.000625021	6.57916e-05	0.000969227	0.994511	0.0014352	0.00301952	6.52364e-05	0.0032133	0.00140245	0.994228	0.00104798	0.000107881	0.000691521	0.00596312	0.00150331	0.991762	8.01764e-05	3.77316e-05	3.01853e-05	4.52779e-05	3.01853e-05	0.999857
28	0.993342	0.00157701	0.00481864	0.000262835	NA	0.000837109	0.99483	0.00103408	0.00324995	4.92417e-05	0.00243902	0.000948509	0.995054	0.00155827	NA	0.000563698	0.00620068	0.00120792	0.991947	8.05283e-05	1.35814e-05	NA	2.71628e-05	4.07443e-05	0.999919
29	0.993538	0.00150084	0.00458591	0.000354366	2.08451e-05	0.000693458	0.995521	0.00106861	0.00269425	2.27363e-05	0.0032213	0.00113276	0.994681	0.000946919	1.76994e-05	0.000491324	0.00504254	0.00093093	0.993522	1.29296e-05	1.58805e-05	2.85849e-05	9.52832e-06	2.22327e-05	0.999924
30	0.993572	0.00119391	0.00470145	0.00049915	3.37264e-05	0.00061757	0.994935	0.0011365	0.0032594	5.14642e-05	0.00278012	0.0011076	0.995358	0.000726338	2.7829e-05	0.000340374	0.00545494	0.00116444	0.992995	4.4786e-05	1.06105e-05	2.47578e-05	2.12209e-05	7.07364e-06	0.999936
31	0.993718	0.00114132	0.00476264	0.000368997	8.58133e-06	0.000679843	0.995113	0.00109366	0.003079	3.44848e-05	0.0028554	0.00106922	0.995352	0.000688911	3.42897e-05	0.000378559	0.00570205	0.000887248	0.993008	2.366e-05	4.14785e-06	4.14785e-06	6.91308e-06	6.91308e-06	0.999978
32	0.994763	0.000879564	0.00402877	0.000298314	3.0754e-05	0.000471383	0.996564	0.000916577	0.00203218	1.57128e-05	0.00230168	0.000870828	0.996348	0.00046406	1.57551e-05	0.00029802	0.00432789	0.000825489	0.994522	2.63735e-05	5.43026e-06	9.23145e-06	1.24896e-05	5.97329e-06	0.999967
33	0.994807	0.000708614	0.00421113	0.000247588	2.56126e-05	0.000374929	0.996845	0.000790867	0.00197892	1.05449e-05	0.00203353	0.000825299	0.996692	0.000426367	2.28615e-05	0.000287806	0.00418251	0.00094417	0.994559	2.69171e-05	6.0118e-06	9.21809e-06	8.01573e-06	6.41259e-06	0.99997
34	0.993194	0.0010762	0.00532312	0.000383611	2.29246e-05	0.000543579	0.995611	0.00108165	0.00273908	2.42618e-05	0.00278633	0.001156	0.995465	0.000565171	2.77481e-05	0.000300519	0.00515071	0.00102863	0.993495	2.53008e-05	5.14197e-06	1.05728e-05	9.8073e-06	5.09864e-06	0.999969
35	0.993945	0.000913077	0.00480534	0.000324096	1.24652e-05	0.000512461	0.996098	0.000998231	0.00237547	1.60144e-05	0.00244779	0.000961894	0.996047	0.000529844	1.31366e-05	0.00030389	0.00530552	0.000850333	0.99351	3.06677e-05	6.89322e-06	9.01421e-06	9.01421e-06	4.24198e-06	0.999971
36	0.993581	0.00111784	0.00496398	0.000312617	2.46304e-05	0.000641215	0.995335	0.00113994	0.00285094	3.28828e-05	0.00288968	0.00122704	0.995268	0.000583307	3.18931e-05	0.000418786	0.0053879	0.00102409	0.993148	2.11152e-05	4.07448e-06	1.15966e-05	1.22234e-05	5.32816e-06	0.999967
37	0.993245	0.000981381	0.00542461	0.000329649	1.94547e-05	0.000456665	0.995966	0.00100235	0.00255513	1.98808e-05	0.00249924	0.00097774	0.995999	0.000498476	2.50439e-05	0.000318699	0.00508376	0.00100431	0.993566	2.70002e-05	4.80045e-06	1.03847e-05	9.20903e-06	6.26998e-06	0.999969
38	0.993307	0.00109193	0.00523245	0.000340897	2.7803e-05	0.000604825	0.995225	0.00117386	0.00296521	3.15672e-05	0.00291399	0.00116917	0.995333	0.000559542	2.40431e-05	0.000346883	0.00530601	0.0010503	0.993259	3.75405e-05	6.35846e-06	1.25711e-05	1.09085e-05	5.39594e-06	0.999965
39	0.992367	0.00102225	0.00618656	0.000393003	3.15479e-05	0.000489456	0.99569	0.00107725	0.00272378	1.93594e-05	0.00276834	0.000991407	0.995694	0.000524192	2.25377e-05	0.000291713	0.00553363	0.00110876	0.993044	2.1412e-05	6.73991e-06	1.34295e-05	1.11661e-05	7.59498e-06	0.999961
40	1	NA	NA	NA	NA	NA	1	NA	NA	NA	NA	NA	1	NA	NA	0.0126582	NA	NA	0.987342	NA	NA	NA	NA	NA	1
