coverage	n
1	1047
2	1253
3	286
4	427
5	303
6	698
7	223
8	205
9	415
10	556
11	511
12	420
13	599
14	644
15	439
16	506
17	334
18	531
19	318
20	441
21	499
22	517
23	481
24	459
25	478
26	590
27	484
28	425
29	473
30	453
31	469
32	497
33	373
34	389
35	499
36	422
37	407
38	538
39	492
40	419
41	483
42	663
43	535
44	544
45	529
46	659
47	650
48	716
49	604
50	605
51	651
52	705
53	749
54	735
55	760
56	862
57	895
58	873
59	1008
60	1119
61	1294
62	1303
63	1393
64	1588
65	1679
66	2012
67	2283
68	2496
69	3147
70	3472
71	4144
72	4769
73	5543
74	6634
75	8068
76	9249
77	10845
78	12717
79	14725
80	16895
81	19606
82	23070
83	26182
84	29982
85	34720
86	38758
87	43188
88	48240
89	53534
90	58768
91	64681
92	70577
93	77471
94	82173
95	88082
96	94129
97	99491
98	104513
99	110448
100	114378
101	117415
102	121207
103	122968
104	125670
105	126612
106	128686
107	128649
108	126954
109	125953
110	123972
111	121625
112	117958
113	116023
114	111625
115	107823
116	103370
117	98578
118	93039
119	88821
120	83544
121	78278
122	72297
123	67175
124	62754
125	57328
126	52561
127	48082
128	43756
129	39962
130	35446
131	31891
132	28572
133	25322
134	22937
135	20038
136	17696
137	15505
138	13753
139	11924
140	10346
141	9170
142	8060
143	6825
144	5924
145	5112
146	4233
147	3789
148	3141
149	2541
150	2269
151	1900
152	1741
153	1435
154	1203
155	1028
156	767
157	659
158	576
159	413
160	379
161	320
162	230
163	213
164	175
165	170
166	150
167	134
168	113
169	116
170	97
171	91
172	83
173	83
174	62
175	59
176	68
177	60
178	59
179	65
180	56
181	38
182	50
183	24
184	50
185	43
186	50
187	39
188	36
189	43
190	46
191	72
192	45
193	29
194	55
195	39
196	51
197	40
198	32
199	40
200	43
201	27
202	29
203	25
204	31
205	35
206	26
207	33
208	24
209	31
210	19
211	19
212	14
213	30
214	31
215	30
216	35
217	33
218	45
219	34
220	26
221	27
222	24
223	24
224	23
225	28
226	34
227	30
228	34
229	32
230	23
231	34
232	30
233	26
234	54
235	50
236	37
237	38
238	23
239	42
240	38
241	48
242	41
243	31
244	35
245	56
246	50
247	46
248	44
249	48
250	37
251	27
252	28
253	35
254	31
255	16
256	21
257	20
258	19
259	15
260	22
261	10
262	12
263	13
264	11
265	5
266	8
267	4
268	6
269	4
270	9
271	9
272	8
273	7
274	14
275	6
276	7
277	4
278	14
279	7
280	9
281	13
282	9
283	10
284	9
285	7
286	12
287	8
288	12
289	19
290	19
291	22
292	7
293	18
294	17
295	20
296	12
297	13
298	19
299	29
300	20
301	19
302	21
303	23
304	18
305	18
306	21
307	30
308	40
309	38
310	42
311	46
312	45
313	49
314	55
315	60
316	54
317	49
318	65
319	74
320	73
321	108
322	90
323	76
324	95
325	88
326	87
327	81
328	86
329	82
330	78
331	99
332	101
333	69
334	79
335	73
336	86
337	67
338	81
339	94
340	89
341	83
342	104
343	98
344	108
345	101
346	119
347	117
348	99
349	103
350	119
351	118
352	130
353	116
354	113
355	130
356	121
357	136
358	140
359	134
360	149
361	160
362	151
363	147
364	164
365	164
366	191
367	177
368	182
369	192
370	195
371	221
372	182
373	196
374	189
375	163
376	169
377	170
378	164
379	189
380	175
381	192
382	157
383	166
384	174
385	170
386	142
387	164
388	169
389	156
390	163
391	163
392	132
393	127
394	154
395	146
396	143
397	125
398	129
399	115
400	108
401	114
402	97
403	102
404	104
405	77
406	97
407	87
408	103
409	78
410	92
411	92
412	98
413	85
414	100
415	96
416	86
417	99
418	102
419	76
420	93
421	90
422	54
423	66
424	70
425	64
426	44
427	51
428	56
429	51
430	51
431	97
432	38
433	31
434	49
435	29
436	27
437	16
438	31
439	26
440	22
441	21
442	10
443	11
444	9
445	5
446	5
447	4
448	5
449	2
450	0
451	2
452	2
453	3
454	5
455	3
456	3
457	4
458	3
459	12
460	3
461	2
462	2
463	2
464	1
465	1
466	0
467	1
468	0
469	0
470	0
471	0
472	0
473	1
474	0
475	0
476	0
477	0
478	0
479	1
480	0
481	1
482	0
483	0
484	0
485	0
486	0
487	0
488	1
489	0
490	1
491	0
492	0
493	0
494	0
495	0
496	0
497	0
498	0
499	0
500	3
501	1
502	0
503	0
504	0
505	0
506	0
507	0
508	0
509	1
510	1
511	0
512	0
513	0
514	0
515	0
516	0
517	1
518	1
519	1
520	0
521	0
522	1
523	0
524	0
525	0
526	0
527	1
528	0
529	0
530	0
531	1
532	0
533	0
534	0
535	0
536	0
537	0
538	3
539	0
540	0
541	0
542	0
543	0
544	0
545	1
546	1
547	0
548	0
549	1
550	0
551	0
552	0
553	1
554	0
555	0
556	2
557	0
558	0
559	0
560	0
561	0
562	0
563	0
564	1
565	1
566	0
567	0
568	3
569	0
570	0
571	0
572	0
573	1
574	13
575	5
576	6
577	0
578	0
579	0
580	0
581	1
582	0
583	0
584	1
585	0
586	0
587	0
588	0
589	1
590	2
591	0
592	0
593	1
594	0
595	1
596	0
597	1
598	0
599	0
600	0
601	0
602	0
603	1
604	1
605	5
606	0
607	1
608	0
609	4
610	0
611	0
612	0
613	0
614	0
615	0
616	0
617	0
618	0
619	0
620	1
621	0
622	0
623	0
624	1
625	0
626	0
627	0
628	0
629	0
630	0
631	0
632	1
633	1
634	1
635	0
636	1
637	0
638	0
639	2
640	1
641	1
642	0
643	1
644	0
645	0
646	0
647	0
648	0
649	0
650	0
651	0
652	0
653	1
654	2
655	3
656	1
657	0
658	0
659	0
660	0
661	0
662	1
663	1
664	0
665	6
666	1
667	2
668	1
669	3
670	2
671	0
672	0
673	0
674	1
675	0
676	0
677	0
678	0
679	0
680	2
681	1
682	0
683	1
684	3
685	0
686	0
687	0
688	0
689	0
690	0
691	0
692	1
693	0
694	0
695	0
696	0
697	0
698	1
699	2
700	6
701	0
702	0
703	0
704	0
705	0
706	0
707	0
708	0
709	1
710	0
711	1
712	0
713	0
714	0
715	0
716	0
717	0
718	0
719	0
720	1
721	1
722	0
723	5
724	1
725	0
726	1
727	0
728	0
729	0
730	0
731	0
732	1
733	1
734	0
735	0
736	0
737	0
738	1
739	0
740	0
741	0
742	10
743	3
744	0
745	1
746	0
747	1
748	2
749	4
750	5
751	2
752	1
753	0
754	0
755	0
756	1
757	3
758	0
759	0
760	0
761	0
762	1
763	0
764	0
765	1
766	1
767	2
768	12
769	1
770	0
771	0
772	1
773	1
774	1
775	0
776	0
777	0
778	0
779	0
780	0
781	0
782	0
783	0
784	1
785	0
786	2
787	1
788	0
789	4
790	7
791	11
792	0
793	5
794	0
795	0
796	0
797	0
798	0
799	0
800	0
801	0
802	0
803	0
804	0
805	0
806	0
807	0
808	0
809	0
810	0
811	0
812	0
813	0
814	0
815	0
816	0
817	0
818	0
819	0
820	0
821	0
822	0
823	1
824	0
825	0
826	0
827	0
828	0
829	3
830	3
831	0
832	0
833	0
834	0
835	0
836	1
837	0
838	0
839	0
840	0
841	0
842	0
843	0
844	1
845	0
846	0
847	0
848	0
849	0
850	0
851	0
852	0
853	0
854	0
855	0
856	0
857	1
858	0
859	2
860	0
861	0
862	0
863	0
864	0
865	0
866	0
867	1
868	0
869	0
870	1
871	0
872	0
873	0
874	0
875	0
876	0
877	3
878	0
879	0
880	0
881	0
882	0
883	1
884	0
885	26
886	1
887	0
888	1
889	0
890	0
891	0
892	1
893	0
894	0
895	2
896	1
897	1
898	0
899	0
900	0
901	0
902	1
903	0
904	2
905	0
906	1
907	1
908	1
909	1
910	0
911	5
912	1
913	1
914	0
915	0
916	0
917	2
918	1
919	0
920	4
921	0
922	1
923	1
924	1
925	0
926	0
927	2
928	0
929	3
930	0
931	5
932	1
933	0
934	3
935	0
936	4
937	2
938	0
939	0
940	0
941	0
942	0
943	1
944	1
945	0
946	0
947	0
948	1
949	9
950	1
951	0
952	1
953	0
954	0
955	2
956	1
957	1
958	2
959	2
960	2
961	2
962	2
963	0
964	0
965	1
966	6
967	0
968	1
969	0
970	1
971	4
972	1
973	4
974	4
975	1
976	6
977	0
978	2
979	0
980	7
981	4
982	14
983	1
984	1
985	3
986	1
987	1
988	1
989	3
990	0
991	2
992	0
993	2
994	0
995	10
996	1
997	2
998	4
999	2
1000	3
1001	5
1002	0
1003	0
1004	2
1005	0
1006	0
1007	0
1008	2
1009	1
1010	12
1011	1
1012	0
1013	1
1014	1
1015	0
1016	0
1017	0
1018	0
1019	2
1020	1
1021	1
1022	1
1023	0
1024	1
1025	1
1026	0
1027	0
1028	1
1029	1
1030	0
1031	1
1032	0
1033	3
1034	1
1035	0
1036	0
1037	1
1038	0
1039	2
1040	2
1041	1
1042	2
1043	2
1044	3
1045	0
1046	0
1047	3
1048	1
1049	0
1050	0
1051	4
1052	4
1053	1
1054	1
1055	0
1056	2
1057	0
1058	2
1059	1
1060	0
1061	1
1062	1
1063	2
1064	3
1065	1
1066	3
1067	0
1068	2
1069	1
1070	1
1071	3
1072	0
1073	9
1074	2
1075	2
1076	2
1077	0
1078	2
1079	0
1080	1
1081	0
1082	0
1083	2
1084	1
1085	3
1086	2
1087	0
1088	3
1089	0
1090	0
1091	1
1092	0
1093	0
1094	1
1095	1
1096	0
1097	1
1098	2
1099	1
1100	11
1101	0
1102	1
1103	1
1104	0
1105	1
1106	1
1107	2
1108	1
1109	1
1110	0
1111	0
1112	1
1113	0
1114	1
1115	2
1116	5
1117	0
1118	0
1119	0
1120	1
1121	1
1122	0
1123	0
1124	0
1125	0
1126	0
1127	1
1128	0
1129	0
1130	5
1131	0
1132	1
1133	2
1134	0
1135	0
1136	1
1137	2
1138	0
1139	2
1140	0
1141	1
1142	0
1143	2
1144	2
1145	1
1146	0
1147	1
1148	0
1149	0
1150	2
1151	0
1152	2
1153	1
1154	0
1155	0
1156	2
1157	1
1158	0
1159	0
1160	1
1161	0
1162	1
1163	0
1164	1
1165	0
1166	0
1167	0
1168	0
1169	1
1170	0
1171	0
1172	0
1173	1
1174	0
1175	0
1176	1
1177	0
1178	0
1179	0
1180	0
1181	1
1182	0
1183	0
1184	4
1185	0
1186	0
1187	0
1188	0
1189	0
1190	1
1191	1
1192	0
1193	1
1194	0
1195	0
1196	0
1197	0
1198	2
1199	1
1200	2
1201	1
1202	0
1203	0
1204	1
1205	6
1206	1
1207	0
1208	0
1209	0
1210	0
1211	0
1212	0
1213	0
1214	1
1215	0
1216	0
1217	0
1218	0
1219	0
1220	0
1221	0
1222	0
1223	0
1224	1
1225	0
1226	0
1227	0
1228	1
1229	1
1230	4
1231	0
1232	2
1233	4
1234	0
1235	0
1236	1
1237	0
1238	0
1239	0
1240	0
1241	0
1242	0
1243	0
1244	0
1245	0
1246	0
1247	0
1248	0
1249	1
1250	0
1251	0
1252	0
1253	0
1254	0
1255	0
1256	0
1257	1
1258	0
1259	0
1260	0
1261	0
1262	0
1263	1
1264	1
1265	0
1266	0
1267	0
1268	0
1269	1
1270	0
1271	0
1272	2
1273	0
1274	0
1275	0
1276	0
1277	0
1278	0
1279	0
1280	4
1281	0
1282	0
1283	0
1284	0
1285	0
1286	0
1287	0
1288	0
1289	0
1290	0
1291	0
1292	0
1293	0
1294	0
1295	0
1296	0
1297	0
1298	0
1299	1
1300	0
1301	0
1302	0
1303	0
1304	0
1305	1
1306	0
1307	0
1308	0
1309	0
1310	0
1311	0
1312	0
1313	0
1314	0
1315	0
1316	0
1317	0
1318	1
1319	0
1320	0
1321	0
1322	0
1323	0
1324	0
1325	3
1326	0
1327	0
1328	1
1329	0
1330	0
1331	0
1332	0
1333	1
1334	0
1335	0
1336	0
1337	1
1338	0
1339	0
1340	0
1341	0
1342	0
1343	1
1344	1
1345	0
1346	0
1347	0
1348	0
1349	0
1350	0
1351	0
1352	0
1353	1
1354	1
1355	0
1356	0
1357	0
1358	0
1359	0
1360	0
1361	0
1362	0
1363	0
1364	0
1365	0
1366	1
1367	0
1368	1
1369	1
1370	3
1371	0
1372	0
1373	0
1374	0
1375	0
1376	0
1377	0
1378	0
1379	0
1380	0
1381	0
1382	0
1383	0
1384	0
1385	0
1386	0
1387	1
1388	0
1389	0
1390	0
1391	0
1392	1
1393	0
1394	0
1395	0
1396	0
1397	0
1398	0
1399	0
1400	0
1401	0
1402	0
1403	0
1404	0
1405	0
1406	0
1407	0
1408	0
1409	0
1410	0
1411	0
1412	4
1413	0
1414	1
1415	0
1416	0
1417	0
1418	0
1419	0
1420	0
1421	0
1422	0
1423	0
1424	0
1425	0
1426	0
1427	0
1428	0
1429	0
1430	0
1431	1
1432	0
1433	0
1434	0
1435	0
1436	0
1437	0
1438	0
1439	0
1440	0
1441	0
1442	0
1443	1
1444	0
1445	0
1446	0
1447	0
1448	0
1449	0
1450	0
1451	0
1452	0
1453	0
1454	0
1455	0
1456	1
1457	0
1458	1
1459	0
1460	0
1461	1
1462	0
1463	0
1464	0
1465	1
1466	0
1467	0
1468	0
1469	0
1470	0
1471	0
1472	0
1473	0
1474	0
1475	0
1476	4
1477	0
1478	0
1479	0
1480	0
1481	0
1482	0
1483	1
1484	0
1485	0
1486	1
1487	1
1488	0
1489	0
1490	0
1491	1
1492	1
1493	1
1494	1
1495	0
1496	1
1497	0
1498	0
1499	0
1500	0
1501	0
1502	0
1503	0
1504	1
1505	0
1506	1
1507	0
1508	0
1509	0
1510	0
1511	0
1512	0
1513	1
1514	0
1515	0
1516	0
1517	1
1518	1
1519	1
1520	0
1521	0
1522	0
1523	0
1524	0
1525	0
1526	1
1527	0
1528	0
1529	1
1530	1
1531	0
1532	0
1533	0
1534	4
1535	1
1536	0
1537	1
1538	1
1539	0
1540	0
1541	1
1542	0
1543	1
1544	0
1545	1
1546	0
1547	1
1548	0
1549	0
1550	0
1551	0
1552	0
1553	0
1554	1
1555	0
1556	1
1557	0
1558	1
1559	0
1560	2
1561	0
1562	1
1563	1
1564	0
1565	0
1566	0
1567	1
1568	0
1569	0
1570	0
1571	0
1572	0
1573	0
1574	0
1575	0
1576	0
1577	0
1578	0
1579	1
1580	0
1581	0
1582	0
1583	0
1584	0
1585	0
1586	0
1587	0
1588	0
1589	0
1590	0
1591	11
1592	0
1593	1
1594	0
1595	1
1596	0
1597	0
1598	0
1599	1
1600	1
1601	0
1602	0
1603	1
1604	2
1605	5
1606	0
1607	0
1608	0
1609	0
1610	0
1611	0
1612	0
1613	1
1614	1
1615	0
1616	0
1617	0
1618	1
1619	0
1620	2
1621	0
1622	0
1623	0
1624	1
1625	0
1626	0
1627	0
1628	0
1629	0
1630	0
1631	1
1632	0
1633	0
1634	2
1635	2
1636	1
1637	0
1638	0
1639	0
1640	0
1641	0
1642	0
1643	3
1644	1
1645	0
1646	0
1647	0
1648	0
1649	0
1650	0
1651	0
1652	0
1653	1
1654	0
1655	0
1656	0
1657	0
1658	0
1659	0
1660	0
1661	0
1662	1
1663	1
1664	0
1665	0
1666	1
1667	0
1668	0
1669	0
1670	2
1671	0
1672	0
1673	0
1674	0
1675	0
1676	0
1677	0
1678	0
1679	1
1680	1
1681	0
1682	0
1683	0
1684	0
1685	0
1686	0
1687	0
1688	0
1689	0
1690	1
1691	0
1692	0
1693	2
1694	0
1695	0
1696	0
1697	0
1698	0
1699	0
1700	0
1701	0
1702	0
1703	0
1704	0
1705	0
1706	0
1707	0
1708	0
1709	0
1710	0
1711	0
1712	2
1713	0
1714	0
1715	1
1716	0
1717	0
1718	0
1719	1
1720	0
1721	0
1722	1
1723	0
1724	0
1725	0
1726	1
1727	0
1728	1
1729	0
1730	1
1731	0
1732	0
1733	0
1734	0
1735	1
1736	0
1737	1
1738	0
1739	0
1740	0
1741	0
1742	0
1743	0
1744	0
1745	1
1746	1
1747	0
1748	0
1749	0
1750	0
1751	0
1752	0
1753	1
1754	0
1755	1
1756	0
1757	0
1758	2
1759	1
1760	1
1761	0
1762	0
1763	0
1764	0
1765	0
1766	0
1767	1
1768	0
1769	2
1770	1
1771	0
1772	0
1773	1
1774	1
1775	0
1776	1
1777	0
1778	1
1779	0
1780	1
1781	0
1782	0
1783	1
1784	0
1785	1
1786	0
1787	0
1788	0
1789	1
1790	4
1791	0
1792	0
1793	0
1794	0
1795	0
1796	0
1797	1
1798	0
1799	0
1800	0
1801	0
1802	0
1803	0
1804	0
1805	1
1806	3
1807	0
1808	1
1809	0
1810	1
1811	0
1812	0
1813	0
1814	0
1815	0
1816	1
1817	1
1818	0
1819	1
1820	0
1821	1
1822	0
1823	0
1824	0
1825	0
1826	0
1827	0
1828	0
1829	0
1830	0
1831	0
1832	0
1833	0
1834	0
1835	0
1836	0
1837	1
1838	0
1839	0
1840	0
1841	0
1842	0
1843	1
