quality	AA	AC	AG	AT	A.	CA	CC	CG	CT	C.	GA	GC	GG	GT	G.	TA	TC	TG	TT	T.	.A	.C	.G	.T	..
0	NA	NA	NA	NA	NA	NA	NA	NA	NA	NA	NA	NA	NA	NA	NA	NA	NA	NA	NA	NA	NA	NA	NA	NA	NA
1	NA	NA	NA	NA	NA	NA	NA	NA	NA	NA	NA	NA	NA	NA	NA	NA	NA	NA	NA	NA	NA	NA	NA	NA	NA
2	NA	NA	NA	NA	NA	NA	NA	NA	NA	NA	NA	NA	NA	NA	NA	NA	NA	NA	NA	NA	NA	NA	NA	NA	NA
3	NA	NA	NA	NA	NA	NA	NA	NA	NA	NA	NA	NA	NA	NA	NA	NA	NA	NA	NA	NA	NA	NA	NA	NA	NA
4	NA	NA	NA	NA	NA	NA	NA	NA	NA	NA	NA	NA	NA	NA	NA	NA	NA	NA	NA	NA	NA	NA	NA	NA	NA
5	NA	NA	NA	NA	NA	NA	NA	NA	NA	NA	NA	NA	NA	NA	NA	NA	NA	NA	NA	NA	NA	NA	NA	NA	NA
6	NA	NA	NA	NA	NA	NA	NA	NA	NA	NA	NA	NA	NA	NA	NA	NA	NA	NA	NA	NA	NA	NA	NA	NA	NA
7	NA	NA	NA	NA	NA	NA	NA	NA	NA	NA	NA	NA	NA	NA	NA	NA	NA	NA	NA	NA	NA	NA	NA	NA	NA
8	NA	NA	NA	NA	NA	NA	NA	NA	NA	NA	NA	NA	NA	NA	NA	NA	NA	NA	NA	NA	NA	NA	NA	NA	NA
9	NA	NA	NA	NA	NA	NA	NA	NA	NA	NA	NA	NA	NA	NA	NA	NA	NA	NA	NA	NA	NA	NA	NA	NA	NA
10	NA	NA	NA	NA	NA	NA	NA	NA	NA	NA	NA	NA	NA	NA	NA	NA	NA	NA	NA	NA	NA	NA	NA	NA	NA
11	NA	NA	NA	NA	NA	NA	NA	NA	NA	NA	NA	NA	NA	NA	NA	NA	NA	NA	NA	NA	NA	NA	NA	NA	NA
12	0.963898	0.0099353	0.0100409	0.0158986	0.000227123	0.0242742	0.920393	0.0212147	0.0335946	0.000523778	0.0210083	0.0134211	0.918122	0.0470058	0.000443021	0.00589	0.0133125	0.00886209	0.971711	0.000224455	6.33613e-05	5.41785e-05	5.32603e-05	7.62173e-05	0.999753
13	0.951582	0.0138669	0.0160488	0.0181748	0.000327691	0.0186426	0.926472	0.0279797	0.0263892	0.000516094	0.00900278	0.00747784	0.961449	0.0218287	0.000241917	0.00527783	0.01501	0.0115671	0.96795	0.000194515	5.8548e-05	9.282e-05	6.9972e-05	8.4252e-05	0.999694
14	0.958878	0.0127029	0.0125112	0.0156497	0.000258285	0.0105844	0.954086	0.0134753	0.0216337	0.000220096	0.00668467	0.00476764	0.973593	0.0148196	0.000135404	0.0105721	0.0167833	0.0153787	0.956991	0.000274549	4.07636e-05	4.89164e-05	4.68782e-05	3.19315e-05	0.999832
15	0.956576	0.0148182	0.0148545	0.0135622	0.000188767	0.00578596	0.971865	0.00976522	0.0124798	0.000103885	0.00408227	0.00285901	0.987402	0.00559475	6.16371e-05	0.00614752	0.019221	0.0195856	0.954805	0.000240958	3.55371e-05	5.0572e-05	6.28733e-05	2.46026e-05	0.999826
16	0.966209	0.0118086	0.0120004	0.00979828	0.000184149	0.00396729	0.978521	0.00650744	0.0108921	0.000112197	0.00324252	0.00239537	0.991086	0.00322791	4.86864e-05	0.0104604	0.0156686	0.0148785	0.958866	0.00012641	1.9825e-05	2.54893e-05	2.97375e-05	1.55768e-05	0.999909
17	0.962855	0.0126626	0.0159831	0.00835089	0.00014868	0.00313309	0.9794	0.00737308	0.00999962	9.38051e-05	0.00401956	0.00186735	0.990505	0.00354481	6.33002e-05	0.0107885	0.0185477	0.0165459	0.954029	8.85755e-05	4.22034e-05	3.28249e-05	5.15819e-05	1.87571e-05	0.999855
18	0.968821	0.00884768	0.013767	0.00831682	0.000247735	0.00309475	0.974496	0.00715524	0.0152323	2.19486e-05	0.00342049	0.00180395	0.992878	0.00189767	NA	0.0269098	0.0128107	0.0107292	0.949402	0.000148673	1.96665e-05	4.58884e-05	9.83323e-05	6.55549e-06	0.99983
19	0.967043	0.0111719	0.0161993	0.00547425	0.000111719	0.00190665	0.982764	0.00312691	0.0121263	7.6266e-05	0.00347281	0.00135524	0.993817	0.00110114	0.000254108	0.0455387	0.0166605	0.0141429	0.92351	0.000148093	NA	2.11171e-05	4.22342e-05	2.11171e-05	0.999916
20	0.96628	0.00991056	0.0175248	0.00616389	0.000120861	0.00121359	0.987517	0.00450763	0.00676144	NA	0.0025513	0.00155297	0.995008	0.00088741	NA	0.0222253	0.0150513	0.0111127	0.95154	7.03334e-05	NA	4.64727e-05	6.97091e-05	NA	0.999884
21	0.95679	0.0185185	0.0246914	NA	NA	NA	0.978417	0.00719424	0.0143885	NA	NA	NA	1	NA	NA	NA	0.0184211	0.00789474	0.973684	NA	NA	NA	NA	NA	1
22	NA	NA	NA	NA	NA	NA	NA	NA	NA	NA	NA	NA	NA	NA	NA	NA	NA	NA	NA	NA	NA	NA	NA	NA	NA
23	NA	NA	NA	NA	NA	NA	NA	NA	NA	NA	NA	NA	NA	NA	NA	NA	NA	NA	NA	NA	NA	NA	NA	NA	NA
24	0.991357	0.00198745	0.00545241	0.00112448	7.84519e-05	0.00147552	0.993555	0.00152846	0.00330173	0.00013895	0.00316949	0.00129955	0.993596	0.00185818	7.64441e-05	0.000687385	0.00543034	0.00145115	0.992324	0.000106927	4.35285e-05	4.73136e-05	7.19167e-05	7.38093e-05	0.999763
25	0.992509	0.00133683	0.00504465	0.000983706	0.000126116	0.000957051	0.994939	0.00114059	0.00285804	0.000104882	0.00312855	0.00126419	0.994318	0.00120034	8.93872e-05	0.000528828	0.00561073	0.00108345	0.9927	7.73894e-05	2.94488e-05	4.04921e-05	2.57677e-05	3.6811e-05	0.999867
26	0.993309	0.00130481	0.00463373	0.000652403	0.00010037	0.000744742	0.995541	0.00106776	0.00255725	8.97279e-05	0.00269801	0.00106918	0.99417	0.0019713	9.18826e-05	0.000377366	0.00529361	0.000880522	0.993407	4.19296e-05	6.21549e-05	6.73345e-05	6.99243e-05	0.000101002	0.9997
27	0.99231	0.00154023	0.00533657	0.000759268	5.42335e-05	0.000874485	0.994313	0.0014203	0.00329252	9.97735e-05	0.00290588	0.00113666	0.99492	0.000958744	7.90717e-05	0.00052208	0.00566208	0.00125548	0.992498	6.21523e-05	1.918e-05	2.23766e-05	3.83599e-05	2.71716e-05	0.999893
28	0.994031	0.0013947	0.00423989	0.000334728	NA	0.000742367	0.995514	0.00122652	0.00248531	3.22768e-05	0.00252125	0.00117368	0.99474	0.00147797	8.69395e-05	0.00053515	0.00549745	0.000875699	0.993043	4.865e-05	4.33155e-05	3.46524e-05	8.66311e-06	8.66311e-06	0.999905
29	0.993389	0.00145307	0.00456263	0.000552165	4.3592e-05	0.000702872	0.994205	0.00114022	0.00391266	3.90485e-05	0.00259423	0.0010259	0.995466	0.000854918	5.89598e-05	0.000485126	0.0110193	0.00122148	0.987196	7.79666e-05	1.9276e-05	1.71342e-05	1.49924e-05	2.35595e-05	0.999925
30	0.993696	0.00109496	0.00476012	0.000421492	2.74886e-05	0.000613925	0.994506	0.00110968	0.00373255	3.74696e-05	0.0026751	0.00098432	0.995569	0.000735516	3.63218e-05	0.000434942	0.0106872	0.00114102	0.987703	3.38916e-05	1.47543e-05	1.94135e-05	1.16481e-05	8.54196e-06	0.999946
31	0.994564	0.000945477	0.00401222	0.000466678	1.21215e-05	0.000580107	0.995245	0.00104285	0.00309167	4.02386e-05	0.00262962	0.00101317	0.995657	0.000670543	2.94282e-05	0.000362517	0.00546998	0.000902265	0.993225	4.02797e-05	1.03638e-05	1.1306e-05	1.03638e-05	6.59515e-06	0.999961
32	0.995077	0.000862222	0.003786	0.000252832	2.16096e-05	0.000480935	0.996591	0.000746236	0.00216481	1.69599e-05	0.00226907	0.000782507	0.996466	0.00046872	1.37282e-05	0.000304634	0.00416148	0.000768046	0.994744	2.21552e-05	4.48657e-06	7.8515e-06	1.19642e-05	4.86045e-06	0.999971
33	0.994841	0.000823439	0.00399764	0.000316822	2.09222e-05	0.000354878	0.99685	0.00074008	0.00204239	1.31133e-05	0.00199007	0.000704527	0.996888	0.000399801	1.78773e-05	0.000253293	0.00776624	0.00081898	0.991138	2.39221e-05	5.02657e-06	6.14358e-06	8.09836e-06	4.1888e-06	0.999977
34	0.995034	0.000766054	0.00391064	0.000270611	1.83121e-05	0.000433178	0.996447	0.000812138	0.0022886	1.88338e-05	0.00230165	0.000859619	0.996345	0.00047364	1.9735e-05	0.000273313	0.00410614	0.000756767	0.994846	1.8049e-05	5.34662e-06	6.26845e-06	6.26845e-06	4.42479e-06	0.999978
35	0.994305	0.00074901	0.00465186	0.000281931	1.26238e-05	0.000456286	0.996421	0.000804442	0.00230044	1.78237e-05	0.00232534	0.000937911	0.996276	0.000431579	2.89048e-05	0.000342507	0.00511367	0.000843378	0.993671	2.9463e-05	7.52172e-06	5.73083e-06	6.44719e-06	3.58177e-06	0.999977
36	0.994024	0.000885663	0.00472487	0.000349744	1.59579e-05	0.000543895	0.995405	0.00103226	0.00299408	2.51028e-05	0.00270444	0.0010233	0.995747	0.000506935	1.82732e-05	0.00036794	0.00622521	0.000856145	0.99252	3.09593e-05	6.10798e-06	8.07126e-06	1.00345e-05	3.92656e-06	0.999972
37	0.993629	0.000905841	0.00511175	0.000330198	2.30103e-05	0.000441228	0.996198	0.000888535	0.00245809	1.42535e-05	0.00244254	0.000892723	0.99619	0.000448559	2.61273e-05	0.000279616	0.00566512	0.000887045	0.993151	1.67496e-05	4.58444e-06	9.09943e-06	6.87667e-06	5.69582e-06	0.999974
38	0.993911	0.000928565	0.00481457	0.00032376	2.17348e-05	0.000548155	0.995665	0.00104393	0.00272044	2.28343e-05	0.00269206	0.00102084	0.995771	0.000494571	2.1242e-05	0.00033015	0.00503933	0.000940491	0.993665	2.49025e-05	6.06124e-06	1.22064e-05	9.27013e-06	5.66275e-06	0.999967
39	0.993088	0.000938166	0.00563092	0.000314007	2.90877e-05	0.000398714	0.996133	0.000927235	0.00252462	1.64658e-05	0.0024972	0.000878936	0.996165	0.000444513	1.4493e-05	0.000303005	0.00502583	0.000974044	0.99368	1.71863e-05	5.5972e-06	1.02858e-05	6.97833e-06	8.94099e-06	0.999968
40	0.987013	NA	0.012987	NA	NA	NA	0.99	NA	0.01	NA	NA	0.0175439	0.982456	NA	NA	NA	NA	0.00757576	0.984848	0.00757576	NA	NA	NA	NA	1
