quality	AA	AC	AG	AT	A.	CA	CC	CG	CT	C.	GA	GC	GG	GT	G.	TA	TC	TG	TT	T.	.A	.C	.G	.T	..
0	NA	NA	NA	NA	NA	NA	NA	NA	NA	NA	NA	NA	NA	NA	NA	NA	NA	NA	NA	NA	NA	NA	NA	NA	NA
1	NA	NA	NA	NA	NA	NA	NA	NA	NA	NA	NA	NA	NA	NA	NA	NA	NA	NA	NA	NA	NA	NA	NA	NA	NA
2	NA	NA	NA	NA	NA	NA	NA	NA	NA	NA	NA	NA	NA	NA	NA	NA	NA	NA	NA	NA	NA	NA	NA	NA	NA
3	NA	NA	NA	NA	NA	NA	NA	NA	NA	NA	NA	NA	NA	NA	NA	NA	NA	NA	NA	NA	NA	NA	NA	NA	NA
4	NA	NA	NA	NA	NA	NA	NA	NA	NA	NA	NA	NA	NA	NA	NA	NA	NA	NA	NA	NA	NA	NA	NA	NA	NA
5	NA	NA	NA	NA	NA	NA	NA	NA	NA	NA	NA	NA	NA	NA	NA	NA	NA	NA	NA	NA	NA	NA	NA	NA	NA
6	NA	NA	NA	NA	NA	NA	NA	NA	NA	NA	NA	NA	NA	NA	NA	NA	NA	NA	NA	NA	NA	NA	NA	NA	NA
7	NA	NA	NA	NA	NA	NA	NA	NA	NA	NA	NA	NA	NA	NA	NA	NA	NA	NA	NA	NA	NA	NA	NA	NA	NA
8	NA	NA	NA	NA	NA	NA	NA	NA	NA	NA	NA	NA	NA	NA	NA	NA	NA	NA	NA	NA	NA	NA	NA	NA	NA
9	NA	NA	NA	NA	NA	NA	NA	NA	NA	NA	NA	NA	NA	NA	NA	NA	NA	NA	NA	NA	NA	NA	NA	NA	NA
10	NA	NA	NA	NA	NA	NA	NA	NA	NA	NA	NA	NA	NA	NA	NA	NA	NA	NA	NA	NA	NA	NA	NA	NA	NA
11	NA	NA	NA	NA	NA	NA	NA	NA	NA	NA	NA	NA	NA	NA	NA	NA	NA	NA	NA	NA	NA	NA	NA	NA	NA
12	0.961456	0.0126618	0.0102333	0.0153949	0.000253783	0.0325749	0.905969	0.0234856	0.0372449	0.000725686	0.0264705	0.0175167	0.901095	0.0543275	0.000590268	0.00770667	0.0147231	0.011422	0.965914	0.000234081	9.7458e-05	6.56782e-05	5.43787e-05	0.000112995	0.999669
13	0.953133	0.0157295	0.0145914	0.0162305	0.000315455	0.0248359	0.915947	0.0293258	0.0293596	0.000532198	0.0116576	0.00978235	0.951361	0.0268959	0.000302699	0.0064109	0.0163629	0.0135089	0.963501	0.000216692	8.97564e-05	8.3928e-05	7.92654e-05	0.000101413	0.999646
14	0.949767	0.0175043	0.0160247	0.0164022	0.000301954	0.0180872	0.937935	0.0185127	0.0251527	0.000312702	0.00941751	0.00754517	0.962232	0.0206183	0.000187083	0.00790986	0.0199877	0.0201976	0.951679	0.000225996	4.70109e-05	5.69662e-05	6.69214e-05	4.36925e-05	0.999785
15	0.938188	0.0219664	0.023985	0.0157331	0.00012755	0.0103909	0.957473	0.0139523	0.0179848	0.000199267	0.00537551	0.00518495	0.979832	0.00948059	0.000127043	0.00915739	0.0235646	0.0255333	0.941481	0.000263486	3.30038e-05	4.2905e-05	7.59088e-05	3.19037e-05	0.999816
16	0.940328	0.021701	0.0239765	0.0138321	0.000162533	0.00798738	0.966955	0.0107386	0.0142181	0.000101149	0.00381905	0.00415792	0.986597	0.00538779	3.80762e-05	0.0101524	0.0210221	0.0226561	0.946055	0.000114575	1.96693e-05	2.5133e-05	3.93386e-05	1.42056e-05	0.999902
17	0.931296	0.0196588	0.0392972	0.00954273	0.00020478	0.00476652	0.971045	0.00773954	0.0163839	6.46308e-05	0.00465807	0.00318792	0.988517	0.0035748	6.19013e-05	0.0126839	0.0249739	0.0234736	0.938566	0.000303081	2.90166e-05	4.55976e-05	2.90166e-05	2.48714e-05	0.999871
18	0.92543	0.0160732	0.0489978	0.00936485	0.000134167	0.00432916	0.974625	0.00660288	0.0143517	9.09488e-05	0.00435602	0.0036842	0.988709	0.00309906	0.000151702	0.0188475	0.0161277	0.0169776	0.947941	0.000106243	1.7105e-05	4.56134e-05	3.99117e-05	2.28067e-05	0.999875
19	0.969065	0.00882218	0.0168423	0.00515582	0.000114574	0.00252295	0.986404	0.00357418	0.00749877	NA	0.00323342	0.00104868	0.99432	0.00139823	NA	0.00291171	0.0179841	0.0155006	0.963432	0.000171277	2.1691e-05	NA	4.33821e-05	4.33821e-05	0.999892
20	0.854474	0.00856642	0.129322	0.00763753	NA	0.00219127	0.975505	0.00320864	0.0190171	7.82595e-05	0.00472943	0.00175979	0.992961	0.000549934	NA	0.062174	0.0188718	0.0135877	0.905298	6.86248e-05	NA	NA	4.33623e-05	4.33623e-05	0.999913
21	0.934911	0.00591716	0.035503	0.0236686	NA	NA	0.99505	NA	0.0049505	NA	0.0121951	0.0121951	0.97561	NA	NA	0.00273973	0.0109589	0.00821918	0.978082	NA	NA	NA	NA	NA	1
22	NA	NA	NA	NA	NA	NA	NA	NA	NA	NA	NA	NA	NA	NA	NA	NA	NA	NA	NA	NA	NA	NA	NA	NA	NA
23	NA	NA	NA	NA	NA	NA	NA	NA	NA	NA	NA	NA	NA	NA	NA	NA	NA	NA	NA	NA	NA	NA	NA	NA	NA
24	0.990639	0.0022206	0.00537734	0.00164368	0.000119738	0.00212971	0.992173	0.00169728	0.00384861	0.00015135	0.00345201	0.00169659	0.991341	0.00332452	0.00018633	0.00111782	0.00619203	0.00166657	0.990956	6.77465e-05	6.68691e-05	6.68691e-05	5.254e-05	8.43824e-05	0.999729
25	0.991367	0.00217433	0.00510215	0.00133474	2.15281e-05	0.00115632	0.994317	0.0011345	0.00328352	0.000109087	0.00281545	0.00122504	0.993445	0.00236412	0.000150444	0.000885915	0.00600324	0.00141047	0.991595	0.000104911	5.36586e-05	4.41894e-05	6.62841e-05	6.31277e-05	0.999773
26	0.992982	0.00141083	0.00460629	0.000928494	7.23502e-05	0.000911304	0.995085	0.001048	0.00283806	0.000117168	0.00265185	0.00114091	0.993247	0.00278136	0.000178846	0.000549912	0.0052006	0.00105269	0.993126	7.0703e-05	0.000104626	7.60918e-05	6.27757e-05	7.98964e-05	0.999677
27	0.992026	0.00184083	0.0049733	0.0010984	6.10221e-05	0.00118086	0.993619	0.0015523	0.00358693	6.09834e-05	0.00308822	0.00116773	0.994388	0.00128354	7.23802e-05	0.000966196	0.00618616	0.00166261	0.991129	5.6466e-05	4.02998e-05	2.32499e-05	3.09999e-05	3.87498e-05	0.999867
28	0.99396	0.0013589	0.00422769	0.000452967	NA	0.00103462	0.995023	0.00111851	0.00279626	2.79626e-05	0.00287847	0.000748402	0.99432	0.00199574	5.75694e-05	0.000380003	0.00557338	0.00097112	0.993033	4.22226e-05	3.04449e-05	1.52224e-05	7.61122e-06	3.04449e-05	0.999916
29	0.994251	0.00127043	0.00382205	0.000635215	2.15327e-05	0.000758212	0.995124	0.00108483	0.00301535	1.74972e-05	0.00232213	0.00109277	0.995488	0.00105509	4.23918e-05	0.00130031	0.00739235	0.00132186	0.989957	2.8736e-05	1.39985e-05	2.09978e-05	2.62472e-05	3.67461e-05	0.999902
30	0.991798	0.00118255	0.00660476	0.000384042	3.04192e-05	0.000614736	0.995476	0.00107642	0.00281775	1.50548e-05	0.00267015	0.00107331	0.995392	0.000836985	2.78995e-05	0.00088938	0.00599565	0.00118073	0.991888	4.60024e-05	8.23983e-06	1.30464e-05	1.44197e-05	7.55318e-06	0.999957
31	0.994329	0.000919506	0.00435766	0.000365518	2.85561e-05	0.000676323	0.995455	0.000980359	0.0028387	4.96384e-05	0.00263332	0.00114357	0.995461	0.000739042	2.33382e-05	0.00074632	0.00537655	0.00118802	0.992651	3.80775e-05	9.66005e-06	1.14164e-05	1.4051e-05	6.1473e-06	0.999959
32	0.994677	0.000845406	0.00418253	0.00027624	1.85396e-05	0.000480606	0.996314	0.000765605	0.00242091	1.89298e-05	0.00211565	0.000814114	0.996568	0.000490032	1.21639e-05	0.00179677	0.00512063	0.000779262	0.992282	2.15083e-05	7.28015e-06	8.93473e-06	1.42294e-05	3.30916e-06	0.999966
33	0.993945	0.000756476	0.00497889	0.000293355	2.58044e-05	0.000359447	0.996822	0.000709926	0.00209615	1.27039e-05	0.00200609	0.000718553	0.996866	0.000389341	2.02939e-05	0.000514169	0.00776157	0.000836188	0.99087	1.85525e-05	8.46438e-06	8.46438e-06	8.46438e-06	5.38642e-06	0.999969
34	0.994343	0.000791204	0.00454772	0.000301689	1.65442e-05	0.000457202	0.996448	0.0008421	0.00223436	1.79401e-05	0.00238515	0.000914829	0.996225	0.000453456	2.19911e-05	0.000384893	0.00439366	0.000803032	0.99439	2.81317e-05	4.72843e-06	8.40609e-06	1.2434e-05	5.07868e-06	0.999969
35	0.994143	0.000894722	0.00465872	0.000280046	2.37327e-05	0.000468466	0.996027	0.000975625	0.0025123	1.65829e-05	0.0024886	0.000979932	0.996054	0.00045766	1.93833e-05	0.000420171	0.00681278	0.00088236	0.991843	4.20171e-05	6.6549e-06	5.48051e-06	1.25269e-05	1.17439e-06	0.999974
36	0.993966	0.000871925	0.00478978	0.000353937	1.80844e-05	0.000563844	0.995505	0.00102259	0.00289133	1.6877e-05	0.00274237	0.00107338	0.99566	0.000508259	1.64144e-05	0.000484957	0.0067954	0.000975917	0.99172	2.40078e-05	6.28456e-06	1.14856e-05	1.77701e-05	4.9843e-06	0.999959
37	0.993701	0.00090829	0.00505612	0.00030771	2.65536e-05	0.000412824	0.996216	0.000911224	0.00244383	1.61259e-05	0.00246613	0.000883187	0.996171	0.000452665	2.69234e-05	0.000321292	0.00600873	0.000931121	0.992715	2.36962e-05	6.19086e-06	8.68144e-06	1.30933e-05	7.04477e-06	0.999965
38	0.99393	0.000930543	0.00480734	0.000311763	2.05645e-05	0.000549997	0.99568	0.00102955	0.00271691	2.35059e-05	0.00268556	0.00102124	0.995771	0.000499614	2.23612e-05	0.000399805	0.00529698	0.000934085	0.993342	2.69266e-05	6.92385e-06	1.06588e-05	1.37167e-05	5.46045e-06	0.999963
39	0.993203	0.0009499	0.00550135	0.000313162	3.27552e-05	0.000395381	0.996174	0.000919923	0.00249526	1.57982e-05	0.00250388	0.000879926	0.996122	0.000476513	1.80807e-05	0.000352117	0.00529134	0.000988918	0.993346	2.16112e-05	7.36156e-06	9.75118e-06	1.29887e-05	8.47929e-06	0.999961
40	0.982759	NA	0.0172414	NA	NA	NA	1	NA	NA	NA	NA	NA	1	NA	NA	NA	0.0185185	NA	0.981481	NA	NA	NA	NA	NA	1
