seq_id	position	insert_position	reference_base	major_base	minor_base	major_frequency	major_top_strand	major_bot_strand	minor_top_strand	minor_bot_strand	major_quals	minor_quals	
CU458896	611642	0	G	G	.	0.555556	3	2	2	2	34,34,26,34,34	34,34,34,34	
CU458896	639298	1	.	G	.	0.666667	1	1	0	1	34,34	34	
CU458896	1187509	0	A	T	A	0.8	2	2	0	1	34,34,34,34	34	
CU458896	1187531	0	C	T	C	0.8	2	2	0	1	34,34,12,34	34	
CU458896	1513212	0	G	G	T	0.571429	4	4	3	3	12,34,34,34,34,34,34,34	34,34,34,34,34,34	
CU458896	2442205	1	.	.	G	0.833333	9	11	2	2	34,34,34,34,34,34,34,34,34,34,12,34,34,34,34,34,34,34,34,34	34,34,34,26	
CU458896	2442214	1	.	.	G	0.833333	9	11	2	2	34,34,34,34,34,34,26,34,34,34,34,34,34,34,34,34,34,34,12,34	34,12,34,34	
CU458896	2519016	0	G	G	A	0.684211	5	8	3	3	34,34,34,34,34,34,34,26,34,12,34,34,34	34,34,34,34,34,34	
CU458896	2732646	0	G	A	G	0.818182	4	5	1	1	34,34,34,34,34,34,34,34,34	34,34	
CU458896	4070019	0	C	C	T	0.6	3	6	3	3	34,34,34,34,34,34,34,34,34	34,34,34,34,34,34	
CU458896	4635094	1	.	G	.	0.5	1	1	1	1	34,34	34,26	
CU458896	4641671	0	C	T	C	0.75	4	2	1	1	34,34,34,34,34,34	34,34	
CU458896	5030984	0	G	A	G	0.666667	2	2	1	1	34,34,34,34	34,34	
