quality	AA	AC	AG	AT	A.	CA	CC	CG	CT	C.	GA	GC	GG	GT	G.	TA	TC	TG	TT	T.	.A	.C	.G	.T	..
0	NA	NA	NA	NA	NA	NA	NA	NA	NA	NA	NA	NA	NA	NA	NA	NA	NA	NA	NA	NA	NA	NA	NA	NA	NA
1	NA	NA	NA	NA	NA	NA	NA	NA	NA	NA	NA	NA	NA	NA	NA	NA	NA	NA	NA	NA	NA	NA	NA	NA	NA
2	NA	NA	NA	NA	NA	NA	NA	NA	NA	NA	NA	NA	NA	NA	NA	NA	NA	NA	NA	NA	NA	NA	NA	NA	NA
3	NA	NA	NA	NA	NA	NA	NA	NA	NA	NA	NA	NA	NA	NA	NA	NA	NA	NA	NA	NA	NA	NA	NA	NA	NA
4	NA	NA	NA	NA	NA	NA	NA	NA	NA	NA	NA	NA	NA	NA	NA	NA	NA	NA	NA	NA	NA	NA	NA	NA	NA
5	NA	NA	NA	NA	NA	NA	NA	NA	NA	NA	NA	NA	NA	NA	NA	NA	NA	NA	NA	NA	NA	NA	NA	NA	NA
6	NA	NA	NA	NA	NA	NA	NA	NA	NA	NA	NA	NA	NA	NA	NA	NA	NA	NA	NA	NA	NA	NA	NA	NA	NA
7	NA	NA	NA	NA	NA	NA	NA	NA	NA	NA	NA	NA	NA	NA	NA	NA	NA	NA	NA	NA	NA	NA	NA	NA	NA
8	NA	NA	NA	NA	NA	NA	NA	NA	NA	NA	NA	NA	NA	NA	NA	NA	NA	NA	NA	NA	NA	NA	NA	NA	NA
9	NA	NA	NA	NA	NA	NA	NA	NA	NA	NA	NA	NA	NA	NA	NA	NA	NA	NA	NA	NA	NA	NA	NA	NA	NA
10	NA	NA	NA	NA	NA	NA	NA	NA	NA	NA	NA	NA	NA	NA	NA	NA	NA	NA	NA	NA	NA	NA	NA	NA	NA
11	NA	NA	NA	NA	NA	NA	NA	NA	NA	NA	NA	NA	NA	NA	NA	NA	NA	NA	NA	NA	NA	NA	NA	NA	NA
12	0.943254	0.0237224	0.00856276	0.0243382	0.000122368	0.0251556	0.93563	0.0254925	0.0134916	0.000229911	0.0167128	0.0148851	0.944184	0.0239628	0.000255545	0.0242874	0.010929	0.0119738	0.952696	0.000113844	4.1684e-05	3.89417e-05	2.74237e-05	3.61993e-05	0.999856
13	0.9587	0.0143121	0.0147224	0.0119776	0.000288349	0.0199743	0.935377	0.0220986	0.0222466	0.000304035	0.0133833	0.00989532	0.953787	0.022681	0.000253541	0.00737576	0.0203259	0.0126206	0.959425	0.000252632	5.40586e-05	6.53208e-05	7.54568e-05	7.88355e-05	0.999726
14	0.960868	0.0144057	0.0125098	0.0120315	0.000184754	0.016594	0.943916	0.0125272	0.0267686	0.000194075	0.011696	0.00760274	0.961822	0.0187293	0.00015001	0.0192666	0.0203741	0.0135505	0.946624	0.000184959	3.02353e-05	4.41365e-05	4.58742e-05	4.17038e-05	0.999838
15	0.953594	0.0186393	0.0149258	0.0126677	0.000172949	0.0102846	0.960498	0.0108403	0.0182876	8.99983e-05	0.00748488	0.00543321	0.977807	0.00917318	0.000101347	0.0117479	0.0234434	0.0194879	0.945111	0.000209285	2.35852e-05	3.81525e-05	4.64767e-05	2.98283e-05	0.999862
16	0.959753	0.0167124	0.0132556	0.0101646	0.000114779	0.008526	0.967064	0.00821867	0.0161019	8.95625e-05	0.00553302	0.00423114	0.984803	0.00537446	5.8418e-05	0.0164226	0.019399	0.0136859	0.950358	0.000134837	1.79962e-05	2.53072e-05	2.86815e-05	2.02458e-05	0.999908
17	0.96024	0.0164798	0.0160885	0.00700937	0.000182626	0.00434249	0.973153	0.00710798	0.0152901	0.000106658	0.00624621	0.00351645	0.98584	0.00435032	4.72006e-05	0.0170434	0.0229984	0.0149297	0.944762	0.000266852	2.32762e-05	3.29747e-05	2.90953e-05	7.75875e-06	0.999907
18	0.968936	0.0116967	0.0129355	0.00630099	0.000131023	0.0044432	0.967742	0.00551364	0.022216	8.4956e-05	0.00471189	0.00275033	0.990151	0.00234557	4.15144e-05	0.0470488	0.0158405	0.00968597	0.927323	0.000101958	2.58878e-05	1.81214e-05	3.36541e-05	3.10653e-05	0.999891
19	0.969931	0.00873329	0.0155514	0.00566898	0.000114912	0.00242227	0.978506	0.00334212	0.0156681	6.13234e-05	0.0043184	0.00249138	0.990657	0.00253291	NA	0.0444961	0.0189352	0.0126627	0.923788	0.000117793	8.56942e-06	8.56942e-06	8.56942e-06	2.57083e-05	0.999949
20	0.967028	0.00894791	0.0183861	0.0053524	0.000286006	0.00247945	0.979417	0.00271721	0.0152843	0.000101895	0.00551421	0.0032657	0.98956	0.00160608	5.35361e-05	0.0454699	0.0167288	0.0082341	0.929411	0.000156344	2.70465e-05	4.50775e-05	5.4093e-05	9.01551e-06	0.999865
21	0.951076	0.00587084	0.0293542	0.0136986	NA	NA	0.995736	NA	0.0021322	0.0021322	NA	NA	0.992958	0.00704225	NA	0.00371402	0.0111421	0.00557103	0.979573	NA	NA	NA	NA	NA	1
22	NA	NA	NA	NA	NA	NA	NA	NA	NA	NA	NA	NA	NA	NA	NA	NA	NA	NA	NA	NA	NA	NA	NA	NA	NA
23	NA	NA	NA	NA	NA	NA	NA	NA	NA	NA	NA	NA	NA	NA	NA	NA	NA	NA	NA	NA	NA	NA	NA	NA	NA
24	0.988587	0.00294497	0.00716727	0.0012182	8.27903e-05	0.00202242	0.991031	0.00217443	0.00465949	0.000112357	0.00465248	0.00204902	0.990291	0.00285657	0.000150663	0.00124664	0.00847878	0.00208573	0.988093	9.58957e-05	4.36732e-05	6.45604e-05	6.64592e-05	4.93697e-05	0.999776
25	0.98902	0.00224427	0.00749328	0.00107577	0.000166929	0.00115157	0.992251	0.00190493	0.00463855	5.38115e-05	0.00444591	0.0018921	0.991542	0.00201617	0.000103393	0.000896027	0.00863135	0.00186011	0.988499	0.000113421	4.22222e-05	4.8254e-05	3.61905e-05	8.44444e-05	0.999789
26	0.98877	0.00204031	0.00786059	0.00126271	6.62438e-05	0.00113235	0.992529	0.00213461	0.0041561	4.75112e-05	0.00416733	0.00177095	0.992949	0.001069	4.32479e-05	0.00103178	0.00861912	0.00163122	0.988664	5.36587e-05	2.2657e-05	2.64822e-05	2.05973e-05	2.00088e-05	0.99991
27	0.989318	0.00201344	0.00769981	0.00088777	8.12338e-05	0.00128877	0.991271	0.00186907	0.00550397	6.76426e-05	0.00475808	0.00190869	0.991749	0.00150814	7.58622e-05	0.00106931	0.00989214	0.0015787	0.987359	0.000101099	3.46274e-05	3.07799e-05	3.17418e-05	4.13605e-05	0.999861
28	0.989696	0.00203173	0.00730457	0.000919118	4.83746e-05	0.000754239	0.993152	0.00178	0.00428408	3.01696e-05	0.0041762	0.00195833	0.991836	0.00198193	4.71887e-05	0.000504377	0.0115647	0.00176532	0.986058	0.000108081	8.07044e-06	NA	1.61409e-05	1.61409e-05	0.99996
29	0.990645	0.00167184	0.00695416	0.000658066	7.11423e-05	0.000944003	0.991426	0.00151677	0.00607061	4.24271e-05	0.00422252	0.00163674	0.993021	0.00107007	4.95149e-05	0.000866676	0.0208447	0.00139261	0.976829	6.66674e-05	1.06255e-05	2.02851e-05	2.99447e-05	2.02851e-05	0.999919
30	0.990637	0.00164654	0.007062	0.000602186	5.26387e-05	0.000899758	0.991565	0.00167655	0.00582443	3.44907e-05	0.00443491	0.00172395	0.992816	0.000985992	3.89477e-05	0.000795039	0.0224664	0.00159875	0.975102	3.75837e-05	1.26798e-05	2.33144e-05	2.00422e-05	1.30888e-05	0.999931
31	0.990956	0.00163951	0.00673063	0.000597393	7.63336e-05	0.00092986	0.991866	0.00168968	0.00546939	4.52015e-05	0.00453915	0.00173081	0.992753	0.000944695	3.2529e-05	0.000803178	0.00941477	0.00152556	0.988199	5.70304e-05	7.0295e-06	1.6988e-05	1.28874e-05	1.05443e-05	0.999953
32	0.992489	0.00121939	0.00581476	0.000443136	3.36172e-05	0.000681857	0.994483	0.00132697	0.00348899	1.8681e-05	0.0033634	0.00127801	0.994646	0.000685157	2.7386e-05	0.000488207	0.00653292	0.00110869	0.991839	3.13288e-05	6.28792e-06	1.04799e-05	9.52716e-06	8.3839e-06	0.999965
33	0.992034	0.00121116	0.00624468	0.000471129	3.92607e-05	0.000613994	0.994595	0.00126642	0.00349609	2.81805e-05	0.00321815	0.00124068	0.994912	0.000605333	2.36722e-05	0.000462228	0.0165833	0.00117153	0.981735	4.78885e-05	5.60555e-06	1.09236e-05	1.20735e-05	7.1866e-06	0.999964
34	0.990207	0.00144513	0.00775818	0.000537645	5.16453e-05	0.000792689	0.993309	0.00163613	0.00422845	3.32566e-05	0.00423636	0.00163161	0.993297	0.000800459	3.4106e-05	0.000537894	0.00789134	0.00143115	0.990086	5.32965e-05	9.68957e-06	1.37164e-05	1.49608e-05	9.8993e-06	0.999952
35	0.990408	0.00157009	0.00742604	0.000553258	4.2947e-05	0.000791104	0.993292	0.0016472	0.00424597	2.32678e-05	0.00413356	0.00158947	0.993472	0.000774343	3.02632e-05	0.000572307	0.0105573	0.00126516	0.987562	4.28103e-05	1.11682e-05	1.34475e-05	1.4815e-05	5.92601e-06	0.999955
36	0.990226	0.00153528	0.00763602	0.000546984	5.53199e-05	0.000923119	0.992088	0.001782	0.00516825	3.87831e-05	0.00470746	0.00175761	0.992618	0.000878511	3.80815e-05	0.000606598	0.0101401	0.00144815	0.987744	6.16363e-05	1.15024e-05	1.87325e-05	1.70893e-05	8.98286e-06	0.999944
37	0.98967	0.00144314	0.00826791	0.000560061	5.89038e-05	0.000703688	0.993354	0.00161376	0.00429809	3.06457e-05	0.00406022	0.00161393	0.993529	0.000768348	2.88761e-05	0.000540012	0.00965186	0.00144779	0.988298	6.23331e-05	1.05782e-05	1.33498e-05	1.48742e-05	9.5158e-06	0.999952
38	0.989934	0.00152528	0.00793063	0.00055335	5.64893e-05	0.000930884	0.992694	0.00177117	0.00456333	4.07191e-05	0.00458222	0.001744	0.99278	0.000857347	3.65803e-05	0.000604868	0.00838032	0.00149989	0.989458	5.70024e-05	1.0639e-05	1.57899e-05	1.67666e-05	9.7786e-06	0.999947
39	0.988727	0.00147032	0.00915568	0.000580788	6.61341e-05	0.00067744	0.993338	0.00163749	0.00431023	3.65491e-05	0.00411393	0.00156254	0.993558	0.00072076	4.52669e-05	0.000531305	0.00832502	0.00150562	0.989569	6.91218e-05	1.37477e-05	1.54526e-05	1.81913e-05	1.49448e-05	0.999938
40	0.977528	0.00374532	0.0187266	NA	NA	NA	0.991667	NA	0.00833333	NA	0.00806452	0.00806452	0.983871	NA	NA	NA	0.00537634	NA	0.994624	NA	NA	NA	NA	NA	1
