quality	AA	AC	AG	AT	A.	CA	CC	CG	CT	C.	GA	GC	GG	GT	G.	TA	TC	TG	TT	T.	.A	.C	.G	.T	..
0	NA	NA	NA	NA	NA	NA	NA	NA	NA	NA	NA	NA	NA	NA	NA	NA	NA	NA	NA	NA	NA	NA	NA	NA	NA
1	NA	NA	NA	NA	NA	NA	NA	NA	NA	NA	NA	NA	NA	NA	NA	NA	NA	NA	NA	NA	NA	NA	NA	NA	NA
2	NA	NA	NA	NA	NA	NA	NA	NA	NA	NA	NA	NA	NA	NA	NA	NA	NA	NA	NA	NA	NA	NA	NA	NA	NA
3	NA	NA	NA	NA	NA	NA	NA	NA	NA	NA	NA	NA	NA	NA	NA	NA	NA	NA	NA	NA	NA	NA	NA	NA	NA
4	NA	NA	NA	NA	NA	NA	NA	NA	NA	NA	NA	NA	NA	NA	NA	NA	NA	NA	NA	NA	NA	NA	NA	NA	NA
5	NA	NA	NA	NA	NA	NA	NA	NA	NA	NA	NA	NA	NA	NA	NA	NA	NA	NA	NA	NA	NA	NA	NA	NA	NA
6	NA	NA	NA	NA	NA	NA	NA	NA	NA	NA	NA	NA	NA	NA	NA	NA	NA	NA	NA	NA	NA	NA	NA	NA	NA
7	NA	NA	NA	NA	NA	NA	NA	NA	NA	NA	NA	NA	NA	NA	NA	NA	NA	NA	NA	NA	NA	NA	NA	NA	NA
8	NA	NA	NA	NA	NA	NA	NA	NA	NA	NA	NA	NA	NA	NA	NA	NA	NA	NA	NA	NA	NA	NA	NA	NA	NA
9	NA	NA	NA	NA	NA	NA	NA	NA	NA	NA	NA	NA	NA	NA	NA	NA	NA	NA	NA	NA	NA	NA	NA	NA	NA
10	NA	NA	NA	NA	NA	NA	NA	NA	NA	NA	NA	NA	NA	NA	NA	NA	NA	NA	NA	NA	NA	NA	NA	NA	NA
11	NA	NA	NA	NA	NA	NA	NA	NA	NA	NA	NA	NA	NA	NA	NA	NA	NA	NA	NA	NA	NA	NA	NA	NA	NA
12	0.935782	0.0270686	0.00982911	0.0271995	0.000120996	0.0181229	0.949132	0.0203726	0.0121954	0.000176957	0.0149511	0.0147439	0.949333	0.0207438	0.000228196	0.0216827	0.0110485	0.016318	0.950831	0.000120137	3.5662e-05	3.06568e-05	3.12824e-05	3.50363e-05	0.999867
13	0.959791	0.0120303	0.0152191	0.012788	0.000171297	0.0181364	0.937346	0.022315	0.021854	0.000348212	0.0123433	0.00856913	0.958213	0.0206837	0.000190613	0.00503202	0.0185788	0.01019	0.96601	0.000188937	4.93224e-05	6.53189e-05	7.86493e-05	5.99867e-05	0.999747
14	0.961905	0.010942	0.0158311	0.0111823	0.000139987	0.0134573	0.954046	0.0118071	0.0205264	0.000162846	0.0114457	0.00559279	0.969482	0.0133791	0.000100304	0.00466958	0.0182541	0.0103864	0.966489	0.000201391	2.53927e-05	3.0388e-05	3.74646e-05	3.28856e-05	0.999874
15	0.950768	0.0132577	0.025536	0.0102563	0.000181667	0.00783415	0.970202	0.00862562	0.0132467	9.16438e-05	0.0155162	0.00392732	0.975062	0.00542852	6.62717e-05	0.00430025	0.0204603	0.0154263	0.959694	0.000119451	1.42333e-05	2.76293e-05	3.93508e-05	2.76293e-05	0.999891
16	0.952489	0.0113497	0.0282546	0.00777105	0.000135239	0.00595955	0.977307	0.0066182	0.0100541	6.1112e-05	0.0118867	0.00305596	0.98149	0.00351355	5.35194e-05	0.00301124	0.0166441	0.0101246	0.970107	0.000112962	1.65175e-05	2.72897e-05	1.93901e-05	2.44171e-05	0.999912
17	0.946348	0.0128004	0.034441	0.00622441	0.000186112	0.00552618	0.978489	0.00663319	0.0092723	7.97046e-05	0.0146463	0.00321359	0.979154	0.00292757	5.88879e-05	0.00295202	0.0204045	0.0123015	0.96416	0.000181796	2.70356e-05	3.15415e-05	3.15415e-05	3.60474e-05	0.999874
18	0.918227	0.00915717	0.0664965	0.00594788	0.000171162	0.00567316	0.97862	0.00640486	0.0091813	0.000120279	0.0169226	0.00297305	0.97816	0.00186914	7.52672e-05	0.00208271	0.0146385	0.00804522	0.975079	0.000154716	9.25298e-06	2.77589e-05	2.77589e-05	1.54216e-05	0.99992
19	0.966442	0.00881647	0.0179561	0.00669313	9.23191e-05	0.0023732	0.984981	0.00450909	0.00803499	0.000101709	0.00584795	0.00220423	0.990463	0.00148448	NA	0.00277195	0.0197235	0.0131135	0.964178	0.000213227	2.95639e-05	1.97093e-05	1.97093e-05	1.97093e-05	0.999911
20	0.827632	0.00829892	0.158537	0.0053378	0.00019481	0.00515169	0.984545	0.00397109	0.00633228	NA	0.0247925	0.00237881	0.97193	0.0008458	5.28625e-05	0.00215733	0.0179575	0.00799125	0.971772	0.00012154	9.48704e-06	1.89741e-05	2.84611e-05	2.84611e-05	0.999915
21	0.961089	0.0136187	0.0155642	0.00972763	NA	0.00221729	0.988914	0.00221729	0.00665188	NA	NA	NA	1	NA	NA	0.00211864	0.0148305	0.00529661	0.977754	NA	NA	NA	NA	NA	1
22	NA	NA	NA	NA	NA	NA	NA	NA	NA	NA	NA	NA	NA	NA	NA	NA	NA	NA	NA	NA	NA	NA	NA	NA	NA
23	NA	NA	NA	NA	NA	NA	NA	NA	NA	NA	NA	NA	NA	NA	NA	NA	NA	NA	NA	NA	NA	NA	NA	NA	NA
24	0.989362	0.00242929	0.0071277	0.00104112	4.00432e-05	0.0015489	0.991706	0.0019671	0.00466993	0.000108423	0.00430317	0.00200723	0.99182	0.00172539	0.000144356	0.000976753	0.0079754	0.0018261	0.989128	9.34286e-05	5.78102e-05	3.6399e-05	4.71046e-05	7.06569e-05	0.999788
25	0.989051	0.00179095	0.00834419	0.000712309	0.000101758	0.00115548	0.993067	0.00180545	0.0039118	6.01815e-05	0.00418681	0.00195688	0.992605	0.0011491	0.000102395	0.000595456	0.00788979	0.00137413	0.990095	4.58043e-05	2.27779e-05	3.57939e-05	4.55559e-05	5.53178e-05	0.999841
26	0.987997	0.00229395	0.00833639	0.00132348	4.95862e-05	0.000924725	0.992983	0.00198105	0.00407624	3.49392e-05	0.00458884	0.00244633	0.991585	0.00132424	5.5681e-05	0.000955557	0.00835887	0.00176535	0.988836	8.45785e-05	1.24074e-05	1.95907e-05	2.67739e-05	1.43665e-05	0.999927
27	0.989353	0.0018122	0.00803567	0.000727264	7.15342e-05	0.00119756	0.992692	0.00178518	0.00423237	9.29783e-05	0.00466571	0.0018028	0.992348	0.00110017	8.32062e-05	0.000633467	0.00906462	0.00154973	0.988681	7.16422e-05	2.04666e-05	1.85174e-05	3.41109e-05	2.4365e-05	0.999903
28	0.989281	0.00156096	0.00868932	0.000416255	5.20318e-05	0.000695479	0.993807	0.00132472	0.00407352	9.93542e-05	0.00413819	0.00160188	0.992525	0.00170867	2.6698e-05	0.000661916	0.00915002	0.00175213	0.988319	0.000116809	8.88889e-06	NA	2.66667e-05	1.77778e-05	0.999947
29	0.989959	0.00164441	0.00776367	0.000574817	5.82093e-05	0.00108965	0.992852	0.0016737	0.00434116	4.35859e-05	0.00423756	0.00169032	0.993067	0.000940933	6.3849e-05	0.00063396	0.00762501	0.00132039	0.990359	6.12099e-05	1.97434e-05	1.39365e-05	2.43889e-05	1.74207e-05	0.999925
30	0.990563	0.00152543	0.0072484	0.000616441	4.70167e-05	0.00092689	0.992728	0.00161253	0.00469794	3.44636e-05	0.00463657	0.00171368	0.992619	0.000993028	3.78645e-05	0.000697519	0.00871735	0.00162099	0.988931	3.27474e-05	1.07472e-05	2.10058e-05	1.95403e-05	1.36782e-05	0.999935
31	0.990996	0.00160707	0.00677654	0.000569548	5.07878e-05	0.000925666	0.992796	0.00171307	0.00453693	2.81215e-05	0.00448187	0.00184135	0.992769	0.00087222	3.57834e-05	0.000658138	0.00870261	0.00139221	0.989191	5.56886e-05	7.02071e-06	1.46797e-05	1.46797e-05	1.08502e-05	0.999953
32	0.992272	0.00122504	0.00602225	0.000438769	4.21218e-05	0.000662897	0.994768	0.00137412	0.00317094	2.4525e-05	0.00341396	0.00137501	0.99452	0.00066452	2.61851e-05	0.000451063	0.0064413	0.00113005	0.991948	2.96878e-05	8.86082e-06	1.16703e-05	1.16703e-05	7.348e-06	0.99996
33	0.992323	0.00111626	0.00602403	0.000505972	3.03912e-05	0.00059225	0.995033	0.00122494	0.00311681	3.28235e-05	0.00316624	0.00124965	0.994906	0.00065046	2.74649e-05	0.000443424	0.00609275	0.00119476	0.992228	4.14063e-05	5.23596e-06	1.12652e-05	1.18999e-05	6.98127e-06	0.999965
34	0.990036	0.00147996	0.00787133	0.000558438	5.39565e-05	0.000795962	0.993334	0.00163651	0.00420133	3.23421e-05	0.00427987	0.00172083	0.993128	0.000835011	3.59243e-05	0.00052214	0.00779021	0.00141644	0.990219	5.18687e-05	9.73575e-06	1.4459e-05	1.34125e-05	9.85968e-06	0.999953
35	0.991084	0.00141104	0.00695442	0.000508474	4.19009e-05	0.000716078	0.994042	0.00150059	0.00371932	2.21183e-05	0.00397835	0.00151278	0.993737	0.000745868	2.57196e-05	0.000549038	0.00728253	0.00124207	0.990876	5.07602e-05	7.58831e-06	1.25105e-05	1.18952e-05	7.7934e-06	0.99996
36	0.990423	0.00150356	0.00752038	0.000512386	4.07066e-05	0.000935841	0.992656	0.00173647	0.00462758	4.38419e-05	0.00471283	0.00175325	0.992639	0.000856932	3.84903e-05	0.000623081	0.00841345	0.0014007	0.98951	5.31597e-05	1.21044e-05	1.70358e-05	1.68116e-05	1.0087e-05	0.999944
37	0.98962	0.00138697	0.00839142	0.000549565	5.20023e-05	0.000729064	0.99349	0.00160789	0.00414261	3.03096e-05	0.0039858	0.00158303	0.993619	0.000779167	3.31635e-05	0.000520242	0.00812937	0.00153963	0.98975	6.11802e-05	8.43277e-06	1.41803e-05	1.3662e-05	9.42209e-06	0.999954
38	0.989892	0.00151971	0.00796671	0.000566779	5.47987e-05	0.000926847	0.99264	0.00180743	0.00458654	3.87491e-05	0.00457738	0.00175523	0.992782	0.000849992	3.57197e-05	0.000590689	0.00820627	0.00154911	0.989595	5.93669e-05	1.01854e-05	1.73626e-05	1.5357e-05	1.01742e-05	0.999947
39	0.988634	0.00143042	0.00927725	0.000584583	7.41383e-05	0.000680631	0.993302	0.00162524	0.00435558	3.60554e-05	0.00411995	0.00155483	0.993536	0.000745251	4.37725e-05	0.000532913	0.0083066	0.00155637	0.989536	6.85104e-05	1.3148e-05	1.59581e-05	1.52428e-05	1.49873e-05	0.999941
40	0.984293	0.0026178	0.013089	NA	NA	NA	0.997549	0.00245098	NA	NA	0.00384615	NA	0.996154	NA	NA	NA	0.00727273	NA	0.992727	NA	NA	NA	NA	NA	1
