quality	AA	AC	AG	AT	A.	CA	CC	CG	CT	C.	GA	GC	GG	GT	G.	TA	TC	TG	TT	T.	.A	.C	.G	.T	..
0	NA	NA	NA	NA	NA	NA	NA	NA	NA	NA	NA	NA	NA	NA	NA	NA	NA	NA	NA	NA	NA	NA	NA	NA	NA
1	NA	NA	NA	NA	NA	NA	NA	NA	NA	NA	NA	NA	NA	NA	NA	NA	NA	NA	NA	NA	NA	NA	NA	NA	NA
2	NA	NA	NA	NA	NA	NA	NA	NA	NA	NA	NA	NA	NA	NA	NA	NA	NA	NA	NA	NA	NA	NA	NA	NA	NA
3	NA	NA	NA	NA	NA	NA	NA	NA	NA	NA	NA	NA	NA	NA	NA	NA	NA	NA	NA	NA	NA	NA	NA	NA	NA
4	NA	NA	NA	NA	NA	NA	NA	NA	NA	NA	NA	NA	NA	NA	NA	NA	NA	NA	NA	NA	NA	NA	NA	NA	NA
5	NA	NA	NA	NA	NA	NA	NA	NA	NA	NA	NA	NA	NA	NA	NA	NA	NA	NA	NA	NA	NA	NA	NA	NA	NA
6	NA	NA	NA	NA	NA	NA	NA	NA	NA	NA	NA	NA	NA	NA	NA	NA	NA	NA	NA	NA	NA	NA	NA	NA	NA
7	NA	NA	NA	NA	NA	NA	NA	NA	NA	NA	NA	NA	NA	NA	NA	NA	NA	NA	NA	NA	NA	NA	NA	NA	NA
8	NA	NA	NA	NA	NA	NA	NA	NA	NA	NA	NA	NA	NA	NA	NA	NA	NA	NA	NA	NA	NA	NA	NA	NA	NA
9	NA	NA	NA	NA	NA	NA	NA	NA	NA	NA	NA	NA	NA	NA	NA	NA	NA	NA	NA	NA	NA	NA	NA	NA	NA
10	NA	NA	NA	NA	NA	NA	NA	NA	NA	NA	NA	NA	NA	NA	NA	NA	NA	NA	NA	NA	NA	NA	NA	NA	NA
11	NA	NA	NA	NA	NA	NA	NA	NA	NA	NA	NA	NA	NA	NA	NA	NA	NA	NA	NA	NA	NA	NA	NA	NA	NA
12	0.930576	0.0317269	0.00831535	0.0292595	0.000122686	0.0198441	0.942307	0.024529	0.013049	0.000270587	0.0141823	0.0139167	0.947871	0.023708	0.000322497	0.0189931	0.00884777	0.0187916	0.953239	0.000128229	3.61509e-05	3.65972e-05	3.4812e-05	4.68623e-05	0.999846
13	0.953065	0.015248	0.0168871	0.0143903	0.000409789	0.018782	0.928029	0.030805	0.0217476	0.000636364	0.0102563	0.00883235	0.960677	0.0198779	0.000355977	0.00535387	0.0170108	0.0126311	0.964729	0.000274771	9.30677e-05	0.000106855	0.000113749	7.58329e-05	0.99961
14	0.95637	0.0137452	0.0172084	0.0124063	0.000270356	0.0129158	0.952711	0.015362	0.0187764	0.000234884	0.00949592	0.00563198	0.971491	0.0132084	0.000172238	0.00510109	0.0179539	0.0153667	0.9613	0.000278242	3.07505e-05	5.75587e-05	6.70204e-05	3.86353e-05	0.999806
15	0.946656	0.0160484	0.0260558	0.0109453	0.000294101	0.00756714	0.970306	0.011043	0.0109447	0.000139653	0.0124791	0.00347001	0.97911	0.00482246	0.000118541	0.00477766	0.0208333	0.0212391	0.952897	0.000252664	3.46417e-05	6.45595e-05	7.87311e-05	3.77909e-05	0.999784
16	0.949916	0.0126613	0.0295539	0.00773024	0.000138331	0.00578402	0.977982	0.00747145	0.00867603	8.64045e-05	0.0097235	0.00283649	0.984099	0.00326197	7.94218e-05	0.00323268	0.0159759	0.0138683	0.966736	0.00018751	2.42076e-05	3.71183e-05	2.25938e-05	1.93661e-05	0.999897
17	0.941788	0.0144277	0.0357555	0.00797912	5.01832e-05	0.00538291	0.977205	0.00881969	0.00852984	6.21105e-05	0.00971317	0.00238877	0.985316	0.00256442	1.75645e-05	0.00331654	0.0187238	0.0154492	0.962427	8.39631e-05	2.59483e-05	2.59483e-05	5.70862e-05	2.59483e-05	0.999865
18	0.912011	0.009849	0.0723061	0.005628	0.000205903	0.00587927	0.979506	0.00718842	0.00728363	0.000142816	0.0137567	0.00225654	0.982111	0.00176717	0.000108749	0.00244712	0.0139544	0.0115364	0.971916	0.000145662	2.89289e-05	5.06256e-05	5.06256e-05	2.89289e-05	0.999841
19	0.966379	0.00910577	0.0197292	0.00478636	NA	0.00204884	0.987215	0.00311424	0.0076217	NA	0.00400782	0.000879765	0.993646	0.00136852	9.77517e-05	0.00263282	0.0185237	0.0157969	0.962858	0.000188058	2.40292e-05	7.20877e-05	7.20877e-05	7.20877e-05	0.99976
20	0.818448	0.00788038	0.169125	0.00454637	NA	0.00536817	0.985864	0.00313143	0.00518923	0.000447347	0.0184612	0.00238209	0.978323	0.00083373	NA	0.00177434	0.0183079	0.00975885	0.970159	NA	2.38892e-05	4.77783e-05	2.38892e-05	2.38892e-05	0.999881
21	0.938547	0.0223464	0.0335196	0.00558659	NA	NA	0.981928	0.0060241	0.0120482	NA	NA	NA	1	NA	NA	NA	0.0182292	0.00520833	0.976562	NA	NA	NA	NA	NA	1
22	NA	NA	NA	NA	NA	NA	NA	NA	NA	NA	NA	NA	NA	NA	NA	NA	NA	NA	NA	NA	NA	NA	NA	NA	NA
23	NA	NA	NA	NA	NA	NA	NA	NA	NA	NA	NA	NA	NA	NA	NA	NA	NA	NA	NA	NA	NA	NA	NA	NA	NA
24	0.991088	0.00210313	0.00562852	0.00101374	0.000166435	0.00126415	0.99391	0.00167759	0.00302919	0.00011926	0.00338142	0.00153134	0.993071	0.00183622	0.000180158	0.000833738	0.00620264	0.00142927	0.991443	9.16196e-05	4.49332e-05	5.39199e-05	8.08798e-05	8.31265e-05	0.999737
25	0.991852	0.00173545	0.0055299	0.000647116	0.000235315	0.00108773	0.993978	0.00159218	0.0031686	0.000173406	0.00321328	0.00129445	0.994076	0.00126399	0.000152288	0.000729788	0.00572725	0.00103122	0.992432	7.93248e-05	6.63685e-05	6.63685e-05	7.0793e-05	4.86702e-05	0.999748
26	0.990801	0.0022234	0.00561691	0.00132454	3.36579e-05	0.000693538	0.994991	0.00160034	0.00267012	4.508e-05	0.00292238	0.00179159	0.994325	0.000915232	4.59383e-05	0.00077592	0.00552566	0.00135509	0.992293	4.98806e-05	1.80384e-05	3.10662e-05	3.25694e-05	1.35288e-05	0.999905
27	0.992523	0.00170663	0.00521812	0.000503395	4.91117e-05	0.000976038	0.994137	0.00147103	0.00328367	0.000132462	0.00326214	0.00137414	0.994244	0.00107968	4.04159e-05	0.000573118	0.00600265	0.00137247	0.991991	6.03282e-05	3.7698e-05	4.14678e-05	2.63886e-05	3.20433e-05	0.999862
28	0.993397	0.00129467	0.004855	0.0003884	6.47333e-05	0.000481821	0.995701	0.00118602	0.00263148	NA	0.00209252	0.000871883	0.995616	0.00139501	2.49109e-05	0.000240775	0.00493589	0.0010233	0.99368	0.000120388	NA	3.02572e-05	3.02572e-05	2.01715e-05	0.999919
29	0.993773	0.00131504	0.00430953	0.000538691	6.33754e-05	0.000636621	0.995535	0.00107266	0.0027209	3.48833e-05	0.00322136	0.00123229	0.994709	0.000770179	6.69721e-05	0.000402747	0.0051753	0.00121831	0.993173	3.0206e-05	1.69662e-05	2.42374e-05	2.18136e-05	1.69662e-05	0.99992
30	0.993305	0.00127998	0.00494215	0.000441898	3.04757e-05	0.000633149	0.994824	0.00127283	0.00323102	3.91639e-05	0.00298417	0.00112903	0.995083	0.000755487	4.82672e-05	0.000315496	0.00584354	0.0015089	0.992263	6.85862e-05	8.92262e-06	2.67679e-05	1.51685e-05	1.07071e-05	0.999938
31	0.993484	0.00123123	0.00491837	0.000334004	3.27454e-05	0.00062468	0.995085	0.00112592	0.00313836	2.61842e-05	0.0028612	0.00114636	0.995299	0.000662446	3.05383e-05	0.000479222	0.00584108	0.00148287	0.99217	2.71258e-05	5.23656e-06	1.3615e-05	1.04731e-05	8.37849e-06	0.999962
32	0.994932	0.000857125	0.00388642	0.000305278	1.87863e-05	0.000509231	0.996136	0.000976809	0.00236208	1.61234e-05	0.0023639	0.000943358	0.996142	0.0005367	1.43267e-05	0.000370311	0.00451407	0.000912329	0.994181	2.27565e-05	6.66708e-06	8.75054e-06	8.33385e-06	6.25039e-06	0.99997
33	0.994498	0.000874248	0.00430222	0.000312231	1.31466e-05	0.000409219	0.996613	0.000825649	0.00213353	1.89286e-05	0.00209841	0.000835128	0.996599	0.00045111	1.58904e-05	0.000274905	0.00423798	0.000977262	0.994484	2.54247e-05	4.00253e-06	1.01603e-05	9.85238e-06	5.84985e-06	0.99997
34	0.993219	0.00112136	0.00526271	0.000371285	2.5458e-05	0.000538115	0.995587	0.0011405	0.00270795	2.67426e-05	0.00276136	0.00119406	0.995429	0.000585351	3.00659e-05	0.000317428	0.00518219	0.00104067	0.993435	2.43463e-05	5.82798e-06	1.03557e-05	9.58946e-06	6.68708e-06	0.999968
35	0.993879	0.00100098	0.00476733	0.000332122	2.07576e-05	0.000474754	0.996167	0.000962586	0.002379	1.70022e-05	0.00256991	0.00101541	0.995925	0.00047631	1.29903e-05	0.000382634	0.00518012	0.000971142	0.993452	1.45567e-05	9.06607e-06	8.6719e-06	1.14311e-05	6.30683e-06	0.999965
36	0.993541	0.00109123	0.00500361	0.000336534	2.72091e-05	0.000627046	0.995022	0.00128293	0.00303718	3.13111e-05	0.00299539	0.0012272	0.995125	0.000622798	2.9808e-05	0.000348698	0.00542434	0.00100167	0.993189	3.63508e-05	5.21982e-06	9.72785e-06	1.28123e-05	6.40615e-06	0.999966
37	0.993093	0.00101545	0.00553062	0.000335226	2.56613e-05	0.000483955	0.995913	0.000999429	0.00257871	2.48125e-05	0.00262854	0.00102045	0.995817	0.000505062	2.9163e-05	0.000311948	0.0052205	0.00106834	0.993373	2.6572e-05	5.83125e-06	1.26959e-05	9.15285e-06	7.15989e-06	0.999965
38	0.993136	0.00117617	0.00532827	0.000330525	2.88639e-05	0.00062473	0.995048	0.00124123	0.00305597	3.0529e-05	0.00296018	0.00122909	0.995188	0.000595348	2.74497e-05	0.000340363	0.00529712	0.0011112	0.993218	3.3113e-05	6.6434e-06	1.21353e-05	1.05852e-05	6.11193e-06	0.999965
39	0.992306	0.00103201	0.00623893	0.000388515	3.49645e-05	0.000492845	0.995531	0.00116174	0.00279094	2.32605e-05	0.00279029	0.00107603	0.995552	0.000551891	2.98684e-05	0.000311755	0.0055131	0.00118754	0.992958	2.96602e-05	9.87012e-06	1.40401e-05	1.02527e-05	1.03675e-05	0.999955
40	0.989899	NA	0.010101	NA	NA	NA	0.978723	NA	0.0212766	NA	NA	NA	1	NA	NA	NA	0.00847458	NA	0.991525	NA	NA	NA	NA	NA	1
