quality	AA	AC	AG	AT	A.	CA	CC	CG	CT	C.	GA	GC	GG	GT	G.	TA	TC	TG	TT	T.	.A	.C	.G	.T	..
0	NA	NA	NA	NA	NA	NA	NA	NA	NA	NA	NA	NA	NA	NA	NA	NA	NA	NA	NA	NA	NA	NA	NA	NA	NA
1	NA	NA	NA	NA	NA	NA	NA	NA	NA	NA	NA	NA	NA	NA	NA	NA	NA	NA	NA	NA	NA	NA	NA	NA	NA
2	NA	NA	NA	NA	NA	NA	NA	NA	NA	NA	NA	NA	NA	NA	NA	NA	NA	NA	NA	NA	NA	NA	NA	NA	NA
3	NA	NA	NA	NA	NA	NA	NA	NA	NA	NA	NA	NA	NA	NA	NA	NA	NA	NA	NA	NA	NA	NA	NA	NA	NA
4	NA	NA	NA	NA	NA	NA	NA	NA	NA	NA	NA	NA	NA	NA	NA	NA	NA	NA	NA	NA	NA	NA	NA	NA	NA
5	NA	NA	NA	NA	NA	NA	NA	NA	NA	NA	NA	NA	NA	NA	NA	NA	NA	NA	NA	NA	NA	NA	NA	NA	NA
6	NA	NA	NA	NA	NA	NA	NA	NA	NA	NA	NA	NA	NA	NA	NA	NA	NA	NA	NA	NA	NA	NA	NA	NA	NA
7	NA	NA	NA	NA	NA	NA	NA	NA	NA	NA	NA	NA	NA	NA	NA	NA	NA	NA	NA	NA	NA	NA	NA	NA	NA
8	NA	NA	NA	NA	NA	NA	NA	NA	NA	NA	NA	NA	NA	NA	NA	NA	NA	NA	NA	NA	NA	NA	NA	NA	NA
9	NA	NA	NA	NA	NA	NA	NA	NA	NA	NA	NA	NA	NA	NA	NA	NA	NA	NA	NA	NA	NA	NA	NA	NA	NA
10	NA	NA	NA	NA	NA	NA	NA	NA	NA	NA	NA	NA	NA	NA	NA	NA	NA	NA	NA	NA	NA	NA	NA	NA	NA
11	NA	NA	NA	NA	NA	NA	NA	NA	NA	NA	NA	NA	NA	NA	NA	NA	NA	NA	NA	NA	NA	NA	NA	NA	NA
12	0.929035	0.0317039	0.00719488	0.0319319	0.000133978	0.0309294	0.919902	0.0333224	0.015505	0.000341361	0.0161612	0.016877	0.940239	0.0263901	0.000332899	0.0270303	0.00934683	0.0170978	0.946399	0.000126279	4.75669e-05	4.66281e-05	3.97434e-05	5.7581e-05	0.999808
13	0.951347	0.0164448	0.0173713	0.0145442	0.000292928	0.025092	0.916253	0.0324097	0.0255871	0.000658642	0.0126567	0.0098805	0.954961	0.0221857	0.000315923	0.00857141	0.0182326	0.0167158	0.956219	0.000261285	8.1135e-05	9.78771e-05	0.000110756	9.65892e-05	0.999614
14	0.952816	0.0175201	0.0144507	0.0149542	0.000258862	0.0216171	0.928134	0.0217852	0.0281082	0.000355677	0.0105231	0.00812156	0.962573	0.0185735	0.000208952	0.0166705	0.021101	0.0217801	0.940158	0.000290094	4.40775e-05	5.2678e-05	7.31042e-05	4.03148e-05	0.99979
15	0.945291	0.0221253	0.0180755	0.0142272	0.000280939	0.0126709	0.95117	0.0172319	0.0187451	0.000182443	0.00630055	0.00557938	0.979454	0.00852998	0.000135704	0.0110273	0.0247316	0.0276388	0.93632	0.000282349	3.16277e-05	6.10742e-05	7.8524e-05	2.50841e-05	0.999804
16	0.953232	0.0193352	0.0150417	0.0122348	0.000156481	0.0108131	0.959773	0.0136612	0.0156404	0.000112637	0.00405193	0.0046164	0.985673	0.00559073	6.83112e-05	0.0145138	0.0192579	0.0203563	0.945674	0.00019844	1.93648e-05	3.87296e-05	4.89216e-05	2.75184e-05	0.999865
17	0.954317	0.019817	0.017732	0.00792682	0.000206623	0.00654104	0.968362	0.0105741	0.014353	0.000169457	0.005093	0.0036561	0.987627	0.00357628	4.78965e-05	0.0166752	0.0244862	0.0239596	0.934733	0.000146274	1.64507e-05	5.75774e-05	9.04788e-05	2.4676e-05	0.999811
18	0.968047	0.0125851	0.0130493	0.00611203	0.000206313	0.00480221	0.965204	0.00866399	0.0212498	8.00368e-05	0.00329623	0.00257377	0.992008	0.00212223	NA	0.0432411	0.0156665	0.0141958	0.926835	6.1277e-05	4.07707e-05	4.07707e-05	4.65951e-05	4.07707e-05	0.999831
19	0.97044	0.00937275	0.0135956	0.00648882	0.000102997	0.00256251	0.979267	0.0041932	0.0138997	7.76518e-05	0.00391134	0.00214193	0.992922	0.000931272	9.31272e-05	0.0457422	0.0162621	0.0157815	0.921894	0.000320436	NA	4.36843e-05	NA	NA	0.999956
20	0.970806	0.0077342	0.0147059	0.00675381	NA	0.00203177	0.981806	0.00341707	0.0127447	NA	0.00471757	0.00223464	0.992427	0.000496586	0.000124146	0.0421022	0.0160767	0.0120395	0.929637	0.000144186	2.38555e-05	NA	2.38555e-05	2.38555e-05	0.999928
21	0.956757	0.0108108	0.0324324	NA	NA	NA	1	NA	NA	NA	NA	NA	1	NA	NA	0.00258398	0.0129199	0.00258398	0.981912	NA	NA	NA	NA	0.00123609	0.998764
22	NA	NA	NA	NA	NA	NA	NA	NA	NA	NA	NA	NA	NA	NA	NA	NA	NA	NA	NA	NA	NA	NA	NA	NA	NA
23	NA	NA	NA	NA	NA	NA	NA	NA	NA	NA	NA	NA	NA	NA	NA	NA	NA	NA	NA	NA	NA	NA	NA	NA	NA
24	0.990397	0.0022981	0.00574524	0.0014539	0.000105525	0.00210556	0.992166	0.00179384	0.00379354	0.000141155	0.00340358	0.00166134	0.991877	0.00289116	0.000167212	0.00132136	0.00664498	0.00209279	0.989849	9.16548e-05	7.17614e-05	6.47603e-05	5.0758e-05	7.17614e-05	0.999741
25	0.991269	0.00191428	0.00553273	0.00121393	7.00346e-05	0.00127887	0.993813	0.00153464	0.00323979	0.000133976	0.00308653	0.00131934	0.993645	0.00187613	7.26243e-05	0.000948975	0.00634026	0.00160913	0.991019	8.25196e-05	6.7822e-05	6.42524e-05	7.13916e-05	7.49612e-05	0.999722
26	0.990844	0.00217436	0.00522582	0.0017036	5.21355e-05	0.00115308	0.993956	0.00209927	0.0027434	4.8275e-05	0.00269761	0.00140727	0.99486	0.000987914	4.70435e-05	0.00113924	0.00574549	0.00136504	0.991721	2.87377e-05	1.77337e-05	2.04323e-05	1.85047e-05	2.04323e-05	0.999923
27	0.991269	0.00196289	0.00583755	0.000879211	5.11169e-05	0.00126866	0.992889	0.00159294	0.00418146	6.82687e-05	0.00355399	0.00158449	0.993262	0.00152526	7.40415e-05	0.00117711	0.00758281	0.00196414	0.989208	6.84369e-05	3.53625e-05	4.9829e-05	5.78659e-05	4.66142e-05	0.99981
28	0.992965	0.00140702	0.005009	0.000506529	0.000112562	0.000855903	0.994437	0.00128385	0.00330134	0.000122272	0.00268456	0.000908622	0.994755	0.00159009	6.19515e-05	0.000444884	0.00657439	0.00118636	0.991597	0.000197726	8.39743e-06	NA	4.19872e-05	8.39743e-06	0.999941
29	0.993694	0.00150798	0.00413376	0.000622173	4.21812e-05	0.000941275	0.993562	0.00125503	0.00418344	5.81034e-05	0.00282906	0.00103042	0.995037	0.00103502	6.90014e-05	0.00078654	0.0188055	0.00125846	0.979078	7.15037e-05	2.67681e-05	2.17491e-05	2.84411e-05	2.84411e-05	0.999895
30	0.993332	0.00127316	0.00497031	0.000397625	2.67632e-05	0.000647746	0.993869	0.00129549	0.00414404	4.33531e-05	0.00306606	0.00121677	0.994818	0.00086389	3.49551e-05	0.000685094	0.0202184	0.00147808	0.977565	5.39444e-05	1.32887e-05	1.88839e-05	2.16815e-05	1.95833e-05	0.999927
31	0.993672	0.0013553	0.00449154	0.000442433	3.92029e-05	0.000695844	0.994568	0.00110959	0.00360773	1.88066e-05	0.00299696	0.00113399	0.994974	0.000849502	4.54385e-05	0.000586731	0.00654009	0.00116564	0.991676	3.12923e-05	7.9808e-06	7.09405e-06	8.86756e-06	7.09405e-06	0.999969
32	0.994905	0.000871371	0.00392398	0.000269844	2.99826e-05	0.000530954	0.996058	0.000985597	0.00241079	1.50473e-05	0.00228235	0.00093083	0.996252	0.000511912	2.30272e-05	0.000413418	0.00487525	0.000981225	0.993722	8.57714e-06	6.43526e-06	9.48354e-06	1.15157e-05	3.38698e-06	0.999969
33	0.994482	0.000913767	0.00428417	0.000304589	1.56564e-05	0.000408707	0.996454	0.000822832	0.0022951	1.93516e-05	0.00210664	0.000898824	0.996533	0.000444327	1.72099e-05	0.000387204	0.0145866	0.000972903	0.984017	3.63441e-05	8.27825e-06	1.09486e-05	1.20168e-05	7.47713e-06	0.999961
34	0.993298	0.00108866	0.00518822	0.000402788	2.22604e-05	0.00056767	0.995485	0.00115877	0.00276209	2.66657e-05	0.00277828	0.00112575	0.995513	0.000555895	2.68708e-05	0.000378643	0.00541487	0.00108973	0.993091	2.59719e-05	7.36371e-06	1.07605e-05	1.34922e-05	6.22352e-06	0.999962
35	0.993548	0.00109392	0.0049603	0.000353379	4.41724e-05	0.000489058	0.995547	0.0011518	0.00278352	2.89474e-05	0.00278361	0.00116759	0.995502	0.000526988	1.9339e-05	0.000390204	0.00753497	0.0010226	0.991032	2.01829e-05	1.04476e-05	1.00123e-05	1.43655e-05	5.65912e-06	0.99996
36	0.993417	0.00118449	0.00504891	0.000324121	2.50337e-05	0.000571396	0.994758	0.0012263	0.00341291	3.17013e-05	0.0030472	0.00123257	0.995088	0.000605869	2.6782e-05	0.000461656	0.00694391	0.0010187	0.99155	2.54356e-05	5.75615e-06	1.17337e-05	1.83754e-05	7.08449e-06	0.999957
37	0.993148	0.00100354	0.00545994	0.000360827	2.7279e-05	0.000484008	0.995797	0.00103687	0.0026576	2.41662e-05	0.00273259	0.00104147	0.995688	0.000508383	2.98101e-05	0.000379199	0.00651473	0.00107146	0.992009	2.57209e-05	7.09532e-06	9.96365e-06	1.13223e-05	8.454e-06	0.999963
38	0.993239	0.00115872	0.0052535	0.000322812	2.56979e-05	0.000627021	0.995107	0.00122601	0.00300572	3.39329e-05	0.00297446	0.00121343	0.995204	0.00058163	2.67242e-05	0.00040935	0.0057309	0.00110757	0.992717	3.50968e-05	7.59407e-06	1.14266e-05	1.49516e-05	5.91439e-06	0.99996
39	0.99237	0.00104301	0.00617851	0.000370802	3.8116e-05	0.00049408	0.995532	0.0011735	0.00277751	2.30075e-05	0.00281939	0.00107344	0.995523	0.000550599	3.3305e-05	0.000379959	0.00576979	0.00120993	0.992609	3.12535e-05	1.09197e-05	1.35656e-05	1.52876e-05	1.02897e-05	0.99995
40	1	NA	NA	NA	NA	NA	1	NA	NA	NA	NA	NA	1	NA	NA	NA	NA	NA	1	NA	NA	NA	NA	NA	1
