quality	AA	AC	AG	AT	A.	CA	CC	CG	CT	C.	GA	GC	GG	GT	G.	TA	TC	TG	TT	T.	.A	.C	.G	.T	..
0	NA	NA	NA	NA	NA	NA	NA	NA	NA	NA	NA	NA	NA	NA	NA	NA	NA	NA	NA	NA	NA	NA	NA	NA	NA
1	NA	NA	NA	NA	NA	NA	NA	NA	NA	NA	NA	NA	NA	NA	NA	NA	NA	NA	NA	NA	NA	NA	NA	NA	NA
2	NA	NA	NA	NA	NA	NA	NA	NA	NA	NA	NA	NA	NA	NA	NA	NA	NA	NA	NA	NA	NA	NA	NA	NA	NA
3	NA	NA	NA	NA	NA	NA	NA	NA	NA	NA	NA	NA	NA	NA	NA	NA	NA	NA	NA	NA	NA	NA	NA	NA	NA
4	NA	NA	NA	NA	NA	NA	NA	NA	NA	NA	NA	NA	NA	NA	NA	NA	NA	NA	NA	NA	NA	NA	NA	NA	NA
5	NA	NA	NA	NA	NA	NA	NA	NA	NA	NA	NA	NA	NA	NA	NA	NA	NA	NA	NA	NA	NA	NA	NA	NA	NA
6	NA	NA	NA	NA	NA	NA	NA	NA	NA	NA	NA	NA	NA	NA	NA	NA	NA	NA	NA	NA	NA	NA	NA	NA	NA
7	NA	NA	NA	NA	NA	NA	NA	NA	NA	NA	NA	NA	NA	NA	NA	NA	NA	NA	NA	NA	NA	NA	NA	NA	NA
8	NA	NA	NA	NA	NA	NA	NA	NA	NA	NA	NA	NA	NA	NA	NA	NA	NA	NA	NA	NA	NA	NA	NA	NA	NA
9	NA	NA	NA	NA	NA	NA	NA	NA	NA	NA	NA	NA	NA	NA	NA	NA	NA	NA	NA	NA	NA	NA	NA	NA	NA
10	NA	NA	NA	NA	NA	NA	NA	NA	NA	NA	NA	NA	NA	NA	NA	NA	NA	NA	NA	NA	NA	NA	NA	NA	NA
11	NA	NA	NA	NA	NA	NA	NA	NA	NA	NA	NA	NA	NA	NA	NA	NA	NA	NA	NA	NA	NA	NA	NA	NA	NA
12	0.92667	0.0344425	0.00707532	0.0316769	0.000135726	0.0183848	0.946531	0.025806	0.00907378	0.000204712	0.0112909	0.014375	0.956521	0.0175448	0.000268376	0.0212924	0.0077129	0.0201166	0.950783	9.50665e-05	3.27209e-05	3.65256e-05	3.72866e-05	4.6418e-05	0.999847
13	0.957731	0.0149475	0.0164984	0.010438	0.000384962	0.0179468	0.931207	0.0319908	0.018309	0.000546977	0.00996511	0.00939079	0.963537	0.0168203	0.000287161	0.00474215	0.017843	0.0137783	0.963355	0.000281402	8.03358e-05	0.000123594	0.000121534	6.79765e-05	0.999607
14	0.966681	0.0125207	0.011993	0.00856767	0.000237871	0.0129633	0.952475	0.0166195	0.0176738	0.000268206	0.00787985	0.00671499	0.973109	0.0121313	0.000164529	0.0042421	0.0180114	0.0159253	0.96152	0.000301087	3.25847e-05	4.51173e-05	6.34984e-05	4.34463e-05	0.999815
15	0.962634	0.0156231	0.0142587	0.00728494	0.000199478	0.0076862	0.969018	0.01232	0.0107497	0.000225903	0.00410944	0.00364657	0.987632	0.00451023	0.000101607	0.00403153	0.021915	0.0206228	0.953198	0.000232588	4.00145e-05	4.16817e-05	6.83581e-05	2.16745e-05	0.999828
16	0.969972	0.0128174	0.0113756	0.00569915	0.000135874	0.00605307	0.975665	0.00960229	0.0086079	7.13925e-05	0.00354832	0.00301524	0.990804	0.00257656	5.55293e-05	0.00257103	0.0149369	0.013562	0.968728	0.000201954	2.86818e-05	2.5495e-05	3.50556e-05	1.91212e-05	0.999892
17	0.968484	0.0124677	0.0139453	0.00484854	0.000253971	0.00525149	0.977596	0.00898544	0.00810687	5.9903e-05	0.00456104	0.0025677	0.990523	0.00234809	NA	0.0027671	0.0206435	0.0161195	0.960294	0.000175689	1.00978e-05	2.52446e-05	5.04892e-05	2.52446e-05	0.999889
18	0.969511	0.0117805	0.0134538	0.00512048	0.000133869	0.00429185	0.981387	0.00780336	0.00642629	9.18042e-05	0.00423774	0.00222481	0.991922	0.00156267	5.29717e-05	0.00244332	0.0137321	0.0108249	0.972814	0.000185569	2.15491e-05	3.59152e-05	2.15491e-05	7.18303e-06	0.999914
19	0.973161	0.00966592	0.0130443	0.00412913	NA	0.00272721	0.985627	0.00464362	0.00700228	NA	0.0038475	0.00183631	0.993617	0.000699545	NA	0.00384183	0.0210832	0.0169603	0.957834	0.000281109	2.15913e-05	6.47738e-05	2.15913e-05	NA	0.999892
20	0.969431	0.0118198	0.0148767	0.00377012	0.000101895	0.0024919	0.986045	0.00531606	0.00614669	NA	0.00241213	0.00287158	0.994027	0.00068918	NA	0.0039278	0.0179676	0.00961056	0.968494	NA	NA	NA	7.05584e-05	2.35195e-05	0.999906
21	0.969828	0.00862069	0.0215517	NA	NA	NA	1	NA	NA	NA	NA	0.0147059	0.985294	NA	NA	0.00269542	0.0107817	NA	0.986523	NA	NA	NA	NA	NA	1
22	NA	NA	NA	NA	NA	NA	NA	NA	NA	NA	NA	NA	NA	NA	NA	NA	NA	NA	NA	NA	NA	NA	NA	NA	NA
23	NA	NA	NA	NA	NA	NA	NA	NA	NA	NA	NA	NA	NA	NA	NA	NA	NA	NA	NA	NA	NA	NA	NA	NA	NA
24	0.992411	0.0017018	0.00503595	0.000746709	0.000104192	0.00140725	0.99404	0.00169059	0.00274839	0.000113336	0.00298625	0.00165266	0.993741	0.00140722	0.000212719	0.000805684	0.00566071	0.00138117	0.992016	0.000136025	5.77344e-05	7.08559e-05	6.2983e-05	6.03587e-05	0.999748
25	0.992676	0.00159661	0.0050328	0.00065947	3.4709e-05	0.000803612	0.995121	0.00126282	0.00275524	5.74009e-05	0.00332047	0.00125639	0.994292	0.00102306	0.000107691	0.000363748	0.00562852	0.00111039	0.992782	0.000114868	3.70492e-05	5.82202e-05	5.82202e-05	7.40984e-05	0.999772
26	0.991413	0.00206036	0.00508905	0.00138614	5.12827e-05	0.000658414	0.995323	0.00149579	0.0025001	2.27039e-05	0.00284649	0.0016074	0.994538	0.000973474	3.4229e-05	0.000818956	0.00503198	0.00137077	0.992739	3.9415e-05	1.58862e-05	1.8211e-05	1.97609e-05	1.08491e-05	0.999935
27	0.992192	0.00172035	0.00538602	0.000635206	6.61673e-05	0.000772687	0.994671	0.00144978	0.00297923	0.000127453	0.00298784	0.00113332	0.994784	0.000985215	0.000109468	0.000396521	0.00563566	0.00134142	0.992508	0.000118113	5.05514e-05	3.3701e-05	4.42325e-05	3.58073e-05	0.999836
28	0.993408	0.00113411	0.00503261	0.000425291	NA	0.000595948	0.995871	0.000936489	0.00255406	4.25677e-05	0.00246133	0.00117473	0.995049	0.00123067	8.3909e-05	0.000350508	0.00504732	0.00189274	0.992499	0.000210305	NA	3.42571e-05	2.28381e-05	1.1419e-05	0.999931
29	0.994533	0.00118133	0.00393778	0.000302906	4.5436e-05	0.000655703	0.99572	0.000992415	0.00260509	2.65825e-05	0.00228167	0.0010572	0.995751	0.000856462	5.35289e-05	0.000518003	0.00515972	0.00116805	0.993093	6.09415e-05	2.91008e-05	3.39509e-05	3.6376e-05	2.91008e-05	0.999871
30	0.994413	0.00101329	0.00417266	0.000368035	3.34578e-05	0.000688555	0.995223	0.00110367	0.0029453	3.95343e-05	0.00266894	0.000985711	0.995648	0.000664102	3.34139e-05	0.00046614	0.00517774	0.00119045	0.993094	7.17139e-05	7.99397e-06	1.50997e-05	2.0429e-05	5.32932e-06	0.999951
31	0.994654	0.000939094	0.00403872	0.000325307	4.29651e-05	0.000572659	0.995716	0.000938726	0.00274731	2.5371e-05	0.00257682	0.00102079	0.995788	0.000564597	4.96845e-05	0.000476686	0.0048728	0.00100634	0.993618	2.64826e-05	3.02133e-06	1.40996e-05	1.20853e-05	6.04267e-06	0.999965
32	0.995411	0.000750554	0.00358428	0.000238514	1.53174e-05	0.00040614	0.996809	0.000771152	0.00199728	1.67083e-05	0.00209527	0.00077882	0.996719	0.000387816	1.91252e-05	0.000296462	0.0040669	0.000771995	0.994835	2.98452e-05	4.41185e-06	8.42263e-06	8.8237e-06	5.61508e-06	0.999973
33	0.995329	0.000784577	0.00362981	0.000247279	9.15849e-06	0.00035259	0.997159	0.000654929	0.00182325	1.00501e-05	0.00188127	0.000728817	0.997039	0.000334795	1.56293e-05	0.000243633	0.0038828	0.00085348	0.994994	2.60488e-05	2.89552e-06	7.23881e-06	6.6597e-06	3.76418e-06	0.999979
34	0.993895	0.000957867	0.00474439	0.00037949	2.3699e-05	0.000471107	0.996096	0.000923656	0.00249183	1.71518e-05	0.00253729	0.000985486	0.995939	0.000514929	2.30097e-05	0.000309751	0.00459543	0.000880023	0.994189	2.54191e-05	5.04906e-06	9.60208e-06	8.55683e-06	5.22622e-06	0.999972
35	0.994244	0.000880179	0.0045824	0.000275988	1.74047e-05	0.000458176	0.996477	0.000844395	0.00221011	1.02796e-05	0.00229802	0.000890704	0.996369	0.00042635	1.54389e-05	0.000282997	0.00463126	0.000799578	0.994252	3.36901e-05	3.86677e-06	1.0741e-05	1.203e-05	5.15569e-06	0.999968
36	0.994142	0.00100146	0.00449227	0.000346083	1.77129e-05	0.000533798	0.995695	0.000983185	0.00275983	2.81369e-05	0.00264189	0.000985028	0.995831	0.000517958	2.42319e-05	0.000381084	0.00516787	0.000847148	0.993556	4.78015e-05	4.80145e-06	9.14562e-06	9.6029e-06	3.65825e-06	0.999973
37	0.99382	0.00087284	0.0049545	0.000327765	2.48125e-05	0.000429442	0.99631	0.000840396	0.00240581	1.40326e-05	0.00239064	0.00086652	0.996298	0.000427093	1.79883e-05	0.000275348	0.00459069	0.000914843	0.994192	2.72126e-05	5.12066e-06	1.19238e-05	7.60784e-06	4.16968e-06	0.999971
38	0.99398	0.000901871	0.00474102	0.000345348	3.15547e-05	0.000541054	0.995723	0.000989832	0.00272245	2.38313e-05	0.0026618	0.000982203	0.995822	0.000510911	2.28148e-05	0.000327079	0.00475544	0.000925651	0.993954	3.76855e-05	3.66024e-06	1.22155e-05	1.1113e-05	5.07141e-06	0.999968
39	0.99306	0.000953223	0.00559908	0.000351554	3.63222e-05	0.000431883	0.99618	0.000912216	0.00245771	1.77545e-05	0.00247833	0.000836641	0.996218	0.000456753	1.05953e-05	0.000304709	0.00487807	0.000985786	0.993805	2.65521e-05	8.88755e-06	1.31781e-05	1.01134e-05	7.08706e-06	0.999961
40	0.959459	0.027027	0.0135135	NA	NA	NA	1	NA	NA	NA	NA	NA	1	NA	NA	NA	NA	NA	1	NA	NA	0.00334448	NA	NA	0.996656
