quality	AA	AC	AG	AT	A.	CA	CC	CG	CT	C.	GA	GC	GG	GT	G.	TA	TC	TG	TT	T.	.A	.C	.G	.T	..
0	NA	NA	NA	NA	NA	NA	NA	NA	NA	NA	NA	NA	NA	NA	NA	NA	NA	NA	NA	NA	NA	NA	NA	NA	NA
1	NA	NA	NA	NA	NA	NA	NA	NA	NA	NA	NA	NA	NA	NA	NA	NA	NA	NA	NA	NA	NA	NA	NA	NA	NA
2	NA	NA	NA	NA	NA	NA	NA	NA	NA	NA	NA	NA	NA	NA	NA	NA	NA	NA	NA	NA	NA	NA	NA	NA	NA
3	NA	NA	NA	NA	NA	NA	NA	NA	NA	NA	NA	NA	NA	NA	NA	NA	NA	NA	NA	NA	NA	NA	NA	NA	NA
4	NA	NA	NA	NA	NA	NA	NA	NA	NA	NA	NA	NA	NA	NA	NA	NA	NA	NA	NA	NA	NA	NA	NA	NA	NA
5	NA	NA	NA	NA	NA	NA	NA	NA	NA	NA	NA	NA	NA	NA	NA	NA	NA	NA	NA	NA	NA	NA	NA	NA	NA
6	NA	NA	NA	NA	NA	NA	NA	NA	NA	NA	NA	NA	NA	NA	NA	NA	NA	NA	NA	NA	NA	NA	NA	NA	NA
7	NA	NA	NA	NA	NA	NA	NA	NA	NA	NA	NA	NA	NA	NA	NA	NA	NA	NA	NA	NA	NA	NA	NA	NA	NA
8	NA	NA	NA	NA	NA	NA	NA	NA	NA	NA	NA	NA	NA	NA	NA	NA	NA	NA	NA	NA	NA	NA	NA	NA	NA
9	NA	NA	NA	NA	NA	NA	NA	NA	NA	NA	NA	NA	NA	NA	NA	NA	NA	NA	NA	NA	NA	NA	NA	NA	NA
10	NA	NA	NA	NA	NA	NA	NA	NA	NA	NA	NA	NA	NA	NA	NA	NA	NA	NA	NA	NA	NA	NA	NA	NA	NA
11	NA	NA	NA	NA	NA	NA	NA	NA	NA	NA	NA	NA	NA	NA	NA	NA	NA	NA	NA	NA	NA	NA	NA	NA	NA
12	0.92613	0.0331767	0.00802041	0.0325445	0.000128634	0.0291008	0.924408	0.0345053	0.0117234	0.000262899	0.0132831	0.0167959	0.949963	0.0196871	0.000270717	0.0263968	0.00839957	0.0172298	0.947842	0.000131655	3.71526e-05	4.4084e-05	3.88161e-05	4.32523e-05	0.999837
13	0.941436	0.0175399	0.0287707	0.0118515	0.000401621	0.0229505	0.924408	0.0306374	0.0214563	0.000547698	0.0135068	0.0114831	0.955385	0.0192845	0.000340114	0.00718905	0.020756	0.018501	0.953212	0.000342336	7.98237e-05	0.000112033	0.000130239	8.82262e-05	0.99959
14	0.954206	0.0175734	0.0172686	0.0106822	0.000269958	0.0198239	0.935846	0.0212967	0.0227534	0.000280061	0.0108	0.00915917	0.963006	0.0168128	0.000222408	0.00726934	0.0232955	0.0225317	0.946604	0.000299691	4.61143e-05	5.12381e-05	7.51492e-05	3.52974e-05	0.999792
15	0.943135	0.0216725	0.0246572	0.01031	0.000225156	0.0132755	0.953928	0.0171468	0.0155033	0.000146086	0.00649864	0.00637755	0.979067	0.0079679	8.88013e-05	0.00619299	0.0264869	0.0287145	0.938264	0.000341839	3.26702e-05	5.52013e-05	7.66059e-05	1.91515e-05	0.999816
16	0.956382	0.0185197	0.0170324	0.00789886	0.000166844	0.0106895	0.962688	0.013255	0.0132782	8.94938e-05	0.00466315	0.00554787	0.983851	0.00588785	5.02245e-05	0.00483193	0.0201623	0.0186493	0.956171	0.000185468	1.36867e-05	4.00074e-05	4.21131e-05	1.68452e-05	0.999887
17	0.956995	0.0180654	0.0190574	0.00569111	0.000191444	0.00606749	0.975503	0.00939325	0.00892278	0.000113563	0.00512966	0.00337769	0.988147	0.00328298	6.31343e-05	0.00452037	0.0262805	0.0231786	0.945771	0.0002494	2.83955e-05	2.83955e-05	8.51865e-05	2.83955e-05	0.99983
18	0.970231	0.0134225	0.0119844	0.00424247	0.000119844	0.00485352	0.979368	0.0081021	0.00754133	0.000135357	0.00393501	0.00323492	0.990513	0.00219685	0.000120706	0.00290672	0.0161534	0.0141786	0.966695	6.65661e-05	4.07235e-05	3.49058e-05	2.32706e-05	1.74529e-05	0.999884
19	0.970666	0.0104441	0.0148942	0.003996	NA	0.00276319	0.98577	0.00421387	0.00718431	6.90799e-05	0.00347385	0.00206553	0.993522	0.000938879	NA	0.00285955	0.0208579	0.0172414	0.958368	0.000672834	4.16632e-05	8.33264e-05	6.24948e-05	NA	0.999813
20	0.973021	0.0100474	0.0140478	0.00288399	NA	0.00238133	0.989046	0.00301635	0.00547706	7.93777e-05	0.00380789	0.00184253	0.993613	0.000614175	0.000122835	0.0024652	0.0162413	0.00978828	0.971433	7.25058e-05	NA	6.62734e-05	4.41823e-05	2.20911e-05	0.999867
21	0.958333	0.00757576	0.030303	0.00378788	NA	NA	0.994898	0.00510204	NA	NA	0.0172414	NA	0.982759	NA	NA	0.00486618	0.0194647	0.00729927	0.96837	NA	NA	NA	NA	NA	1
22	NA	NA	NA	NA	NA	NA	NA	NA	NA	NA	NA	NA	NA	NA	NA	NA	NA	NA	NA	NA	NA	NA	NA	NA	NA
23	NA	NA	NA	NA	NA	NA	NA	NA	NA	NA	NA	NA	NA	NA	NA	NA	NA	NA	NA	NA	NA	NA	NA	NA	NA
24	0.991007	0.00243448	0.00517948	0.0012545	0.000124208	0.00192148	0.992863	0.00189595	0.00317906	0.00014044	0.00321659	0.00186527	0.992452	0.00228106	0.000184795	0.000972778	0.00621768	0.00219686	0.990475	0.00013781	5.24966e-05	7.49951e-05	7.87449e-05	5.62463e-05	0.999738
25	0.990458	0.00250445	0.00591049	0.00102682	0.000100178	0.00123733	0.994393	0.00132947	0.00290904	0.000131631	0.00282203	0.00150081	0.993971	0.0015906	0.000115447	0.000770188	0.00568754	0.00173292	0.99172	8.88678e-05	6.50728e-05	6.50728e-05	3.44503e-05	5.35893e-05	0.999782
26	0.991907	0.00193861	0.00445855	0.00165875	3.72347e-05	0.000977384	0.994261	0.00210839	0.00262157	3.11694e-05	0.00253065	0.00111292	0.995583	0.00072893	4.44734e-05	0.00106851	0.00512384	0.00131727	0.992439	5.17559e-05	1.42261e-05	1.85558e-05	2.38133e-05	1.39169e-05	0.999929
27	0.991705	0.00212578	0.0053978	0.000687751	8.33637e-05	0.00108154	0.994252	0.00146396	0.00308926	0.000113532	0.00305366	0.00133566	0.994275	0.00124899	8.66648e-05	0.000871043	0.00603357	0.00141633	0.991615	6.37349e-05	2.83088e-05	3.66349e-05	4.99567e-05	3.83001e-05	0.999847
28	0.993508	0.00152413	0.0043466	0.000508044	0.000112899	0.000607689	0.996002	0.000863558	0.00252671	NA	0.00300487	0.00117969	0.994168	0.00155808	8.90333e-05	0.000784765	0.00570263	0.00141258	0.991995	0.000104635	8.85073e-06	2.65522e-05	8.85073e-06	8.85073e-06	0.999947
29	0.994162	0.00159019	0.0038121	0.000392101	4.35668e-05	0.000718772	0.995584	0.0011147	0.00254007	4.2639e-05	0.00234714	0.00105861	0.995627	0.000914904	5.26908e-05	0.000453532	0.0049368	0.00127881	0.993294	3.71747e-05	1.92007e-05	2.96738e-05	2.26917e-05	2.44372e-05	0.999904
30	0.994305	0.00101118	0.00420829	0.000442391	3.34581e-05	0.00047951	0.995452	0.00100493	0.00303009	3.31576e-05	0.00260626	0.00104905	0.995588	0.000725204	3.10064e-05	0.000473654	0.00509324	0.00106426	0.99334	2.92379e-05	8.53956e-06	1.99256e-05	1.70791e-05	1.20977e-05	0.999942
31	0.994634	0.00109915	0.00394176	0.000297798	2.70725e-05	0.000591412	0.995735	0.0009763	0.00264727	5.00667e-05	0.00249121	0.00094148	0.995819	0.000706612	4.21558e-05	0.000437681	0.00511931	0.000969151	0.993443	3.12629e-05	6.20648e-06	9.75304e-06	8.8664e-06	7.97976e-06	0.999967
32	0.995258	0.000876682	0.00357708	0.000265169	2.34503e-05	0.000433352	0.996767	0.000754667	0.00202619	1.90252e-05	0.00209666	0.000738249	0.996714	0.000436477	1.487e-05	0.000325758	0.00421959	0.000763496	0.994667	2.37532e-05	8.29606e-06	1.0619e-05	1.12826e-05	5.97316e-06	0.999964
33	0.994933	0.000799148	0.00392271	0.000321626	2.38761e-05	0.00036169	0.997018	0.000710462	0.00189659	1.29175e-05	0.00196542	0.000721739	0.996877	0.000422821	1.31648e-05	0.00031788	0.0042137	0.000819646	0.994616	3.27859e-05	8.21565e-06	9.27573e-06	1.53712e-05	4.24034e-06	0.999963
34	0.994038	0.00093562	0.00461241	0.000385211	2.86882e-05	0.000486597	0.996051	0.000942469	0.00249859	2.13588e-05	0.00251822	0.000930393	0.996055	0.000476348	2.00306e-05	0.000368777	0.00484244	0.000915267	0.99385	2.38054e-05	6.06783e-06	8.89345e-06	1.25704e-05	5.1803e-06	0.999967
35	0.994281	0.00085969	0.0045343	0.000301779	2.28236e-05	0.00049089	0.996171	0.000882415	0.00244852	7.41525e-06	0.00238329	0.000929837	0.99623	0.000441438	1.52625e-05	0.000372096	0.00508381	0.000856268	0.993652	3.58646e-05	5.9768e-06	1.10998e-05	1.36613e-05	3.41532e-06	0.999966
36	0.994183	0.000969218	0.00451162	0.000306602	2.91399e-05	0.000546756	0.99563	0.00104031	0.00275373	2.95544e-05	0.00268453	0.000990685	0.99579	0.000517547	1.76501e-05	0.00040911	0.00533484	0.000902819	0.993308	4.54566e-05	5.9724e-06	1.08783e-05	1.62108e-05	5.1192e-06	0.999962
37	0.993839	0.000889869	0.00490518	0.000332692	3.31076e-05	0.000435492	0.996349	0.000851116	0.00234926	1.53517e-05	0.00240949	0.000840249	0.99631	0.00042425	1.62354e-05	0.000331427	0.00485911	0.000916511	0.993865	2.83457e-05	6.56086e-06	8.35018e-06	1.37182e-05	4.84609e-06	0.999967
38	0.994087	0.00091123	0.00466873	0.000304372	2.84351e-05	0.000542132	0.995764	0.000997472	0.00267128	2.46289e-05	0.00265877	0.000991115	0.995813	0.000511724	2.51482e-05	0.000402546	0.00502231	0.000897216	0.993645	3.32117e-05	4.70364e-06	1.25273e-05	1.38982e-05	5.20001e-06	0.999964
39	0.993224	0.000938748	0.00550297	0.00030221	3.2536e-05	0.000423504	0.996209	0.000899653	0.00245258	1.48577e-05	0.00246887	0.000830535	0.996235	0.000454893	1.08358e-05	0.000348899	0.00504779	0.00101298	0.993564	2.64527e-05	8.72813e-06	1.11619e-05	1.46448e-05	7.67908e-06	0.999958
40	1	NA	NA	NA	NA	NA	0.979592	NA	0.0204082	NA	NA	NA	1	NA	NA	NA	NA	NA	1	NA	NA	NA	NA	NA	1
