quality	AA	AC	AG	AT	A.	CA	CC	CG	CT	C.	GA	GC	GG	GT	G.	TA	TC	TG	TT	T.	.A	.C	.G	.T	..
0	NA	NA	NA	NA	NA	NA	NA	NA	NA	NA	NA	NA	NA	NA	NA	NA	NA	NA	NA	NA	NA	NA	NA	NA	NA
1	NA	NA	NA	NA	NA	NA	NA	NA	NA	NA	NA	NA	NA	NA	NA	NA	NA	NA	NA	NA	NA	NA	NA	NA	NA
2	NA	NA	NA	NA	NA	NA	NA	NA	NA	NA	NA	NA	NA	NA	NA	NA	NA	NA	NA	NA	NA	NA	NA	NA	NA
3	NA	NA	NA	NA	NA	NA	NA	NA	NA	NA	NA	NA	NA	NA	NA	NA	NA	NA	NA	NA	NA	NA	NA	NA	NA
4	NA	NA	NA	NA	NA	NA	NA	NA	NA	NA	NA	NA	NA	NA	NA	NA	NA	NA	NA	NA	NA	NA	NA	NA	NA
5	NA	NA	NA	NA	NA	NA	NA	NA	NA	NA	NA	NA	NA	NA	NA	NA	NA	NA	NA	NA	NA	NA	NA	NA	NA
6	NA	NA	NA	NA	NA	NA	NA	NA	NA	NA	NA	NA	NA	NA	NA	NA	NA	NA	NA	NA	NA	NA	NA	NA	NA
7	NA	NA	NA	NA	NA	NA	NA	NA	NA	NA	NA	NA	NA	NA	NA	NA	NA	NA	NA	NA	NA	NA	NA	NA	NA
8	NA	NA	NA	NA	NA	NA	NA	NA	NA	NA	NA	NA	NA	NA	NA	NA	NA	NA	NA	NA	NA	NA	NA	NA	NA
9	NA	NA	NA	NA	NA	NA	NA	NA	NA	NA	NA	NA	NA	NA	NA	NA	NA	NA	NA	NA	NA	NA	NA	NA	NA
10	NA	NA	NA	NA	NA	NA	NA	NA	NA	NA	NA	NA	NA	NA	NA	NA	NA	NA	NA	NA	NA	NA	NA	NA	NA
11	NA	NA	NA	NA	NA	NA	NA	NA	NA	NA	NA	NA	NA	NA	NA	NA	NA	NA	NA	NA	NA	NA	NA	NA	NA
12	0.925694	0.0368104	0.00309313	0.034322	7.99948e-05	0.0179903	0.95188	0.0254735	0.00452147	0.00013432	0.00706422	0.0131495	0.96716	0.0124415	0.00018435	0.022711	0.00311865	0.0210005	0.953079	9.07365e-05	1.79003e-05	2.43123e-05	1.73659e-05	1.97704e-05	0.999921
13	0.962809	0.0144167	0.0121685	0.0102632	0.000342953	0.0178148	0.934679	0.0300964	0.0168064	0.000603308	0.00798991	0.0092726	0.964572	0.0177928	0.000372624	0.00416895	0.0137344	0.0131753	0.96863	0.000291705	6.9664e-05	9.3686e-05	0.000112904	9.3686e-05	0.99963
14	0.97088	0.0124273	0.00817237	0.00830533	0.000214793	0.0134624	0.954415	0.0162406	0.0156037	0.000278179	0.00532366	0.00582679	0.976005	0.0127362	0.000108001	0.00406468	0.0138945	0.0153927	0.966338	0.00030975	3.27972e-05	5.76436e-05	6.46006e-05	3.57788e-05	0.999809
15	0.968295	0.0147739	0.0100087	0.00668812	0.000234506	0.00725155	0.972732	0.011247	0.00862662	0.000142696	0.00224466	0.0028311	0.990489	0.00435451	8.08887e-05	0.00385695	0.0180328	0.0206276	0.957119	0.000363482	2.95276e-05	5.51182e-05	5.70867e-05	2.16536e-05	0.999837
16	0.975108	0.0122053	0.0073512	0.00517826	0.000157714	0.00590189	0.979119	0.00833172	0.0065866	6.05943e-05	0.00145764	0.00242274	0.99361	0.00243605	7.32147e-05	0.0022822	0.0114559	0.0121658	0.973952	0.000143761	1.88068e-05	3.19716e-05	4.51364e-05	7.52273e-06	0.999897
17	0.974725	0.0115991	0.00903647	0.0045587	8.09236e-05	0.00477493	0.980948	0.00772627	0.00650254	4.79893e-05	0.00235235	0.00187356	0.993692	0.00206091	2.08173e-05	0.00288021	0.0147868	0.015404	0.966775	0.000154297	1.20746e-05	2.41492e-05	4.82984e-05	3.62238e-05	0.999879
18	0.974427	0.0106329	0.00935232	0.00558811	NA	0.00430497	0.983403	0.00713719	0.00504135	0.000113289	0.00167537	0.00177202	0.995038	0.00141762	9.66557e-05	0.00252384	0.0101655	0.010551	0.976655	0.00010516	2.56307e-05	2.56307e-05	2.56307e-05	NA	0.999923
19	0.976053	0.00809313	0.0101996	0.00554324	0.000110865	0.00166652	0.98965	0.00333304	0.0052627	8.77116e-05	0.00138785	0.00096082	0.997224	0.000427031	NA	0.00413403	0.0189295	0.0163185	0.9604	0.000217581	NA	2.56594e-05	0.000128297	2.56594e-05	0.99982
20	0.974288	0.00968668	0.0113609	0.00454437	0.000119589	0.00167835	0.991213	0.00404778	0.00306052	NA	0.000847099	0.00183538	0.996894	0.000141183	0.000282366	0.00287908	0.0126679	0.0109405	0.973321	0.000191939	NA	2.77924e-05	8.33773e-05	2.77924e-05	0.999861
21	0.967033	0.00549451	0.0164835	0.010989	NA	NA	1	NA	NA	NA	0.0166667	NA	0.983333	NA	NA	0.00280899	0.0140449	0.00561798	0.977528	NA	NA	NA	NA	NA	1
22	NA	NA	NA	NA	NA	NA	NA	NA	NA	NA	NA	NA	NA	NA	NA	NA	NA	NA	NA	NA	NA	NA	NA	NA	NA
23	NA	NA	NA	NA	NA	NA	NA	NA	NA	NA	NA	NA	NA	NA	NA	NA	NA	NA	NA	NA	NA	NA	NA	NA	NA
24	0.996761	0.0013159	0.00125516	0.000546603	0.000121467	0.000751365	0.997094	0.0011381	0.000828711	0.000187841	0.000859098	0.000754097	0.997012	0.00121228	0.000162274	0.000391179	0.00136913	0.00103907	0.997115	8.55704e-05	8.8866e-05	5.20939e-05	6.12869e-05	5.51582e-05	0.999743
25	0.997655	0.000970207	0.000808505	0.000404253	0.000161701	0.000470915	0.998341	0.000560614	0.000605463	2.24245e-05	0.00056866	0.000273799	0.998441	0.000652906	6.31845e-05	0.000287458	0.00101716	0.000530692	0.997988	0.000176897	1.85209e-05	4.93891e-05	6.17364e-05	6.17364e-05	0.999809
26	0.996337	0.00146043	0.000943736	0.00125061	8.31893e-06	0.000294417	0.998648	0.000779737	0.000263872	1.44239e-05	0.000547338	0.000779542	0.998212	0.00042949	3.14261e-05	0.000572837	0.000646025	0.000602394	0.998163	1.54821e-05	4.893e-06	1.24772e-05	7.58415e-06	6.60555e-06	0.999968
27	0.997923	0.000718503	0.000984037	0.000312393	6.24785e-05	0.000373696	0.998281	0.000700679	0.000588571	5.60543e-05	0.000431452	0.000363328	0.99866	0.000507145	3.78467e-05	0.000284976	0.00100233	0.000737007	0.997927	4.91338e-05	3.45804e-05	3.21103e-05	3.45804e-05	2.22302e-05	0.999876
28	0.998923	0.000248488	0.000745465	8.28295e-05	NA	9.7177e-05	0.99898	0.000534474	0.000388708	NA	0.00026245	0.000164031	0.998425	0.00111541	3.28062e-05	8.02697e-05	0.000882967	0.000802697	0.998234	NA	1.323e-05	2.64599e-05	1.323e-05	NA	0.999947
29	0.998748	0.000357775	0.000751328	0.00014311	NA	0.000224175	0.998804	0.000512399	0.000416324	4.26999e-05	0.000316466	0.000158233	0.999153	0.000356024	1.58233e-05	0.000185499	0.00082315	0.000730401	0.998249	1.15937e-05	8.57035e-06	1.71407e-05	1.14271e-05	8.57035e-06	0.999954
30	0.99873	0.000209808	0.000884594	0.000170114	5.67048e-06	0.000122237	0.999188	0.00025236	0.000421914	1.57725e-05	0.000343082	0.000122708	0.999304	0.000207853	2.25383e-05	0.000160569	0.00106483	0.000540865	0.9982	3.38041e-05	4.23915e-06	1.27175e-05	8.4783e-06	6.35873e-06	0.999968
31	0.999152	0.000224577	0.000543333	7.96888e-05	NA	7.78069e-05	0.999572	0.000103743	0.000242066	4.3226e-06	0.00024351	7.84643e-05	0.999524	0.000151517	2.70566e-06	7.28499e-05	0.00061402	0.000228957	0.999084	NA	1.19917e-06	8.39422e-06	9.5934e-06	3.59752e-06	0.999977
32	0.999331	0.000106301	0.000461503	0.000101116	NA	5.75251e-05	0.999625	0.000107276	0.000202115	7.77366e-06	0.000205276	8.31181e-05	0.999627	7.934e-05	5.03746e-06	9.96173e-05	0.000479553	0.000250202	0.999161	9.26672e-06	9.5104e-07	5.23072e-06	6.18176e-06	2.85312e-06	0.999985
33	0.999129	0.000154155	0.000614808	9.24932e-05	9.06796e-06	4.99832e-05	0.999681	0.000112962	0.000152948	2.99899e-06	0.000129436	9.53736e-05	0.999712	5.74188e-05	5.8392e-06	7.83452e-05	0.000573924	0.000371684	0.998974	1.82198e-06	3.09056e-06	5.83773e-06	4.12075e-06	2.40377e-06	0.999985
34	0.999004	0.000195785	0.000645	0.00015092	4.1764e-06	5.05091e-05	0.999668	0.000108388	0.000167309	5.45135e-06	0.000217569	0.00017627	0.99951	8.77349e-05	8.64005e-06	6.62982e-05	0.000498619	0.00013954	0.999291	4.85409e-06	1.38508e-06	4.89176e-06	3.39675e-06	1.70387e-06	0.999989
35	0.999131	0.000151861	0.000621506	9.2804e-05	2.81224e-06	5.41671e-05	0.999691	9.52028e-05	0.000154294	4.92428e-06	0.000210912	8.65279e-05	0.999657	4.05599e-05	5.40799e-06	6.96625e-05	0.000647603	0.00027091	0.999007	5.16019e-06	1.46828e-06	3.91541e-06	4.40484e-06	1.9577e-06	0.999988
36	0.999277	0.000108471	0.000540758	6.85917e-05	4.78547e-06	6.36106e-05	0.999599	0.000118677	0.000205073	1.32918e-05	0.000222863	9.92098e-05	0.999619	5.39184e-05	5.03238e-06	9.50351e-05	0.000584232	0.000166701	0.999151	3.11591e-06	1.6208e-06	4.05199e-06	4.32212e-06	2.43119e-06	0.999988
37	0.999096	0.000119981	0.000682968	9.41388e-05	6.46051e-06	3.09826e-05	0.999689	9.81117e-05	0.000177634	4.64739e-06	0.000138845	8.8113e-05	0.999732	3.9458e-05	2.07674e-06	7.40554e-05	0.000575067	0.000167969	0.999177	5.79204e-06	1.77555e-06	6.51034e-06	4.14294e-06	2.1983e-06	0.999985
38	0.999155	0.000133664	0.000613166	9.14141e-05	6.76004e-06	5.84226e-05	0.999622	0.000108875	0.000204439	6.53568e-06	0.0002064	9.39397e-05	0.999645	4.91428e-05	5.81691e-06	8.71853e-05	0.000554326	0.000175626	0.999178	5.02302e-06	1.99572e-06	6.01243e-06	4.77457e-06	1.56626e-06	0.999986
39	0.998943	0.000149981	0.000785867	0.000118039	3.38462e-06	4.96055e-05	0.999658	0.000104439	0.000183711	3.89063e-06	0.000148944	0.000119112	0.999648	7.99159e-05	4.35509e-06	8.19511e-05	0.000615891	0.000168755	0.999129	4.31322e-06	1.99061e-06	7.39989e-06	4.58706e-06	2.03389e-06	0.999984
40	1	NA	NA	NA	NA	NA	1	NA	NA	NA	NA	NA	1	NA	NA	NA	NA	NA	1	NA	NA	NA	NA	NA	1
