quality	AA	AC	AG	AT	A.	CA	CC	CG	CT	C.	GA	GC	GG	GT	G.	TA	TC	TG	TT	T.	.A	.C	.G	.T	..
0	NA	NA	NA	NA	NA	NA	NA	NA	NA	NA	NA	NA	NA	NA	NA	NA	NA	NA	NA	NA	NA	NA	NA	NA	NA
1	NA	NA	NA	NA	NA	NA	NA	NA	NA	NA	NA	NA	NA	NA	NA	NA	NA	NA	NA	NA	NA	NA	NA	NA	NA
2	NA	NA	NA	NA	NA	NA	NA	NA	NA	NA	NA	NA	NA	NA	NA	NA	NA	NA	NA	NA	NA	NA	NA	NA	NA
3	NA	NA	NA	NA	NA	NA	NA	NA	NA	NA	NA	NA	NA	NA	NA	NA	NA	NA	NA	NA	NA	NA	NA	NA	NA
4	NA	NA	NA	NA	NA	NA	NA	NA	NA	NA	NA	NA	NA	NA	NA	NA	NA	NA	NA	NA	NA	NA	NA	NA	NA
5	NA	NA	NA	NA	NA	NA	NA	NA	NA	NA	NA	NA	NA	NA	NA	NA	NA	NA	NA	NA	NA	NA	NA	NA	NA
6	NA	NA	NA	NA	NA	NA	NA	NA	NA	NA	NA	NA	NA	NA	NA	NA	NA	NA	NA	NA	NA	NA	NA	NA	NA
7	NA	NA	NA	NA	NA	NA	NA	NA	NA	NA	NA	NA	NA	NA	NA	NA	NA	NA	NA	NA	NA	NA	NA	NA	NA
8	NA	NA	NA	NA	NA	NA	NA	NA	NA	NA	NA	NA	NA	NA	NA	NA	NA	NA	NA	NA	NA	NA	NA	NA	NA
9	NA	NA	NA	NA	NA	NA	NA	NA	NA	NA	NA	NA	NA	NA	NA	NA	NA	NA	NA	NA	NA	NA	NA	NA	NA
10	NA	NA	NA	NA	NA	NA	NA	NA	NA	NA	NA	NA	NA	NA	NA	NA	NA	NA	NA	NA	NA	NA	NA	NA	NA
11	NA	NA	NA	NA	NA	NA	NA	NA	NA	NA	NA	NA	NA	NA	NA	NA	NA	NA	NA	NA	NA	NA	NA	NA	NA
12	0.924555	0.035927	0.0027472	0.0366912	7.94875e-05	0.0302465	0.926692	0.036951	0.00592613	0.000184203	0.0080395	0.0164306	0.961125	0.0142236	0.000181333	0.032195	0.00301225	0.0177579	0.946943	9.17134e-05	2.38333e-05	2.69987e-05	2.90468e-05	2.68125e-05	0.999893
13	0.944438	0.0175674	0.0260115	0.0115718	0.000410884	0.0230426	0.923234	0.0332586	0.0199915	0.000473628	0.0112933	0.0101772	0.960407	0.017885	0.000237453	0.00754347	0.0185831	0.0199006	0.953628	0.00034445	7.81386e-05	9.56799e-05	0.000122789	9.40852e-05	0.999609
14	0.957231	0.0172677	0.014366	0.0109098	0.000225765	0.0209197	0.934471	0.023205	0.0210541	0.000349975	0.00849424	0.00861195	0.966475	0.0162014	0.000217846	0.00753928	0.0201132	0.0242623	0.947739	0.000345761	4.22557e-05	5.59076e-05	7.02095e-05	2.9254e-05	0.999802
15	0.945586	0.0210201	0.0228928	0.0102641	0.000237047	0.0133468	0.954314	0.0181032	0.0140821	0.000153699	0.00430438	0.00568359	0.982467	0.00743689	0.000108173	0.00710971	0.0250298	0.0311998	0.936317	0.000343496	4.20211e-05	5.09347e-05	9.29557e-05	2.29206e-05	0.999791
16	0.957635	0.0195294	0.0149818	0.00770769	0.000146349	0.0112825	0.962732	0.0154562	0.0104341	9.555e-05	0.00250401	0.00447865	0.988249	0.00470553	6.30204e-05	0.00531758	0.0177895	0.0224778	0.954217	0.000198417	9.53729e-06	3.09962e-05	4.05335e-05	2.02667e-05	0.999899
17	0.959574	0.0174809	0.0169365	0.00588745	0.000120975	0.00639794	0.976367	0.0100539	0.00703214	0.000149223	0.00307588	0.00287916	0.99138	0.00264669	1.7883e-05	0.00502702	0.0230166	0.0258353	0.945798	0.000323166	1.86251e-05	6.98441e-05	6.51878e-05	1.86251e-05	0.999828
18	0.970097	0.01488	0.0102067	0.00470197	0.000114682	0.00563218	0.981379	0.00793103	0.00494253	0.000114943	0.00165055	0.0025274	0.99412	0.00162476	7.73694e-05	0.00361818	0.0165995	0.01787	0.961802	0.000110479	4.08108e-05	5.44144e-05	2.04054e-05	3.4009e-05	0.99985
19	0.974776	0.00949989	0.011793	0.0037126	0.000218388	0.00301819	0.989069	0.00334448	0.00440493	0.000163145	0.00221774	0.000806452	0.995968	0.000907258	0.000100806	0.00368884	0.0192036	0.0228925	0.953998	0.00021699	NA	NA	4.93328e-05	NA	0.999951
20	0.976828	0.00979112	0.0089208	0.00424282	0.000217581	0.00131135	0.993443	0.00281004	0.00243537	NA	0.000678702	0.00149315	0.997421	0.000407221	NA	0.00213477	0.0149434	0.0131799	0.969556	0.000185632	5.26274e-05	2.63137e-05	2.63137e-05	NA	0.999895
21	0.977169	NA	0.0228311	NA	NA	NA	1	NA	NA	NA	0.0425532	NA	0.957447	NA	NA	NA	0.00920245	0.00920245	0.981595	NA	NA	NA	NA	NA	1
22	NA	NA	NA	NA	NA	NA	NA	NA	NA	NA	NA	NA	NA	NA	NA	NA	NA	NA	NA	NA	NA	NA	NA	NA	NA
23	NA	NA	NA	NA	NA	NA	NA	NA	NA	NA	NA	NA	NA	NA	NA	NA	NA	NA	NA	NA	NA	NA	NA	NA	NA
24	0.995942	0.00198667	0.00119764	0.000704493	0.000169078	0.0018597	0.995478	0.00135649	0.00111582	0.000189616	0.00105002	0.00102343	0.995926	0.0018342	0.000166142	0.000857729	0.00241469	0.00172478	0.994891	0.000111878	8.16121e-05	0.000100941	6.44306e-05	4.93968e-05	0.999704
25	0.996858	0.00150023	0.00110394	0.000452899	8.49185e-05	0.000827977	0.99714	0.00100863	0.000933355	9.03247e-05	0.000478469	0.00046397	0.997521	0.00143541	0.000101493	0.000493407	0.00159932	0.00122501	0.996648	3.40281e-05	6.97396e-05	6.53808e-05	4.35872e-05	6.97396e-05	0.999752
26	0.996461	0.00137089	0.000493865	0.00165412	2.01284e-05	0.000640781	0.997626	0.0014662	0.00024961	1.77805e-05	0.000225528	0.000362455	0.999185	0.000206063	2.08076e-05	0.000979233	0.000815683	0.000613832	0.997571	2.07026e-05	8.33807e-06	1.28861e-05	1.32651e-05	7.20106e-06	0.999958
27	0.99734	0.00118749	0.000985619	0.000439373	4.74997e-05	0.000636794	0.997603	0.00082167	0.000849059	8.90143e-05	0.00057156	0.000477282	0.998026	0.000848501	7.66008e-05	0.000569881	0.00162705	0.00109847	0.996647	5.7814e-05	4.79915e-05	3.45539e-05	3.45539e-05	3.83932e-05	0.999845
28	0.998754	0.000721359	0.000459046	6.55781e-05	NA	0.000450823	0.998422	0.000488391	0.000488391	0.000150274	0.000336134	0.000129282	0.998474	0.000904977	0.000155139	0.000119111	0.00113156	0.00083378	0.997856	5.95557e-05	1.02766e-05	1.02766e-05	4.11066e-05	2.05533e-05	0.999918
29	0.998244	0.000815466	0.000702556	0.000213276	2.50913e-05	0.000417111	0.998572	0.00044539	0.000494878	7.06969e-05	0.000289444	0.000306142	0.999015	0.000361805	2.78311e-05	0.000257469	0.00129622	0.000656989	0.997763	2.66347e-05	2.44208e-05	3.2561e-05	1.83156e-05	2.23857e-05	0.999902
30	0.998745	0.000362284	0.000795257	8.83619e-05	8.83619e-06	0.000160846	0.999208	0.000185125	0.000427912	1.8209e-05	0.000335232	0.000101165	0.999246	0.000297543	1.98362e-05	0.000273304	0.0011633	0.000476531	0.99808	7.00781e-06	5.84861e-06	1.83813e-05	1.58748e-05	8.35515e-06	0.999952
31	0.999079	0.000275161	0.000556722	8.31883e-05	6.3991e-06	5.92027e-05	0.999504	0.000148007	0.000259012	2.96013e-05	0.000221425	0.00011654	0.999378	0.000263379	2.09771e-05	0.000187577	0.00096602	0.000412669	0.998424	9.37884e-06	1.04126e-06	6.24759e-06	1.35364e-05	2.08253e-06	0.999977
32	0.999159	0.000266165	0.000474374	9.44455e-05	6.43947e-06	8.77296e-05	0.999558	0.000145381	0.000196765	1.25328e-05	0.000198045	9.95357e-05	0.999582	0.000115954	4.10456e-06	0.000149388	0.000896327	0.000270126	0.99868	4.09282e-06	1.57146e-06	6.6787e-06	1.02145e-05	3.53578e-06	0.999978
33	0.999069	0.00025257	0.000564664	0.000106176	8.04364e-06	5.17268e-05	0.999707	9.11795e-05	0.000145537	4.38363e-06	0.000160468	9.22023e-05	0.999676	6.29458e-05	7.97905e-06	0.00011847	0.000900043	0.000251749	0.998722	8.22708e-06	3.04688e-06	7.61721e-06	1.09688e-05	2.43751e-06	0.999976
34	0.999121	0.000192409	0.000507448	0.000174278	5.08451e-06	6.35065e-05	0.999619	0.00013527	0.000176243	6.2612e-06	0.000178689	0.00011141	0.99965	5.29577e-05	7.1091e-06	0.000150104	0.000821945	0.000163154	0.99886	5.21991e-06	2.17993e-06	3.70133e-06	8.02712e-06	1.63494e-06	0.999984
35	0.999214	0.000130473	0.000539685	0.000103786	1.18612e-05	5.43237e-05	0.999657	8.93713e-05	0.000198019	1.75238e-06	0.000210588	0.000102523	0.999615	6.5116e-05	6.92723e-06	0.000116274	0.000948689	0.000155913	0.998774	5.28517e-06	1.5097e-06	3.52264e-06	9.05822e-06	1.00647e-06	0.999985
36	0.999168	0.000160432	0.000581754	8.39646e-05	5.99747e-06	5.38872e-05	0.999585	0.000109541	0.000245584	6.18377e-06	0.000224501	0.000131299	0.999574	6.46292e-05	5.44246e-06	0.000150643	0.000857159	0.000173239	0.998814	4.51929e-06	3.05283e-06	5.34245e-06	8.14088e-06	1.27201e-06	0.999982
37	0.999152	0.000156887	0.000598132	8.68482e-05	6.07004e-06	3.72603e-05	0.999697	8.92148e-05	0.00017082	5.24793e-06	0.000164753	0.00010015	0.999678	5.22387e-05	5.25478e-06	0.000127685	0.000884977	0.000154146	0.998823	1.05004e-05	1.98823e-06	5.0138e-06	8.64449e-06	2.24757e-06	0.999982
38	0.999253	0.000140929	0.000526499	7.32765e-05	6.28557e-06	6.0181e-05	0.999619	0.000104042	0.000208594	7.73513e-06	0.000217295	0.000110718	0.999615	4.96923e-05	6.90171e-06	0.000146943	0.000920815	0.000180019	0.998746	6.083e-06	2.09046e-06	5.8913e-06	8.47043e-06	2.2262e-06	0.999981
39	0.999058	0.000154345	0.000681318	0.000101882	4.21579e-06	5.04678e-05	0.999674	9.62751e-05	0.000176038	2.79637e-06	0.000172581	0.000136515	0.999609	7.89079e-05	2.90458e-06	0.000139884	0.000885352	0.00017529	0.998795	4.44998e-06	2.41946e-06	6.11981e-06	9.01368e-06	2.2297e-06	0.99998
40	1	NA	NA	NA	NA	NA	1	NA	NA	NA	NA	NA	1	NA	NA	NA	NA	NA	1	NA	NA	NA	NA	NA	1
