ks_quality_p_value	fisher_strand_p_value	bias_p_value	bias_e_value
1	0.489362	0.839086	4271360
0.236842	1	0.57798	2942200
0.2	1	0.521888	2656660
0.357143	1	0.724864	3689910
1	0.489362	0.839086	4271360
0.8	1	0.978515	4981120
1	1	1	5090490
0.470588	0.470588	0.555304	2826770
0.352941	1	0.720513	3667770
1	0.110887	0.354755	1805880
1	0.042735	0.177467	903396
1	1	1	5090490
0.660377	0.45283	0.660033	3359890
0.333333	1	0.699537	3560990
1	0.411765	0.777125	3955950
0.327869	1	0.693489	3530200
0.4	0.476923	0.506815	2579940
0.516129	0.322581	0.464982	2366990
1	0.490196	0.839681	4274390
0.697674	1	0.948839	4830060
0.473684	1	0.827628	4213030
1	0.172348	0.475378	2419910
0.793103	1	0.976946	4973140
0.589286	1	0.900926	4586160
1	0.466667	0.822332	4186070
0.259259	0.444444	0.364214	1854030
1	1	1	5090490
1	0.196429	0.516108	2627240
0.744186	0.465116	0.713357	3631340
1	0.0803383	0.282912	1440160
1	0.444444	0.804858	4097120
0.764706	0.490196	0.74267	3780550
1	0.48	0.832305	4236840
0.72549	0.490196	0.723306	3681980
1	1	1	5090490
1	0.4	0.766516	3901940
1	1	1	5090490
0.470588	0.294118	0.412117	2097880
0.758621	0.448276	0.706872	3598330
1	0.457143	0.814976	4148630
0.4	0.488889	0.514685	2620000
0.409836	0.47541	0.513516	2614050
0.60911	1	0.91108	4637840
0.179487	1	0.487784	2483060
0.42	1	0.78435	3992730
0.62963	1	0.920911	4687890
1	0.433962	0.796233	4053220
1	0.215136	0.545689	2777830
0.744681	1	0.964212	4908310
1	1	1	5090490
1	1	1	5090490
1	0.0248998	0.116852	594835
0.000816327	1	0.00662098	33704
0.310345	1	0.67347	3428290
1	0.462687	0.819282	4170550
0.373134	1	0.740976	3771930
0.444444	1	0.804858	4097120
0.72973	0.432432	0.679528	3459130
0.716667	1	0.95542	4863560
0.657143	0.471429	0.672828	3425020
0.488889	0.488889	0.581096	2958070
0.642857	1	0.926892	4718340
0.75	1	0.965762	4916200
1	1	1	5090490
1	0.522727	0.861818	4387080
1	0.194265	0.512574	2609250
0.411765	0.470588	0.511765	2605140
1	1	1	5090490
1	1	1	5090490
1	0.357143	0.724864	3689910
0.424242	0.393939	0.466115	2372760
0.323529	1	0.688621	3505420
1	0.0443548	0.182544	929238
1	0.465753	0.821635	4182530
1	3.00653e-06	4.12337e-05	209.9
0.365385	1	0.733256	3732630
0.413043	0.478261	0.517917	2636450
0.79661	1	0.977751	4977230
1	0.489796	0.839396	4272940
1	0.309957	0.673017	3425990
1	0.387755	0.755107	3843870
0.755556	0.488889	0.737259	3753010
0.711538	1	0.953693	4854770
0.714286	0.457143	0.691994	3522590
1	1	1	5090490
0.452347	1	0.811197	4129390
0.530474	1	0.866786	4412370
0.777778	1	0.973245	4954290
0.770833	1	0.971468	4945250
0.424242	0.484848	0.53097	2702900
1	1	1	5090490
0.512195	1	0.854879	4351750
0.457143	0.485714	0.556189	2831270
0.577778	0.466667	0.623035	3171550
0.472238	1	0.826545	4207520
1	1	1	5090490
1	1	1	5090490
0.70021	1	0.949747	4834680
1	0.444444	0.804858	4097120
1	1	1	5090490
1	0.152941	0.440119	2240420
1	0.490612	0.839978	4275900
0.2	1	0.521888	2656660
0.288136	1	0.64667	3291870
0.744186	0.488372	0.731292	3722640
0.484375	1	0.835496	4253090
0.847826	0.391304	0.697803	3552160
1	0.409091	0.774744	3943830
0.695652	1	0.948108	4826340
1	1	1	5090490
1	0.469388	0.824398	4196590
0.725	1	0.958148	4877440
1	0.442308	0.80312	4088270
0.355932	1	0.723616	3683560
1	0.484848	0.835839	4254830
1	1	1	5090490
1	1	1	5090490
0.251409	0.080018	0.0986987	502425
0.293158	0.158917	0.189445	964368
1	0.705702	0.951683	4844530
0.263914	0.40626	0.346623	1764480
0.570113	0.571681	0.691314	3519130
0.0269051	0.418397	0.0617646	314412
0.0277537	0.411617	0.0625121	318217
0.0161895	0.411617	0.0400569	203909
0.383005	0.300007	0.363517	1850480
0.230007	0.310916	0.260155	1324320
0.158251	0.302398	0.193313	984059
0.39263	0.305158	0.374037	1904030
0.00240707	0.46286	0.00868989	44235.8
0.437628	0.466089	0.528243	2689020
0.710346	0.611349	0.796489	4054520
0.501381	0.623798	0.676288	3442640
0.376404	0.148846	0.21749	1107130
1	0.542001	0.87397	4448930
1	0.234043	0.573931	2921590
0.169536	0.542001	0.311242	1584380
0.668661	0.0432225	0.131323	668500
0.0742728	0.0407038	0.020562	104671
0.183448	0.0720074	0.0703652	358193
0.168608	0.111437	0.093466	475788
1	0.279566	0.635878	3236930
0.295106	0.294889	0.299498	1524590
1.47665e-06	0.294889	6.81341e-06	34.6836
0.184856	0.294889	0.213106	1084810
0.0681619	0.115401	0.0459781	234051
0.0959187	0.198887	0.0946078	481600
0.332733	0.432317	0.422765	2152080
0.339981	0.313374	0.345111	1756780
0.497052	0.300731	0.433579	2207130
0.163577	0.610826	0.330068	1680210
0.0039348	1	0.0257253	130954
0.0246329	1	0.115865	589811
0.0901713	1	0.307127	1563430
0.0185611	1	0.0925583	471167
0.0581081	1	0.223452	1137480
0.0304551	1	0.136789	696325
0.0613997	1	0.232726	1184690
0.133832	1	0.402991	2051420
0.0566644	0.402897	0.10912	555473
0.283596	0.402897	0.362121	1843380
1	0.00362641	0.0240051	122198
0.0486902	1	0.195845	996949
0.111438	1	0.355964	1812030
0.41873	1	0.783247	3987110
0.506656	0.173581	0.301745	1536030
1	1	1	5090490
1	0.69683	0.948535	4828510
1	1	1	5090490
0.265235	0.265734	0.257428	1310440
0.358333	1	0.726088	3696140
0.322194	0.394856	0.389527	1982890
0.462618	0.226195	0.34084	1735040
0.447856	0.428308	0.508553	2588780
0.0492509	0.715249	0.153093	779321
0.684876	0.745988	0.854017	4347370
3.18883e-07	0.531054	2.80965e-06	14.3025
0.74173	0.531054	0.760879	3873250
0.779631	0.531054	0.779126	3966130
0.0830316	0.531054	0.181731	925101
0.315781	0.509952	0.455103	2316700
0.731752	0.728735	0.868541	4421300
0.266667	1	0.619135	3151700
1	0.482759	0.834322	4247110
0.558824	0.264706	0.430615	2192040
0.588235	0.264706	0.445292	2266750
1	6.2458e-05	0.000667115	3395.94
1	0.00045282	0.00393954	20054.2
0.590255	0.0863787	0.202729	1031990
0.460317	1	0.81745	4161220
1	1	1	5090490
0.765957	1	0.970184	4938710
1	1	1	5090490
0.538462	1	0.87179	4437840
1	0.490196	0.839681	4274390
1	0.47619	0.829494	4222530
1	0.179221	0.487326	2480730
1	0.25	0.596574	3036850
1	0.0192853	0.0954316	485794
1	0.489796	0.839396	4272940
0.538462	0.461538	0.594518	3026390
0.394737	1	0.761659	3877220
1	1	1	5090490
0.795918	1	0.977594	4976430
0.781818	1	0.974249	4959410
0.282051	0.487179	0.410139	2087810
1	0.230769	0.569155	2897280
1	0.298115	0.658916	3354210
0.769231	1	0.971049	4943120
0.490196	1	0.839681	4274390
1	1	1	5090490
1	0.436364	0.798231	4063390
1	0.470588	0.825304	4201200
1	0.473684	0.827628	4213030
1	0.395349	0.762227	3880110
1	0.0366762	0.157914	803859
1	1	1	5090490
0.665098	1	0.936339	4766420
1	1	1	5090490
1	0.369565	0.737441	3753940
1	1	1	5090490
1	0.461538	0.818395	4166030
0.783784	1	0.974731	4961860
0.348837	1	0.716215	3645890
0.319149	0.468085	0.433407	2206260
0.304348	0.456522	0.41317	2103240
0.0930233	0.465116	0.17914	911911
0.574468	0.446809	0.605742	3083520
0.270833	1	0.62461	3179570
1	1	1	5090490
0.522727	0.477273	0.595857	3033200
1	0.475	0.828609	4218030
1	1	1	5090490
1	0.504348	0.849568	4324720
1	0.0148813	0.0774965	394495
0.282609	0.478261	0.405657	2064990
0.692308	1	0.946886	4820120
1	0.00142315	0.0107517	54731.6
1	9.46457e-08	1.62536e-06	8.27389
1	0.434783	0.796917	4056700
1	0.191919	0.508717	2589620
0.741906	0.528215	0.758998	3863670
1	0.48	0.832305	4236840
1	0.487179	0.837521	4263390
0.4375	0.375	0.460607	2344710
0.40625	0.46875	0.506252	2577070
0.4	1	0.766516	3901940
1	0.000709059	0.00585085	29783.7
1	0.00198536	0.0143382	72988.5
1	1	1	5090490
1	1	1	5090490
1	1	1	5090490
0.788462	1	0.975856	4967590
1	1	1	5090490
1	1	1	5090490
1	1	1	5090490
0.692745	0.486486	0.703558	3581450
1	1	1	5090490
0.45098	1	0.81011	4123860
1	1	1	5090490
0.325581	1	0.69093	3517170
0.477273	1	0.830296	4226610
0.395349	0.465116	0.495281	2521220
1	0.0784314	0.278081	1415570
0.625	0.28125	0.48138	2450460
0.20296	1	0.526629	2680800
1	0.46875	0.823915	4194130
1	0.48	0.832305	4236840
0.6875	0.395833	0.626308	3188210
1	0.46	0.817203	4159970
1	0.413043	0.778258	3961710
1	1	1	5090490
0.490196	1	0.839681	4274390
1	0.45	0.809328	4119880
0.3125	1	0.675985	3441090
1	1	1	5090490
0.45283	0.415094	0.502152	2556200
1	0.413043	0.778258	3961710
0.571429	0.492063	0.637929	3247370
0.625352	1	0.918918	4677740
1	0.371429	0.739291	3763350
1	0.0139327	0.0734745	374021
1	0.106029	0.343963	1750940
0.68	1	0.94225	4796520
0.422222	1	0.786272	4002510
1	0.489362	0.839086	4271360
0.456522	1	0.814489	4146150
1	1	1	5090490
1	0.480769	0.832869	4239710
1	1	1	5090490
1	0.0260787	0.121178	616857
0.707692	1	0.952374	4848050
1	1	1	5090490
0.42	0.46	0.510826	2600360
0.888889	1	0.993585	5057840
1	0.490566	0.839945	4275730
0.73913	1	0.962555	4899880
0.888889	1	0.993585	5057840
0.512735	1	0.85524	4353590
0.409091	1	0.774744	3943830
0.936508	1	0.99794	5080010
1	0.223558	0.558466	2842870
0.155556	0.444444	0.253845	1292190
0.693878	1	0.947462	4823050
0.5	0.470588	0.575746	2930830
1	0.44898	0.808513	4115730
1	0.0249805	0.11715	596351
1	1	1	5090490
1	0.0844077	0.293072	1491880
1	0.392157	0.759252	3864970
1	1	1	5090490
0.578231	0.215136	0.383678	1953110
1	0.469697	0.824632	4197780
1	0.0130211	0.0695482	354034
1	0.147727	0.430239	2190130
0.0930149	1	0.313925	1598030
0.225806	0.483871	0.351167	1787610
1	0.0771488	0.274806	1398900
0.724638	0.478261	0.713816	3633670
1	0.234043	0.573931	2921590
1	1	1	5090490
1	0.481481	0.83339	4242370
0.75	1	0.965762	4916200
0.354167	0.458333	0.457459	2328690
0.429078	1	0.792128	4032320
1	1	1	5090490
1	1	1	5090490
0.634921	0.492063	0.675893	3440630
1	0.482143	0.833873	4244820
0.785714	0.47619	0.741976	3777020
1	1	1	5090490
0.534884	0.488372	0.611883	3114780
0.672414	0.482759	0.689843	3511640
1	0.322581	0.687549	3499960
0.682759	0.103448	0.257821	1312440
1	0.416667	0.781445	3977940
1	0.236842	0.57798	2942200
0.387755	0.428571	0.464422	2364140
1	1	1	5090490
0.559322	1	0.884305	4501550
1	1	1	5090490
1	1	1	5090490
0.44898	1	0.808513	4115730
0.608696	1	0.910875	4636800
0.717949	0.487179	0.717196	3650880
0.717949	0.487179	0.717196	3650880
1	0.189369	0.50449	2568100
1	1	1	5090490
1	1	1	5090490
0.698113	0.490566	0.709452	3611460
0.765625	0.46875	0.726655	3699030
1	0.436364	0.798231	4063390
0.76087	1	0.96881	4931720
0.757576	0.484848	0.735188	3742470
0.415094	0.471698	0.515082	2622020
0.5	1	0.846574	4309480
1	1	1	5090490
0.666667	1	0.936977	4769670
0.305085	0.457627	0.414498	2110000
1	1	1	5090490
0.428571	1	0.791699	4030140
0.439024	1	0.800429	4074580
1	0.105519	0.342818	1745110
0.434783	0.478261	0.53451	2720920
1	0.00591152	0.0362426	184493
0.391304	1	0.758453	3860900
1	0.464789	0.820897	4178770
0.313725	0.431373	0.406	2066740
0.438596	1	0.800077	4072780
1	1	1	5090490
0.64	0.46	0.654397	3331200
1	1	1	5090490
1	0.490566	0.839945	4275730
1	1	1	5090490
0.579545	1	0.895694	4559520
1	0.456522	0.814489	4146150
0.254545	1	0.602834	3068720
0.647059	0.411765	0.61883	3150150
1	0.393939	0.760917	3873440
0.365385	0.326923	0.37327	1900130
1	0.365854	0.733728	3735030
1	0.278788	0.634885	3231880
0.729167	0.458333	0.70049	3565840
0.735027	1	0.961304	4893510
1	0.463415	0.819842	4173400
0.71831	1	0.955966	4866330
1	1	1	5090490
1	0.238095	0.579782	2951380
1	1	1	5090490
1	0.472222	0.826533	4207460
1	1	1	5090490
1	0.418182	0.782769	3984680
1	0.439024	0.800429	4074580
0.301587	0.492063	0.431524	2196670
1	1	1	5090490
0.88	0.44	0.754581	3841190
0.0781749	1	0.277428	1412240
0.100044	1	0.330359	1681690
1	0.108138	0.348674	1774920
0.977959	0.490612	0.832157	4236090
1	1	1	5090490
1	1	1	5090490
1	0.120109	0.374664	1907220
1	0.45283	0.81158	4131340
1	1	1	5090490
1	0.0612759	0.232381	1182930
1	0.000268608	0.00247717	12610
1	1	1	5090490
0.782609	1	0.974444	4960400
1	0.375	0.742811	3781270
0.689655	1	0.945906	4815130
0.375	1	0.742811	3781270
1	0.347826	0.715149	3640460
0.809524	0.47619	0.752952	3832900
1	0.489362	0.839086	4271360
1	0.488372	0.838377	4267750
0.422222	0.444444	0.501629	2553540
1	0.48	0.832305	4236840
0.75	1	0.965762	4916200
1	0.45283	0.81158	4131340
0.731707	0.487805	0.724645	3688800
0.732143	1	0.96041	4888960
0.328358	0.477612	0.447368	2277320
1	0.105019	0.341692	1739380
0.652174	0.434783	0.640932	3262660
1	0.444444	0.804858	4097120
1	1	1	5090490
1	1	1	5090490
0.372881	0.474576	0.483426	2460880
0.33871	1	0.705401	3590840
0.5	1	0.846574	4309480
1	0.465116	0.821148	4180050
0.888082	0.212341	0.503169	2561380
0.516129	0.483871	0.596213	3035020
1	0.610433	0.911735	4641180
0.58529	0.610433	0.725005	3690630
0.418182	0.490909	0.530331	2699650
0.3	1	0.661192	3365790
0.520833	1	0.860586	4380810
1	0.113148	0.359705	1831070
1	0.44	0.801231	4078660
1.11022e-14	9.4007e-10	5.62722e-22	2.86453e-15
0.538462	0.435897	0.574906	2926550
1	0.0768964	0.274158	1395600
0.924528	0.471698	0.798011	4062270
0.936103	0.0121951	0.0624763	318035
1	0.000706867	0.00583495	29702.8
0.42	1	0.78435	3992730
1	1	1	5090490
0.678571	1	0.941698	4793710
1	1	1	5090490
0.6	0.46	0.63131	3213680
1	0.45614	0.81419	4144630
0.428571	0.428571	0.494926	2519420
0.796296	1	0.97768	4976870
1	0.439394	0.800733	4076130
1	1	1	5090490
1	1	1	5090490
1	0.46	0.817203	4159970
0.463415	0.487805	0.562195	2861850
0.463415	0.487805	0.562195	2861850
0.775155	0.318885	0.592656	3016910
0.681818	1	0.942949	4800070
1	0.183007	0.493794	2513660
0.0531382	1	0.209091	1064380
0.756827	1	0.967695	4926040
0.455922	1	0.814018	4143750
0.0106225	1	0.0588992	299826
0.00358395	1	0.0237662	120982
0.488107	1	0.838187	4266780
0.00510426	1	0.0320429	163114
0.443177	1	0.803828	4091880
1	1	1	5090490
1	0.196429	0.516108	2627240
1	0.441176	0.802196	4083570
0.484848	0.454545	0.553692	2818560
0.333333	0.454545	0.437435	2226760
0.727273	0.454545	0.6965	3545520
0.526316	0.473684	0.595613	3031960
0.868421	0.473684	0.776763	3954110
1	1	1	5090490
0.545455	1	0.876074	4459650
1	0.0454545	0.185956	946610
0.885714	1	0.993205	5055900
0.705882	0.470588	0.698268	3554530
0.182077	1	0.492213	2505610
0.727273	1	0.958875	4881150
0.0487589	1	0.196053	998006
1	0.0659112	0.245153	1247950
0.44	0.42	0.496831	2529120
0.754386	1	0.967011	4922560
0.69697	0.469697	0.692926	3527340
0.645833	0.458333	0.656358	3341180
0.480769	1	0.832869	4239710
1	0.242353	0.585854	2982290
0.444444	1	0.804858	4097120
1	1	1	5090490
0.333333	0.393939	0.397901	2025510
0.375	0.479167	0.488128	2484810
1	1	1	5090490
1	1	1	5090490
0.731707	1	0.960274	4888270
1	0.461538	0.818395	4166030
1	0.481481	0.83339	4242370
0.267532	1	0.620278	3157520
0.78	1	0.9738	4957120
0.426974	1	0.790343	4023230
0.68	0.44	0.660228	3360880
0.457143	1	0.814976	4148630
1	0.204204	0.52861	2690880
1	1	1	5090490
1	1	1	5090490
1	0.011233	0.0616567	313863
0.547619	0.428571	0.574876	2926400
0.3	0.46	0.411309	2093770
1	1	1	5090490
1	2.7604e-05	0.000317378	1615.61
1	1	1	5090490
0.673913	1	0.939876	4784430
1	1	1	5090490
1	0.369565	0.737441	3753940
1	0.439024	0.800429	4074580
1	0.428571	0.791699	4030140
0.388704	1	0.756005	3848440
0.4	0.48	0.50885	2590300
1	1	1	5090490
1	1	1	5090490
1	0.0806452	0.283685	1444100
1	0.183616	0.494828	2518920
1	0.0637899	0.23935	1218410
1	1	1	5090490
0.561404	0.421053	0.577315	2938820
0.645833	0.395833	0.604332	3076350
0.361702	1	0.729529	3713660
1	1	1	5090490
0.603175	1	0.908109	4622720
0.762712	1	0.969311	4934270
0.405405	0.486486	0.517401	2633820
0.25	1	0.596574	3036850
0.734873	0.0424116	0.139267	708937
0.442308	1	0.80312	4088270
0.770833	1	0.971468	4945250
1	1	1	5090490
1	1	1	5090490
1	1	1	5090490
1	0.000479951	0.00414765	21113.6
1	0.469388	0.824398	4196590
0.358491	0.490566	0.481522	2451180
0.509804	0.490196	0.59644	3036170
1	1	1	5090490
1	0.435897	0.797844	4061420
1	0.452381	0.811223	4129530
0.266667	0.433333	0.364925	1857650
0.575	1	0.893197	4546810
0.178571	1	0.486208	2475040
1	0.000345729	0.00310114	15786.3
1	0.0217307	0.104938	534187
1	0.470588	0.825304	4201200
0.306122	0.489796	0.434449	2211560
1	0.458333	0.815906	4153360
1	1	1	5090490
0.692308	0.461538	0.684079	3482300
1	1	1	5090490
0.269231	1	0.622512	3168890
0.883721	0.44186	0.75768	3856960
0.795455	0.454545	0.729395	3712980
0.828125	0.484375	0.767544	3907170
0.777778	0.492063	0.7503	3819400
0.442623	1	0.803377	4089580
0.740741	1	0.96304	4902350
1	1	1	5090490
1	0.438596	0.800077	4072780
0.641026	0.461538	0.656176	3340260
1	1	1	5090490
1	0.00840336	0.0485641	247215
1	0.423077	0.787008	4006260
1	1	1	5090490
0.448276	1	0.807948	4112850
0.771429	1	0.971623	4946040
0.527273	0.472727	0.595541	3031600
0.540541	0.297297	0.454497	2313610
1	0.428571	0.791699	4030140
0.844828	0.37931	0.685133	3487670
0.509434	0.415094	0.540014	2748940
0.634146	1	0.922984	4698440
0.804878	1	0.979589	4986590
0.853659	1	0.988728	5033110
1	0.151724	0.437829	2228760
0.533333	0.4	0.542912	2763690
1	0.465116	0.821148	4180050
1	1	1	5090490
1	0.109395	0.351463	1789120
1	1	1	5090490
0.949468	0.18617	0.483083	2459130
1	1	1	5090490
1	0.000198536	0.00189097	9625.96
0.792359	0.0860767	0.251348	1279480
0.745455	0.490909	0.733825	3735530
0.552632	1	0.880377	4481550
1	0.205143	0.5301	2698470
1	0.464286	0.820511	4176810
0.617021	1	0.914951	4657550
1	1	1	5090490
1	0.502016	0.847967	4316570
0.727273	1	0.958875	4881150
1	0.490196	0.839681	4274390
0.72093	1	0.956828	4870720
0.519231	1	0.859538	4375470
1	1	1	5090490
0.375	1	0.742811	3781270
1	1	1	5090490
0.768842	0.316575	0.587331	2989800
0.000805971	0.0968542	0.000816369	4155.72
0.0267708	0.629948	0.0857134	436323
0.00382932	0.621809	0.0167634	85334
0.54283	0.621472	0.70393	3583350
0.200462	0.125013	0.117445	597852
0.811321	1	0.980961	4993570
0.631536	0.518054	0.692709	3526230
0.785714	1	0.975199	4964240
1	1	1	5090490
1	1	1	5090490
1	1	1	5090490
0.811616	1	0.981023	4993890
0.692189	1	0.946843	4819890
0.75	0.458333	0.71082	3618420
0.795455	1	0.977488	4975890
1	0.428571	0.791699	4030140
1	0.444444	0.804858	4097120
0.358974	0.461538	0.463523	2359560
1	0.488372	0.838377	4267750
0.734682	0.427507	0.677821	3450440
0.493634	0.66812	0.695644	3541170
1	0.590062	0.901336	4588240
0.675676	1	0.940569	4787960
1	0.428571	0.791699	4030140
0.290323	1	0.649383	3305680
0.170213	1	0.47161	2400720
0.571429	1	0.891209	4536690
0.27907	1	0.635245	3233710
1	0.458333	0.815906	4153360
1	0.446809	0.806769	4106850
0.342105	1	0.70906	3609460
1	0.465517	0.821455	4181610
1	0.472727	0.826912	4209390
1	0.469388	0.824398	4196590
0.745098	0.490196	0.733114	3731910
1	0.369565	0.737441	3753940
1	0.00925047	0.0525712	267613
1	0.23588	0.576593	2935140
0.488372	1	0.838377	4267750
1	0.500891	0.847191	4312620
1	0.194805	0.513459	2613760
1	0.481481	0.83339	4242370
0.4	1	0.766516	3901940
0.773585	0.490566	0.747192	3803580
1	0.230655	0.568987	2896420
0.576271	1	0.893899	4550380
0.96	0.164706	0.449752	2289460
1	1	1	5090490
1	1	1	5090490
1	0.489362	0.839086	4271360
0.772727	1	0.971959	4947750
0.714286	1	0.954623	4859500
0.383904	1	0.751439	3825190
1	1	1	5090490
0.4	1	0.766516	3901940
1	1	1	5090490
0.357143	0.482143	0.475106	2418520
1	0.478261	0.831026	4230330
1	0.407407	0.773235	3936150
1	0.0021522	0.0153694	78238
0.56	0.38	0.542087	2759490
1	0.454545	0.812935	4138240
0.489796	0.44898	0.552969	2814890
0.265306	0.44898	0.372556	1896490
0.690909	0.454545	0.677783	3450250
1	0.502439	0.848258	4318050
1	0.434783	0.796917	4056700
0.309524	0.452381	0.4153	2114080
0.435484	0.467742	0.527799	2686760
1	0.465116	0.821148	4180050
1	0.477273	0.830296	4226610
0.681818	0.477273	0.690741	3516210
1	0.0129032	0.0690358	351426
0.433333	0.0666667	0.13128	668278
1	0.0714286	0.259933	1323180
0.678571	1	0.941698	4793710
0.384615	0.461538	0.484385	2465760
1	1	1	5090490
1	0.484848	0.835839	4254830
1	1	1	5090490
1	1	1	5090490
1	1	1	5090490
0.83871	0.483871	0.771814	3928910
0.724138	0.482759	0.717001	3649890
0.375	1	0.742811	3781270
1	1	1	5090490
1	1	1	5090490
1	0.017674	0.0890001	453054
1	0.418605	0.783137	3986550
0.617021	1	0.914951	4657550
1	0.390244	0.757457	3855830
0.0478955	1	0.193437	984690
0.227273	1	0.564001	2871040
0.181818	1	0.491772	2503360
0.607843	0.470588	0.644059	3278580
1	0.00661129	0.0397932	202567
0.538462	0.480769	0.608722	3098700
0.818182	0.454545	0.739758	3765730
1	0.481481	0.83339	4242370
0.235123	1	0.575499	2929570
1	0.174208	0.478638	2436500
1	0.236425	0.57738	2939150
1	0.4	0.766516	3901940
0.761194	1	0.968899	4932170
1	0.423077	0.787008	4006260
1	1	1	5090490
1	1	1	5090490
0.9	1	0.994824	5064140
0.380952	1	0.748602	3810750
1	1	1	5090490
1	0.47619	0.829494	4222530
1	1	1	5090490
0.5	0.366667	0.494349	2516480
0.744681	0.446809	0.698874	3557610
1	1	1	5090490
1	1	1	5090490
0.87234	0.425532	0.739073	3762250
0.457143	0.485714	0.556189	2831270
1	0.478261	0.831026	4230330
0.888889	0.444444	0.761961	3878750
1	1	1	5090490
1	1	1	5090490
0.517241	0.172414	0.304736	1551250
1	0.521053	0.860729	4381530
1	0.425926	0.789449	4018680
1	0.4926	0.84139	4283090
1	1	1	5090490
0.790698	1	0.976385	4970280
0.763636	1	0.969561	4935540
0.92	0.4	0.735879	3745990
0.639344	1	0.925331	4710390
1	0.442308	0.80312	4088270
1	0.472222	0.826533	4207460
0.684211	1	0.943861	4804720
1	0.471698	0.82614	4205460
0.726027	1	0.958478	4879120
0.282051	1	0.639034	3253000
1	1	1	5090490
0.589744	1	0.901168	4587390
0.439024	0.439024	0.510074	2596530
0.098337	0.666172	0.244059	1242380
0.290557	0.666172	0.511419	2603370
0.745455	1	0.96444	4909470
0.344262	1	0.711367	3621210
1	0.416667	0.781445	3977940
1	1	1	5090490
0.857143	1	0.989272	5035880
1	1	1	5090490
0.5	1	0.846574	4309480
1	0.410714	0.776191	3951200
1	1.14087e-06	1.67522e-05	85.2769
1	0.206531	0.532293	2709630
0.763285	1	0.969466	4935060
0.421053	0.421053	0.483988	2463740
1	0.466667	0.822332	4186070
0.466667	1	0.822332	4186070
1	1	1	5090490
1	1	1	5090490
1	1	1	5090490
0.75	1	0.965762	4916200
1	0.0750988	0.269526	1372020
1	0.202899	0.526532	2680300
1	1	1	5090490
0.697674	1	0.948839	4830060
0.796296	1	0.97768	4976870
0.38491	1	0.752402	3830090
0.425532	1	0.789113	4016970
0.473684	1	0.827628	4213030
1	1	1	5090490
0.583333	0.479167	0.635811	3236590
0.730769	1	0.959981	4886770
1	1	1	5090490
1	1	1	5090490
0.241935	1	0.585262	2979270
1	0.42	0.78435	3992730
0.6	1	0.906495	4614510
0.622642	0.490566	0.6677	3398920
1	0.459016	0.816438	4156070
1	1	1	5090490
1	0.491525	0.840627	4279210
1	0.483871	0.835131	4251230
1	1	1	5090490
1	0.478261	0.831026	4230330
0.289474	0.460526	0.401941	2046070
0.645161	1	0.927906	4723500
1	0.428571	0.791699	4030140
0.555556	1	0.882104	4490340
1	0.489362	0.839086	4271360
0.762712	1	0.969311	4934270
1	1	1	5090490
1	0.487805	0.837971	4265680
0.895833	1	0.994376	5061860
1	0.00161645	0.0120062	61117.5
1	1	1	5090490
1	0.00434783	0.0279916	142491
0.520833	1	0.860586	4380810
0.356855	1	0.724567	3688400
0.822222	1	0.983168	5004810
0.648402	0.0506567	0.145045	738350
1	0.382353	0.749951	3817620
1	0.477273	0.830296	4226610
1	0.490566	0.839945	4275730
1	0.000884173	0.00710067	36145.9
1	0.48	0.832305	4236840
1	1	1	5090490
1	0.121212	0.376996	1919090
1	1	1	5090490
1	1	1	5090490
1	1	1	5090490
0.816327	1	0.981993	4998820
1	0.52551	0.863616	4396230
1	1	1	5090490
1	1	1	5090490
0.386364	1	0.753786	3837140
0.593277	0.489076	0.649178	3304640
0.652101	0.489076	0.683394	3478810
0.6	1	0.906495	4614510
1	1	1	5090490
1	1	1	5090490
1	1	1	5090490
1	0.136364	0.408059	2077220
0.444444	0.37037	0.461594	2349740
0.26	1	0.610239	3106420
1	1	1	5090490
0.545455	1	0.876074	4459650
1	0.468085	0.823411	4191570
1	0.0112104	0.0615555	313348
0.683333	0.483333	0.696167	3543830
1	1	1	5090490
1	1	1	5090490
1	0.472727	0.826912	4209390
0.393939	1	0.760917	3873440
0.618182	0.436364	0.623195	3172370
0.764706	0.431373	0.695718	3541550
1	0.0161172	0.0826469	420714
1	1	1	5090490
0.243243	0.157658	0.163407	831820
0.767857	1	0.970688	4941280
1	0.490909	0.840189	4276980
1	0.000579439	0.00489826	24934.5
1	0.471698	0.82614	4205460
0.246154	1	0.591212	3009560
1	1	1	5090490
1	1	1	5090490
1	0.48	0.832305	4236840
0.292683	1	0.652292	3320490
0.302326	0.488372	0.430086	2189350
0.886792	0.490566	0.797123	4057750
0.395833	0.458333	0.491099	2499940
0.666667	1	0.936977	4769670
1	1	1	5090490
0.6	1	0.906495	4614510
1	1	1	5090490
1	1	1	5090490
0.333333	0.458333	0.439812	2238860
0.773585	1	0.97218	4948870
0.45098	0.45098	0.527304	2684240
1	1	1	5090490
1	1	1	5090490
1	1	1	5090490
0.782609	1	0.974444	4960400
0.715966	0.228571	0.45986	2340910
0.444444	1	0.804858	4097120
1	1	1	5090490
1	0.134966	0.405266	2063000
0.756757	0.405405	0.669294	3407040
1	0.413043	0.778258	3961710
0.498718	1	0.845683	4304940
1	0.489796	0.839396	4272940
0.177778	1	0.484839	2468070
0.451619	1	0.810618	4126440
1	1	1	5090490
1	0.45	0.809328	4119880
1	0.492754	0.841498	4283640
0.727273	0.409091	0.658197	3350540
1	1	1	5090490
0.310811	0.459459	0.420743	2141790
1	1	1	5090490
1	0.111492	0.356084	1812640
0.761905	0.47619	0.730656	3719400
0.702128	0.489362	0.710654	3617580
0.702128	0.489362	0.710654	3617580
0.533333	0.488889	0.611236	3111490
1	0.394737	0.761659	3877220
1	0.0915837	0.310515	1580670
0.472727	1	0.826912	4209390
1	1	1	5090490
1	0.0275735	0.126587	644391
1	0.392857	0.759907	3868300
1	0.128205	0.391554	1993200
1	0.181176	0.490677	2497790
1	0.0637899	0.23935	1218410
0.361702	0.446809	0.456158	2322070
0.475	1	0.828609	4218030
0.407268	1	0.77311	3935510
0.914894	1	0.996271	5071510
0.722222	1	0.95725	4872870
1	0.483871	0.835131	4251230
1	1	1	5090490
1	0.415094	0.780066	3970920
0.779661	1	0.973716	4956690
1	1	1	5090490
1	0.454545	0.812935	4138240
1	1	1	5090490
0.857143	0.489796	0.784198	3991960
0.705882	1	0.951746	4844850
0.62069	1	0.916711	4666510
0.5	1	0.846574	4309480
0.755556	1	0.967339	4924230
0.740741	1	0.96304	4902350
0.00726939	0.00567743	0.00045792	2331.04
0.0901282	0.0306709	0.0190488	96967.7
0.0333426	0.0175969	0.00495255	25210.9
0.0033238	0.00811261	0.000310659	1581.41
0.00033807	0.00733362	3.44807e-05	175.524
0.0133616	0.017261	0.00216212	11006.2
0.159775	1	0.4528	2304970
0.728006	0.76084	0.881126	4485360
0.407394	1	0.773224	3936090
0.740579	0.766778	0.8892	4526470
1	0.761737	0.969047	4932920
0.0235109	0.761737	0.0899474	457877
0.2582	0.760121	0.515838	2625870
0.401865	0.491544	0.517904	2636380
0.588924	0.491544	0.648342	3300380
0.32262	0.490105	0.449752	2289460
0.00363051	0.667306	0.0170141	86610.1
0.156578	0.309227	0.195023	992760
0.768976	0.53368	0.7759	3949710
0.166777	0.678301	0.359654	1830820
1.48785e-06	0.315955	7.31949e-06	37.2598
0.179717	0.313909	0.218609	1112830
0.633058	0.237815	0.435611	2217480
0.00101506	0.297084	0.00274616	13979.3
0.0445243	0.396164	0.0888588	452335
0.000597272	0.396164	0.00221215	11260.9
0.0117048	0.840373	0.055297	281489
0.130461	1	0.396169	2016700
0.648362	0.825213	0.86966	4426990
0.00238904	0.824253	0.0142374	72475.4
0.315827	0.818277	0.608125	3095650
8.60174e-08	0.64078	9.76352e-07	4.97011
1.38063e-05	0.64078	0.000111783	569.032
0.00299379	0.813738	0.0170953	87023.6
0.00223445	0.813738	0.0132912	67658.8
0.113703	0.813738	0.312759	1592100
0.0314218	0.647975	0.0996476	507255
0.136835	0.203276	0.127454	648805
0.159194	0.186209	0.133944	681841
1	0.469697	0.824632	4197780
0.0377286	0.28256	0.0590726	300708
0.00054732	0.589371	0.00291581	14842.9
0.0207846	0.39517	0.0476542	242583
0.507265	0.589371	0.659947	3359450
1	0.493621	0.842111	4286760
0.139108	1	0.4135	2104920
1	0.753098	0.966646	4920700
0.678795	0.753098	0.854211	4348360
0.65006	0.753098	0.839226	4272070
0.739355	0.736215	0.875388	4456150
0.113183	1	0.359781	1831460
0.070294	1	0.256929	1307900
0.41129	1	0.776704	3953800
0.148768	1	0.432227	2200250
0.170531	0.0601635	0.0572446	291403
0.170531	0.0601635	0.0572446	291403
0.012339	0.0601635	0.00609156	31009
0.32008	0.0601635	0.0953205	485228
0.0190279	0.753298	0.0751822	382714
0.0656334	1	0.244397	1244100
0.878678	0.22425	0.517107	2632330
0.444285	0.546807	0.586683	2986510
0.29414	0.546807	0.454747	2314880
0.000748939	0.728383	0.00464439	23642.2
0.742706	0.737004	0.877236	4465560
0.420056	0.074195	0.139263	708917
0.209087	0.0449683	0.0532808	271226
2.57346e-05	0.0449683	1.69762e-05	86.4169
0.0722208	0.0449683	0.0218561	111258
0.00730568	0.0449683	0.00296358	15086.1
0.836887	0.0533046	0.183338	933280
0.000577151	0.0424184	0.00028442	1447.84
0.88092	0.607761	0.869879	4428110
1	0.0548647	0.214131	1090030
0.182525	0.150782	0.1264	643440
0.104419	0.150782	0.081104	412859
0.0301392	0.150782	0.0290566	147912
1.21114e-06	0.458412	8.55228e-06	43.5353
0.729168	0.812159	0.90246	4593970
0.141915	1	0.419007	2132950
0.346152	0.863482	0.659861	3359020
0.044417	1	0.182738	930224
0.101828	1	0.334451	1702520
0.173636	1	0.477637	2431400
0.0392379	1	0.166295	846521
0.707722	1	0.952384	4848100
1	1	1	5090490
0.668053	0.537829	0.727077	3701180
3.12594e-05	0.308824	0.000121136	616.641
0.451636	0.30731	0.412877	2101750
0.678675	0.308824	0.537098	2734090
0.819463	0.308824	0.600811	3058420
1	1	1	5090490
0.393939	1	0.760917	3873440
0.842276	1	0.986851	5023550
0.504117	1	0.849411	4323920
1	1	1	5090490
0.866165	0.821148	0.953595	4854270
1	0.380607	0.748269	3809060
1	0.82341	0.983399	5005990
0.453384	1	0.812018	4133570
0.856221	0.480823	0.777059	3955610
0.741619	0.483263	0.726153	3696470
1	0.728329	0.959211	4882850
0.182904	0.824611	0.43613	2220110
0.0126211	0.823718	0.0578685	294579
1	0.823256	0.983369	5005830
0.339655	0.823256	0.63595	3237300
0.638912	0.825155	0.864701	4401750
0.743795	0.826311	0.91378	4651590
0.115259	0.450309	0.20545	1045840
0.694962	0.692842	0.833403	4242430
0.803515	0.627754	0.849611	4324940
0.273696	0.794559	0.549259	2796000
1	0.767655	0.970635	4941010
0.731556	1	0.960227	4888030
0.660583	1	0.934482	4756970
0.152609	0.794319	0.377013	1919180
0.426992	1	0.790358	4023310
0.769099	1	0.971015	4942940
0.656641	0.778953	0.854409	4349360
0.209776	0.552001	0.365444	1860290
0.328075	0.688853	0.562105	2861390
0.0331761	0.691608	0.109554	557683
1	0.844437	0.987219	5025430
0.478223	0.844437	0.770007	3919710
0.469827	1	0.82473	4198280
0.757593	0.827243	0.919555	4680990
1	0.672634	0.93937	4781850
0.00105393	1	0.00827888	42143.6
0.00273647	1	0.0188846	96131.9
0.436066	1	0.797984	4062130
1	1	1	5090490
0.566667	0.483333	0.628584	3199800
0.790698	1	0.976385	4970280
1	0.447368	0.807219	4109140
0.773585	1	0.97218	4948870
0.528302	1	0.865405	4405330
1	0.137374	0.410067	2087440
0.571429	1	0.891209	4536690
1	0.483871	0.835131	4251230
1	0.456522	0.814489	4146150
0.634783	0.202899	0.392768	1999380
0.75	1	0.965762	4916200
0.695122	1	0.947916	4825360
0.73913	0.434783	0.686167	3492930
1	1	1	5090490
1	1	1	5090490
1	0.487179	0.837521	4263390
1	1	1	5090490
0.307692	0.384615	0.370907	1888100
1	0.221858	0.555913	2829870
1	0.490566	0.839945	4275730
0.769231	0.487179	0.742569	3780040
0.444444	0.492063	0.551128	2805510
1	1	1	5090490
0.9	1	0.994824	5064140
1	1	1	5090490
0.5	1	0.846574	4309480
0.836364	1	0.985815	5018280
0.385965	0.473684	0.493487	2512090
1	0.494902	0.843014	4291350
0.702703	0.432432	0.665828	3389390
1	1	1	5090490
0.63961	0.496753	0.682023	3471830
0.830508	1	0.984748	5012850
1	0.00170697	0.0125856	64066.6
0.576577	1	0.894067	4551240
1	0.16221	0.457248	2327620
0.78125	1	0.974109	4958700
1	0.464789	0.820897	4178770
0.717358	1	0.95565	4864730
0.70537	1	0.951567	4843940
0.333333	0.470588	0.447433	2277650
0.666667	0.416667	0.633593	3225300
0.545455	1	0.876074	4459650
1	0.432432	0.794953	4046700
0.645833	1	0.928201	4725000
0.829787	1	0.984614	5012170
0.390244	1	0.757457	3855830
1	0.495122	0.843169	4292140
0.718182	0.50101	0.727607	3703880
0.522222	0.50101	0.612441	3117630
0.869697	0.50101	0.797703	4060700
0.571429	1	0.891209	4536690
0.703704	0.462963	0.691163	3518360
1	1	1	5090490
0.660714	1	0.934537	4757250
0.769231	1	0.971049	4943120
0.384615	1	0.75212	3828660
0.648148	1	0.929209	4730130
0.389831	1	0.757068	3853850
0.604167	1	0.908609	4625270
1	0.478261	0.831026	4230330
0.763296	1	0.969469	4935080
0.333333	0.491228	0.460028	2341770
0.727273	1	0.958875	4881150
1	0.307692	0.670355	3412440
0.539394	1	0.872367	4440770
1	0.461538	0.818395	4166030
0.590909	1	0.901782	4590510
0.741512	0.0661211	0.19687	1002160
1	1	1	5090490
1	0.48	0.832305	4236840
0.787234	0.468085	0.736371	3748490
0.617021	0.468085	0.647519	3296190
0.918367	0.387755	0.72379	3684450
1	1	1	5090490
0.644444	1	0.927592	4721900
1	1	1	5090490
1	1	1	5090490
1	1	1	5090490
0.541772	0.688168	0.740677	3770410
0.329307	0.688168	0.56303	2866100
0.74359	1	0.96389	4906670
0.568627	1	0.889635	4528680
1	1	1	5090490
1	1	1	5090490
1	5.12564e-06	6.75624e-05	343.926
1	0.0524194	0.206977	1053610
1	1	1	5090490
1	0.0861538	0.29737	1513760
1	0.477273	0.830296	4226610
1	1	1	5090490
0.775188	0.24812	0.50941	2593150
0.745455	1	0.96444	4909470
0.518519	1	0.859071	4373090
1	1	1	5090490
0.876923	0.415385	0.732122	3726860
1	0.147867	0.430506	2191490
1	0.153055	0.440333	2241510
0.717949	0.461538	0.697365	3549930
0.92	0.48	0.802542	4085330
0.462963	1	0.819495	4171630
0.489362	1	0.839086	4271360
0.6875	0.458333	0.679003	3456460
0.326087	1	0.691497	3520060
0.217391	0.434783	0.317483	1616140
0.732143	1	0.96041	4888960
0.255319	0.468085	0.373394	1900760
1	0.480769	0.832869	4239710
1	0.492063	0.841009	4281150
1	0.242424	0.585955	2982800
1	0.469388	0.824398	4196590
1	0.487805	0.837971	4265680
1	0.463415	0.819842	4173400
1	0.0909006	0.308879	1572350
1	1	1	5090490
0.406061	0.333333	0.406042	2066950
0.206793	0.333333	0.253297	1289410
0.41629	0.333333	0.412819	2101450
0.501084	0.521053	0.611706	3113890
0.261146	0.521053	0.407474	2074240
0.531734	0.521053	0.632674	3220620
0.0526832	0.521053	0.126146	642145
1	0.105263	0.342241	1742180
1	0.0151515	0.0786311	400271
1	1	1	5090490
1	1	1	5090490
0.390244	1	0.757457	3855830
0.381579	0.460526	0.481286	2449980
0.85	0.25	0.541623	2757130
1	0.00877193	0.0503175	256141
0.735849	0.358491	0.615324	3132300
0.421053	1	0.785262	3997370
0.48	0.44	0.539605	2746860
0.403509	0.473684	0.507422	2583030
0.627167	1	0.919767	4682070
0.621836	1	0.917257	4669290
1	0.5	0.846574	4309480
0.5	0.479167	0.581913	2962220
1	1	1	5090490
1	0.363636	0.731491	3723650
1	0.489362	0.839086	4271360
0.879089	0.493168	0.795879	4051410
1	1	1	5090490
1	1	1	5090490
0.975	1	0.999685	5088890
0.775	0.45	0.716123	3645420
1	0.492451	0.841283	4282550
0.8	1	0.978515	4981120
1	1	1	5090490
0.710526	0.473684	0.703072	3578980
0.272727	1	0.627077	3192130
1	0.434783	0.796917	4056700
1	1	1	5090490
1	1	1	5090490
0.472222	0.444444	0.537543	2736360
0.76	1	0.968572	4930510
1	0.128959	0.393101	2001080
0.603774	1	0.908411	4624260
0.660714	1	0.934537	4757250
0.772727	1	0.971959	4947750
1	0.491228	0.840416	4278130
1	0.448276	0.807948	4112850
1	1	1	5090490
1	0.491525	0.840627	4279210
0.5	0.44	0.553108	2815590
1	1	1	5090490
0.794872	1	0.977354	4975210
0.714286	1	0.954623	4859500
0.714286	0.485714	0.714211	3635680
0.538462	0.410256	0.55448	2822580
0.444444	1	0.804858	4097120
1	0.200846	0.523247	2663580
0.173913	1	0.478122	2433870
0.416667	0.479167	0.521328	2653820
0.636364	1	0.923991	4703570
1	1	1	5090490
0.479167	0.416667	0.521328	2653820
0.457627	0.457627	0.536834	2732750
1	1	1	5090490
1	1	1	5090490
1	0.121212	0.376996	1919090
1	1	1	5090490
1	0.463415	0.819842	4173400
0.890909	0.490909	0.799052	4067570
0.679245	1	0.941959	4795030
0.457627	0.491525	0.560526	2853350
0.5	0.444444	0.556462	2832660
1	0.395349	0.762227	3880110
1	1	1	5090490
1	1	1	5090490
0.630435	0.478261	0.663009	3375040
1	0.494898	0.843011	4291340
0.777778	0.481481	0.742306	3778700
1	1	1	5090490
0.8	1	0.978515	4981120
0.522705	1	0.861804	4387000
1	0.461538	0.818395	4166030
0.741379	0.482759	0.72565	3693920
0.642857	1	0.926892	4718340
1	0.473684	0.827628	4213030
0.925	0.475	0.800718	4076050
1	0.502262	0.848137	4317430
0.203704	0.444444	0.308002	1567880
0.745098	1	0.964335	4908940
1	1	1	5090490
0.648649	1	0.929425	4731230
1	1	1	5090490
0.0498339	1	0.199289	1014480
1	0.186585	0.499837	2544420
0.472727	0.472727	0.558337	2842210
1	0.4	0.766516	3901940
1	8.84822e-05	0.00091426	4654.03
0.375	1	0.742811	3781270
0.685714	1	0.94443	4807610
1	1	1	5090490
1	0.232558	0.571771	2910590
0.783333	1	0.974621	4961300
1	0.482759	0.834322	4247110
1	0.235294	0.575746	2930830
0.0825225	0.333075	0.126274	642794
0.409996	0.333075	0.408449	2079200
0.545455	0.454545	0.593701	3022230
1	1	1	5090490
1	1	1	5090490
1	0.428571	0.791699	4030140
0.805556	0.458333	0.73709	3752150
0.422222	1	0.786272	4002510
1	1	1	5090490
0.55814	1	0.883617	4498040
1	1	1	5090490
1	0.461538	0.818395	4166030
1	1	1	5090490
1	0.458333	0.815906	4153360
0.606061	0.454545	0.630643	3210280
1	0.454545	0.812935	4138240
0.538462	1	0.87179	4437840
0.630435	0.413043	0.610774	3109140
0.695652	0.456522	0.681853	3470970
0.377778	0.444444	0.467501	2379810
1	1	1	5090490
1	0.315789	0.679794	3460480
0.423077	1	0.787008	4006260
1	0.212121	0.541036	2754140
1	0.457627	0.815355	4150550
1	1	1	5090490
1	0.447368	0.807219	4109140
1	1	1	5090490
0.898305	0.474576	0.789781	4020370
0.636364	1	0.923991	4703570
1	0.465517	0.821455	4181610
0.734694	1	0.961201	4892990
0.693548	1	0.947342	4822430
0.472727	1	0.826912	4209390
0.722222	0.462963	0.700666	3566730
1	0.219925	0.552994	2815010
0.596774	1	0.904839	4606070
0.22	1	0.553108	2815590
0.75	1	0.965762	4916200
0.65	1	0.930009	4734200
1	0.491228	0.840416	4278130
0.0776488	1	0.276085	1405410
1	1	1	5090490
1	0.425532	0.789113	4016970
1	0.44	0.801231	4078660
0.775862	1	0.972761	4951830
1	0.368421	0.7363	3748130
1	1	1	5090490
0.632653	1	0.922303	4694970
0.0361126	0.527699	0.0945272	481190
0.147225	0.532869	0.278132	1415830
0.109639	0.532869	0.224347	1142040
0.255441	0.680964	0.478179	2434170
0.713847	1	0.954475	4858750
1	0.816962	0.982121	4999480
0.845903	0.513183	0.796351	4053820
0.0223519	0.833893	0.0928692	472750
1	0.422222	0.786272	4002510
1	0.444444	0.804858	4097120
0.5	0.4	0.521888	2656660
1	0.470588	0.825304	4201200
1	1	1	5090490
1	1	1	5090490
0.625	0.458333	0.644578	3281220
1	0.2	0.521888	2656660
1	1	1	5090490
0.166667	1	0.465293	2368570
0.166667	1	0.465293	2368570
0.333333	1	0.699537	3560990
1	1	1	5090490
1	1	1	5090490
0.625	1	0.918752	4676900
0.4	0.4	0.453213	2307080
0.4	0.4	0.453213	2307080
0.6	0.4	0.582508	2965250
0.4	0.4	0.453213	2307080
0.256098	1	0.604953	3079510
0.782609	0.478261	0.742115	3777730
1	0.466667	0.822332	4186070
1	0.210507	0.538526	2741360
1	0.216402	0.547631	2787710
1	0.113274	0.359978	1832470
0.814815	1	0.981684	4997260
0.544118	0.480392	0.612108	3115930
1	0.248635	0.594677	3027200
0.555024	0.478469	0.617672	3144250
0.765766	0.495495	0.747133	3803280
1	1	1	5090490
1	1	1	5090490
1	0.4	0.766516	3901940
0.58744	1	0.899947	4581170
0.692308	1	0.946886	4820120
1	3.24435e-05	0.000367779	1872.18
0.209302	1	0.536646	2731790
0.2	0.45	0.306715	1561330
1	0.0844077	0.293072	1491880
0.227273	1	0.564001	2871040
0.863636	1	0.990248	5040850
0.583333	1	0.897748	4569980
1	0.425532	0.789113	4016970
1	0.444444	0.804858	4097120
1	0.45283	0.81158	4131340
1	0.475	0.828609	4218030
1	1	1	5090490
1	1	1	5090490
0.571429	1	0.891209	4536690
1	1	1	5090490
0.54386	1	0.875105	4454710
1	0.468085	0.823411	4191570
0.392157	1	0.759252	3864970
1	0.47619	0.829494	4222530
1	1	1	5090490
1	0.0566802	0.219371	1116710
0.869565	1	0.991097	5045170
1	1	1	5090490
0.40625	1	0.772195	3930850
0.8	0.48	0.751531	3825660
1	0.0175321	0.088427	450137
0.220339	0.457627	0.332173	1690930
0.4375	0.458333	0.522725	2660930
1	1	1	5090490
0.326923	1	0.692433	3524820
1	0.208537	0.535447	2725690
1	0.46	0.817203	4159970
1	0.275261	0.630358	3208830
1	1	1	5090490
0.778409	0.0852273	0.246322	1253900
0.603448	0.413793	0.596161	3034750
1	0.466667	0.822332	4186070
1	1	1	5090490
1	0.46875	0.823915	4194130
0.508772	0.438596	0.557849	2839720
1	0.372093	0.739948	3766700
1	0.436364	0.798231	4063390
0.655172	1	0.932217	4745440
0.232558	0.418605	0.324121	1649940
1	0.469388	0.824398	4196590
1	0.00384615	0.0252334	128450
0.644444	0.444444	0.644529	3280970
1	0.47619	0.829494	4222530
1	0.0267861	0.123749	629941
1	1	1	5090490
1	1	1	5090490
1	0.459459	0.816783	4157830
0.42	1	0.78435	3992730
1	1	1	5090490
1	1	1	5090490
0.6	0.444444	0.619135	3151700
0.711538	0.461538	0.694084	3533230
0.42	0.46	0.510826	2600360
1	1	1	5090490
1	0.169435	0.470231	2393710
1	0.418605	0.783137	3986550
0.529412	0.441176	0.573236	2918050
1	0.489362	0.839086	4271360
1	1	1	5090490
1	1	1	5090490
0.1875	1	0.501371	2552220
0.534483	1	0.869313	4425230
1	1	1	5090490
1	1	1	5090490
1	1	1	5090490
0.792453	0.471698	0.741631	3775260
1	0.470588	0.825304	4201200
0.372881	1	0.740727	3770660
0.872626	0.781424	0.942977	4800220
0.787607	0.826044	0.930266	4735510
0.594974	1	0.903907	4601330
1	0.0640114	0.239959	1221510
1	1	1	5090490
1	0.0311563	0.139229	708745
1	1	1	5090490
0.333333	0.444444	0.431043	2194220
0.844828	1	0.987285	5025760
0.325	0.475	0.442805	2254090
1	0.344828	0.711969	3624270
1	0.407407	0.773235	3936150
0.431034	0.413793	0.485842	2473180
1	1	1	5090490
1	0.434783	0.796917	4056700
1	1	1	5090490
0.86	1	0.989708	5038100
0.391304	1	0.758453	3860900
0.388889	0.444444	0.476241	2424300
0.574468	0.404255	0.571295	2908170
1	0.0478424	0.193276	983869
0.307692	1	0.670355	3412440
0.690909	1	0.946371	4817490
1	1	1	5090490
0.4	1	0.766516	3901940
1	1	1	5090490
0.74359	0.384615	0.643999	3278270
0.473684	1	0.827628	4213030
0.542041	1	0.873994	4449060
0.76	1	0.968572	4930510
1	1	1	5090490
1	0.0221274	0.106454	541901
1	1	1	5090490
1	1	1	5090490
0.488889	1	0.838748	4269640
1	1	1	5090490
1	0.10922	0.351075	1787150
0.321429	1	0.686244	3493320
1	0.471698	0.82614	4205460
0.685714	0.342857	0.575468	2929410
1	0.489362	0.839086	4271360
1	0.467742	0.82315	4190240
0.484848	1	0.835839	4254830
0.386364	1	0.753786	3837140
1	1	1	5090490
0.289474	1	0.648332	3300330
1	0.0785188	0.278303	1416700
1	1	1	5090490
0.0512821	0.487179	0.117161	596409
0.457627	1	0.815355	4150550
1	1	1	5090490
1	0.390244	0.757457	3855830
1	0.457627	0.815355	4150550
1	1	1	5090490
1	1	1	5090490
0.238095	1	0.579782	2951380
0.727273	0.454545	0.6965	3545520
1	1	1	5090490
0.222222	1	0.556462	2832660
0.307692	0.461538	0.419197	2133920
0.754386	1	0.967011	4922560
0.0217786	1	0.105121	535120
0.489796	1	0.839396	4272940
0.234694	1	0.574876	2926400
0.680851	0.446809	0.666231	3391440
1	0.425926	0.789449	4018680
0.77193	0.491228	0.746901	3802090
1	0.229379	0.567111	2886870
0.611111	1	0.912069	4642880
0.863636	1	0.990248	5040850
0.842105	0.447368	0.744505	3789900
0.271186	0.474576	0.392567	1998360
0.761905	1	0.969092	4933160
0.673913	1	0.939876	4784430
1	0.0506202	0.201641	1026450
0.7	1	0.949672	4834300
1	1	1	5090490
0.785714	1	0.975199	4964240
0.755102	0.469388	0.722066	3675670
0.788462	1	0.975856	4967590
0.625	1	0.918752	4676900
1	0.419355	0.78379	3989880
1	1	1	5090490
0.247449	0.406419	0.331565	1687830
0.0912572	0.406419	0.159275	810789
0.54854	0.406419	0.557536	2838130
0.636168	0.406419	0.608283	3096460
1	1	1	5090490
0.323944	1	0.689088	3507800
0.812613	0.105019	0.295371	1503590
1	0.44186	0.802755	4086420
0.904762	1	0.995314	5066630
1	1	1	5090490
0.3	1	0.661192	3365790
0.725	1	0.958148	4877440
0.695652	0.478261	0.698845	3557460
0.311111	1	0.674366	3432850
0.788732	1	0.975921	4967920
0.477612	0.447761	0.543719	2767800
0.82	1	0.98273	5002580
1	1	1	5090490
1	1	1	5090490
0.979592	1	0.99979	5089420
0.868421	1	0.990937	5044350
0.452381	1	0.811223	4129530
0.818182	0.454545	0.739758	3765730
1	1	1	5090490
1	1	1	5090490
0.282609	1	0.639739	3256590
0.52381	1	0.862519	4390650
0.42	1	0.78435	3992730
1	1	1	5090490
1	0.490612	0.839978	4275900
1	0.00813054	0.0472557	240555
1	0.194805	0.513459	2613760
1	1	1	5090490
1	1	1	5090490
1	0.4	0.766516	3901940
0.833333	0.479167	0.765879	3898700
0.945455	0.472727	0.806876	4107400
0.0731348	1	0.264415	1346000
1	0.0346288	0.151088	769111
1	0.395833	0.762677	3882400
1	0.386364	0.753786	3837140
0.477273	0.363636	0.477493	2430670
0.194444	1	0.512868	2610750
0.735294	0.441176	0.689596	3510380
1	0.0802139	0.282598	1438560
1	1	1	5090490
0.925	0.45	0.78108	3976080
1	1	1	5090490
0.584906	0.471698	0.63118	3213010
1	0.440678	0.801788	4081490
1	1	1	5090490
0.785714	0.452381	0.723109	3680980
0.827694	0.494987	0.775286	3946590
0.703125	1	0.95078	4839940
0.775	1	0.972541	4950710
0.5	1	0.846574	4309480
1	1	1	5090490
0.358491	0.471698	0.469634	2390670
0.392157	1	0.759252	3864970
0.388889	1	0.75618	3849330
1	1	1	5090490
0.78	0.44	0.710232	3615430
1	1	1	5090490
0.785714	0.47619	0.741976	3777020
0.541667	1	0.873765	4447890
0.681818	0.477273	0.690741	3516210
1	1	1	5090490
0.424242	1	0.788009	4011350
0.727273	1	0.958875	4881150
1	0.416667	0.781445	3977940
0.657143	0.171429	0.358625	1825570
0.55	1	0.87881	4473580
1	1	1	5090490
1	0.117356	0.368797	1877360
0.638298	1	0.924862	4708000
0.533333	0.422222	0.560899	2855250
1	0.425532	0.789113	4016970
0.608696	0.478261	0.650362	3310660
0.770833	1	0.971468	4945250
0.0208333	0.458333	0.0539626	274696
1	1	1	5090490
1	0.396226	0.763041	3884250
1	1	1	5090490
1	1	1	5090490
1	0.404255	0.770393	3921680
1	1	1	5090490
0.306122	0.346939	0.344359	1752960
1	1	1	5090490
0.253659	1	0.601619	3062530
1	0.419355	0.78379	3989880
1	1	1	5090490
0.744681	1	0.964212	4908310
0.840909	1	0.986615	5022350
0.75	1	0.965762	4916200
1	1	1	5090490
1	0.36	0.727794	3704830
0.52	0.36	0.500868	2549660
1	0.44	0.801231	4078660
1	0.183333	0.494349	2516480
1	1	1	5090490
1	0.434783	0.796917	4056700
0.203922	1	0.528161	2688600
0.196078	0.470588	0.312158	1589040
1	1	1	5090490
1	1	1	5090490
0.61794	1	0.915394	4659810
0.435216	1	0.797278	4058540
0.709677	1	0.953058	4851530
0.189115	0.119811	0.108469	552162
0.0115456	0.119811	0.0104899	53398.8
0.600702	0.229006	0.410445	2089370
0.420718	0.229006	0.321779	1638010
0.452237	0.17619	0.281248	1431690
1	1	1	5090490
0.789773	0.172348	0.407565	2074710
0.731707	1	0.960274	4888270
1	1	1	5090490
0.727273	1	0.958875	4881150
1	0.000248263	0.0023091	11754.4
1	0.1079	0.348145	1772230
1	0.45098	0.81011	4123860
0.4	0.457143	0.493541	2512360
0.547619	0.47619	0.611277	3111700
1	0.363636	0.731491	3723650
1	1	1	5090490
0.317073	0.487805	0.443355	2256900
1	0.382353	0.749951	3817620
1	0.475	0.828609	4218030
1	0.451613	0.810613	4126420
1	1	1	5090490
1	1	1	5090490
1	0.395349	0.762227	3880110
0.648309	1	0.929278	4730480
0.722222	1	0.95725	4872870
0.446809	0.489362	0.551061	2805170
1	1	1	5090490
0.153846	0.487179	0.269142	1370070
1	1	1	5090490
1	1	1	5090490
0.54	1	0.872741	4442680
0.693878	0.408163	0.640505	3260480
0.76	1	0.968572	4930510
1	0.489796	0.839396	4272940
0.616667	0.45	0.633237	3223490
1	0.206897	0.53287	2712570
1	0.1777	0.484706	2467390
1	0.0509804	0.202714	1031910
0.925	1	0.997114	5075800
0.318182	0.484848	0.442608	2253090
1	0.491228	0.840416	4278130
0.806452	0.451613	0.732065	3726570
1	1	1	5090490
1	0.237288	0.578622	2945470
0.907407	0.481481	0.798675	4065650
0.515426	0.228675	0.369886	1882900
1	1	1	5090490
1	1	1	5090490
1	1	1	5090490
1	1	1	5090490
1	0.452381	0.811223	4129530
0.680851	1	0.942578	4798190
0.148148	1	0.431043	2194220
1	1	1	5090490
1	0.265781	0.617962	3145730
1	0.325581	0.69093	3517170
0.48	1	0.832305	4236840
1	7.63375e-06	9.75818e-05	496.739
1	0.446429	0.806462	4105290
1	1	1	5090490
1	1	1	5090490
1	1	1	5090490
0.577778	0.488889	0.639563	3255690
0.777778	1	0.973245	4954290
0.846154	1	0.987507	5026900
1	0.474576	0.828294	4216420
0.622951	0.459016	0.643935	3277950
0.333333	0.481481	0.454117	2311680
1	0.482759	0.834322	4247110
1	1	1	5090490
1	0.2	0.521888	2656660
1	0.222222	0.556462	2832660
1	0.489362	0.839086	4271360
1	0.213904	0.543792	2768170
0.375	0.45	0.469013	2387510
1	1	1	5090490
0.593688	0.605932	0.727523	3703450
1	1	1	5090490
1	0.459016	0.816438	4156070
0.654545	0.381818	0.596459	3036270
1	0.47619	0.829494	4222530
0.412698	1	0.777952	3960160
0.820513	1	0.982831	5003090
1	0.466667	0.822332	4186070
1	1	1	5090490
1	1	1	5090490
1	0.212121	0.541036	2754140
1	0.488889	0.838748	4269640
1	1	1	5090490
0.418605	0.465116	0.513286	2612880
0.614035	0.421053	0.60827	3096390
0.836735	1	0.985881	5018620
1	1	1	5090490
1	1	1	5090490
1	0.481481	0.83339	4242370
1	1	1	5090490
0.822239	0.0208412	0.0868227	441970
0.354167	1	0.721787	3674250
0.353043	0.0956522	0.148187	754344
0.56	0.48	0.621946	3166010
0.852941	1	0.988614	5032530
0.489362	1	0.839086	4271360
0.444444	1	0.804858	4097120
1	0.322034	0.68693	3496810
1	0.288136	0.64667	3291870
1	0.34375	0.71082	3618420
0.419355	1	0.78379	3989880
1	1	1	5090490
0.857143	1	0.989272	5035880
1	0.333333	0.699537	3560990
1	0.227273	0.564001	2871040
0.5	0.35	0.48002	2443540
0.52381	0.428571	0.559861	2849970
1	1	1	5090490
0.622951	0.47541	0.65654	3342110
0.643836	0.493151	0.68177	3470540
0.566667	1	0.888524	4523020
0.807018	0.438596	0.721568	3673130
0.207547	0.415094	0.297365	1513730
1	1	1	5090490
0.307692	0.423077	0.395591	2013750
1	1	1	5090490
1	1	1	5090490
1	0.481481	0.83339	4242370
1	0.456522	0.814489	4146150
1	0.114426	0.362482	1845210
0.618227	1	0.915532	4660510
0.636364	1	0.923991	4703570
1	1	1	5090490
1	0.448276	0.807948	4112850
0.181818	1	0.491772	2503360
0.212121	1	0.541036	2754140
0.243902	1	0.588046	2993440
1	0.478261	0.831026	4230330
1	0.104167	0.339767	1729580
1	0.3125	0.675985	3441090
1	1	1	5090490
1	0.477273	0.830296	4226610
0.509091	1	0.852793	4341130
0.76087	0.456522	0.714649	3637920
0.595745	1	0.904307	4603360
1	0.0725806	0.262964	1338610
1	1	1	5090490
1	1	1	5090490
0.5	1	0.846574	4309480
1	1	1	5090490
0.382979	1	0.750552	3820680
1	0.4	0.766516	3901940
1	0.0410114	0.171998	875554
0.75	0.409091	0.669324	3407190
0.767442	0.395349	0.665275	3386580
1	1	1	5090490
1	0.0367075	0.158017	804386
0.324324	1	0.689517	3509980
1	0.490566	0.839945	4275730
1	0.431818	0.794438	4044080
1	0.452381	0.811223	4129530
1	0.413043	0.778258	3961710
1	1	1	5090490
1	0.681659	0.942888	4799760
0.648649	1	0.929425	4731230
1	0.410256	0.775784	3949120
0.333333	1	0.699537	3560990
1	1	1	5090490
0.658537	1	0.93363	4752640
0.679245	0.471698	0.685073	3487360
0.660377	0.471698	0.674818	3435160
1	1	1	5090490
0.387755	0.428571	0.464422	2364140
0.731707	0.439024	0.686026	3492210
0.553191	0.446809	0.592635	3016800
0.811039	0.579093	0.824609	4197670
0.73913	0.202899	0.434508	2211860
1	0.488889	0.838748	4269640
1	1	1	5090490
1	1	1	5090490
0.288462	1	0.647075	3293930
0.411765	1	0.777125	3955950
0.814815	0.444444	0.729974	3715930
0.483333	0.483333	0.573304	2918400
0.403066	1	0.769314	3916190
1	0.487805	0.837971	4265680
0.789474	0.473684	0.741791	3776080
0.689655	1	0.945906	4815130
0.285714	1	0.643647	3276480
0.74	1	0.962818	4901220
0.352941	1	0.720513	3667770
1	1	1	5090490
1	1	1	5090490
0.625	1	0.918752	4676900
1	0.117356	0.368797	1877360
1	0.0490956	0.197069	1003180
1	1	1	5090490
1	0.21041	0.538375	2740590
0.14936	1	0.433352	2205980
0.657143	1	0.933047	4749670
0.818182	1	0.982367	5000730
0.717949	1	0.955846	4865730
1	0.290323	0.649383	3305680
1	0.4	0.766516	3901940
0.925	0.45	0.78108	3976080
1	0.0637899	0.23935	1218410
1	6.45479e-07	9.84567e-06	50.1193
0.408163	1	0.773913	3939600
1	0.457627	0.815355	4150550
1	0.44186	0.802755	4086420
0.568182	1	0.889383	4527400
1	1	1	5090490
1	0.458333	0.815906	4153360
1	1	1	5090490
1	1	1	5090490
0.782609	1	0.974444	4960400
1	1	1	5090490
1	0.459016	0.816438	4156070
1	1	1	5090490
1	0.0567745	0.219642	1118080
0.327586	1	0.693174	3528590
1	1	1	5090490
1	0.00616698	0.037548	191138
0.791667	1	0.976612	4971430
0.723404	0.446809	0.688275	3503660
1	0.491525	0.840627	4279210
1	1	1	5090490
1	0.447368	0.807219	4109140
0.319048	1	0.683532	3479520
0.383333	0.45	0.475644	2421260
1	0.45	0.809328	4119880
1	0.467742	0.82315	4190240
0.614035	0.491228	0.663151	3375770
1	1	1	5090490
1	0.47619	0.829494	4222530
0.740741	1	0.96304	4902350
1	1	1	5090490
0.215686	0.470588	0.3337	1698700
1	0.491228	0.840416	4278130
1	0.225306	0.561079	2856170
1	0.485714	0.836465	4258020
1	0.447368	0.807219	4109140
0.854167	1	0.988808	5033520
1	1	1	5090490
0.617021	1	0.914951	4657550
0.652174	0.478261	0.675297	3437590
0.247808	1	0.593526	3021340
1	0.403846	0.770022	3919790
0.45	0.475	0.543555	2766960
0.963636	1	0.999331	5087080
0.684211	0.473684	0.689264	3508690
0.75	1	0.965762	4916200
0.79661	1	0.977751	4977230
0.610994	1	0.912011	4642580
1	0.447368	0.807219	4109140
1	0.342857	0.709866	3613560
0.816667	0.466667	0.748755	3811530
1	1	1	5090490
0.888889	0.462963	0.77691	3954850
1	0.458333	0.815906	4153360
1	1	1	5090490
0.716981	1	0.955525	4864090
1	0.495082	0.84314	4292000
0.954545	0.431818	0.777502	3957870
0.333333	1	0.699537	3560990
0.69457	0.158371	0.3528	1795920
0.396226	1	0.763041	3884250
1	1	1	5090490
0.394737	1	0.761659	3877220
0.795918	0.428571	0.707989	3604010
1	1	1	5090490
1	0.45	0.809328	4119880
1	0.110444	0.35378	1800910
0.716981	1	0.955525	4864090
1	0.486486	0.837022	4260860
1	1	1	5090490
0.351852	1	0.719377	3661980
0.784314	1	0.97486	4962510
1	1	1	5090490
0.713469	1	0.954348	4858100
0.875	1	0.99184	5048950
0.909091	1	0.995737	5068790
0.553247	1	0.880742	4483410
1	1	1	5090490
0.110588	1	0.354097	1802530
1	0.481481	0.83339	4242370
1	1	1	5090490
0.315789	0.315789	0.32962	1677930
0.425532	0.361702	0.441946	2249720
0.413636	0.211039	0.300157	1527940
0.411765	0.490196	0.524849	2671740
0.470588	1	0.825304	4201200
0.851064	0.468085	0.76502	3894330
1	0.0162602	0.0832364	423714
1	1	1	5090490
0.615385	0.410256	0.599979	3054190
1	0.46	0.817203	4159970
0.62	1	0.916382	4664840
1	0.0256259	0.119523	608431
1	1	1	5090490
0.532258	1	0.867914	4418110
0.837209	0.488372	0.774546	3942820
0.528302	1	0.865405	4405330
0.206531	1	0.532293	2709630
0.558781	1	0.88399	4499940
0.614362	1	0.913661	4650980
0.789744	1	0.97616	4969130
0.723077	1	0.957527	4874280
0.3	1	0.661192	3365790
0.390244	0.487805	0.506141	2576510
0.690476	0.428571	0.65625	3340630
0.738095	1	0.962242	4898280
0.761905	1	0.969092	4933160
1	0.423077	0.787008	4006260
1	0.238901	0.580936	2957250
0.338983	1	0.705697	3592340
0.804348	1	0.979473	4986000
0.709091	1	0.952856	4850510
0.295455	1	0.655685	3337760
0.444444	1	0.804858	4097120
1	0.176471	0.482577	2456550
1	0.4375	0.799172	4068180
1	1	1	5090490
1	0.137374	0.410067	2087440
0.666667	0.452381	0.663099	3375500
0.755782	0.158187	0.373487	1901230
0.89757	0.0187517	0.0855777	435633
0.638298	0.404255	0.607585	3092910
1	0.459459	0.816783	4157830
1	0.439024	0.800429	4074580
1	0.176471	0.482577	2456550
1	0.183468	0.494577	2517640
1	1	1	5090490
1	0.471698	0.82614	4205460
0.445032	1	0.805334	4099540
1	0.460317	0.81745	4161220
1	1	1	5090490
1	1	1	5090490
0.583333	1	0.897748	4569980
1	1	1	5090490
1	1	1	5090490
0.688889	0.488889	0.703317	3580230
1	0.44186	0.802755	4086420
1	1	1	5090490
0.983051	0.49209	0.835043	4250780
0.385965	1	0.753407	3835210
0.577778	0.377778	0.550484	2802240
0.680851	0.468085	0.683131	3477470
0.701754	1	0.950296	4837470
0.808219	0.493151	0.765207	3895280
0.627197	0.194265	0.378323	1925850
1	1	1	5090490
1	1	1	5090490
1	1	1	5090490
1	9.79759e-06	0.000122797	625.096
1	7.70857e-07	1.16213e-05	59.1579
0.816327	0.469388	0.75074	3821630
1	0.490248	0.839718	4274580
0.40625	0.34375	0.414564	2110340
0.301887	0.471698	0.419953	2137770
1	0.483333	0.83474	4249240
0.440678	1	0.801788	4081490
1	0.274775	0.62973	3205630
1	1	1	5090490
1	0.0406404	0.170811	869513
1	1	1	5090490
0.970588	0.441176	0.791385	4028540
1	0.444444	0.804858	4097120
0.821419	0.726954	0.905024	4607020
0.266667	1	0.619135	3151700
0.666667	0.433333	0.647606	3296630
0.233333	0.433333	0.332811	1694170
0.728522	1	0.959272	4883170
1	1	1	5090490
1	1	1	5090490
1	1	1	5090490
1	0.470588	0.825304	4201200
1	0.407407	0.773235	3936150
0.210526	1	0.538557	2741520
0.7007	0.709848	0.844758	4300230
0.837838	0.432432	0.730145	3716800
1	0.383333	0.750893	3822410
1	0.142938	0.421001	2143100
0.666667	1	0.936977	4769670
0.517857	0.446429	0.569766	2900390
1	0.237903	0.579506	2949970
0.75	1	0.965762	4916200
1	1	1	5090490
1	0.482759	0.834322	4247110
0.72549	0.431373	0.676515	3443800
1	0.431373	0.794063	4042170
0.425532	1	0.789113	4016970
1	0.0332661	0.146478	745645
1	0.492063	0.841009	4281150
0.28	0.48	0.404132	2057230
1	0.419355	0.78379	3989880
1	1	1	5090490
1	1	1	5090490
0.21875	1	0.551212	2805940
1	0.416667	0.781445	3977940
1	1	1	5090490
1	0.444444	0.804858	4097120
1	0.489879	0.839455	4273240
0.70485	0.0128205	0.0515668	262501
1	0.0135508	0.0718368	365685
0.428571	0.142857	0.232237	1182200
0.166667	1	0.465293	2368570
1	1	1	5090490
1	0.479167	0.831693	4233720
1	0.489855	0.839438	4273150
1	0.0892877	0.304997	1552580
1	0.44898	0.808513	4115730
0.210526	1	0.538557	2741520
0.755102	1	0.967212	4923580
1	1	1	5090490
0.796296	0.425926	0.705892	3593330
1	1	1	5090490
0.561404	1	0.88551	4507680
0.473684	0.491228	0.571959	2911550
0.486486	0.378378	0.495607	2522880
1	0.446429	0.806462	4105290
0.612262	0.589502	0.728743	3709660
0.773585	1	0.97218	4948870
1	0.0497866	0.199147	1013760
0.411765	0.470588	0.511765	2605140
0.64	1	0.925624	4711880
0.303571	0.482143	0.427627	2176830
0.45614	0.45614	0.534706	2721910
1	1	1	5090490
0.631579	0.45614	0.646611	3291570
1	0.00125139	0.00961506	48945.4
0.387097	0.290323	0.358034	1822570
1	0.0186874	0.0930616	473729
0.56129	0.0774194	0.17973	914916
0.590909	1	0.901782	4590510
1	0.481481	0.83339	4242370
0.685714	0.490612	0.702914	3578180
0.647059	0.496983	0.686413	3494180
0.777778	1	0.973245	4954290
1	1	1	5090490
1	0.0195652	0.0965348	491410
0.696429	1	0.948389	4827770
0.710526	0.473684	0.703072	3578980
0.52	1	0.860042	4378030
1	1	1	5090490
0.826923	0.423077	0.717282	3651320
0.480769	0.442308	0.541852	2758290
1	1	1	5090490
1	1	1	5090490
0.394737	1	0.761659	3877220
0.509091	1	0.852793	4341130
1	1	1	5090490
1	0.4	0.766516	3901940
0.615385	0.480769	0.656176	3340260
0.648649	1	0.929425	4731230
0.644444	1	0.927592	4721900
1	1	1	5090490
1	1	1	5090490
1	0.469388	0.824398	4196590
1	0.224291	0.559563	2848450
1	1	1	5090490
0.4	0.466667	0.499974	2545110
1	0.0184922	0.0922835	469768
1	1	1	5090490
0.466667	0.466667	0.549732	2798410
0.647059	0.323529	0.536709	2732110
1	0.428571	0.791699	4030140
0.777778	1	0.973245	4954290
1	1	1	5090490
1	1	1	5090490
0.444444	1	0.804858	4097120
1	1	1	5090490
0.53125	1	0.867278	4414870
0.666667	1	0.936977	4769670
1	1	1	5090490
0.930233	0.465116	0.795149	4047700
0.526316	1	0.864134	4398860
1	0.451613	0.810613	4126420
0.955556	0.422222	0.769669	3917990
0.7	0.45	0.678883	3455850
0.826087	0.478261	0.761982	3878860
1	0.413793	0.77892	3965080
1	0.244318	0.588632	2996430
1	1	1	5090490
0.692308	0.487179	0.703848	3582930
0.295082	0.393443	0.366094	1863600
0.386364	1	0.753786	3837140
1	0.487179	0.837521	4263390
0.148936	1	0.432546	2201870
0.723404	0.489362	0.721621	3673400
1	1	1	5090490
1	0.404762	0.770851	3924010
0.487805	0.414634	0.525513	2675120
1	0.0137653	0.0727579	370373
1	0.0137653	0.0727579	370373
1	0.00542269	0.0337138	171620
0.705882	1	0.951746	4844850
0.77551	1	0.972671	4951370
0.362238	0.043956	0.0818422	416617
0.531469	0.043956	0.111122	565665
0.68951	0.043956	0.136276	693710
0.531469	0.043956	0.111122	565665
0.531469	0.043956	0.111122	565665
1	0.043956	0.1813	922904
1	0.4	0.766516	3901940
1	0.4	0.766516	3901940
1	0.4	0.766516	3901940
1	0.4	0.766516	3901940
1	0.4	0.766516	3901940
1	0.4	0.766516	3901940
1	0.498747	0.845703	4305050
1	0.380952	0.748602	3810750
1	1	1	5090490
0.48	1	0.832305	4236840
1	1	1	5090490
1	1	1	5090490
0.633333	0.466667	0.655808	3338380
1	1	1	5090490
1	1	1	5090490
1	0.428571	0.791699	4030140
0.393939	0.484848	0.507199	2581890
0.666667	0.444444	0.65671	3342970
1	0.212121	0.541036	2754140
0.866667	1	0.990687	5043090
0.444444	1	0.804858	4097120
1	0.106942	0.346007	1761350
0.807498	0.000131586	0.00107845	5489.86
0.896552	0.431034	0.753863	3837530
0.770417	0.0482594	0.159575	812318
1	0.476923	0.830037	4225300
0.610169	1	0.911605	4640510
0.446429	0.464286	0.533458	2715560
1	1	1	5090490
1	1	1	5090490
0.68	1	0.94225	4796520
1	0.32	0.684619	3485050
1	1	1	5090490
0.354839	1	0.722484	3677800
0.831933	0.152941	0.389562	1983060
1	0.204204	0.52861	2690880
1	0.0980769	0.325812	1658540
1	1	1	5090490
0.820513	1	0.982831	5003090
1	0.408163	0.773913	3939600
1	0.468085	0.823411	4191570
1	0.465116	0.821148	4180050
1	0.18797	0.502157	2556220
0.78125	1	0.974109	4958700
0.2	1	0.521888	2656660
0.396226	1	0.763041	3884250
0.396226	1	0.763041	3884250
0.75	1	0.965762	4916200
0.75	1	0.965762	4916200
0.75	1	0.965762	4916200
1	0.489362	0.839086	4271360
1	0.172348	0.475378	2419910
1	1	1	5090490
1	0.488889	0.838748	4269640
1	1	1	5090490
1	1	1	5090490
0.587805	1	0.900141	4582160
0.75	1	0.965762	4916200
0.816327	0.428571	0.717285	3651330
1	1	1	5090490
1	0.448276	0.807948	4112850
0.489362	1	0.839086	4271360
0.745098	1	0.964335	4908940
1	0.468085	0.823411	4191570
0.348837	0.418605	0.426974	2173510
0.886364	1	0.993284	5056300
1	0.00332782	0.0223145	113592
1	1	1	5090490
1	1	1	5090490
0.346154	1	0.713379	3631450
0.3125	1	0.675985	3441090
0.286275	1	0.644348	3280050
1	1	1	5090490
0.459016	1	0.816438	4156070
1	1	1	5090490
0.625	1	0.918752	4676900
0.692308	1	0.946886	4820120
0.72	1	0.956523	4869170
0.541667	1	0.873765	4447890
0.848485	0.424242	0.727757	3704640
0.714286	0.485714	0.714211	3635680
1	0.457143	0.814976	4148630
1	0.352941	0.720513	3667770
0.510638	1	0.853835	4346440
1	0.4	0.766516	3901940
0.666667	0.444444	0.65671	3342970
1	1	1	5090490
0.777778	0.466667	0.730809	3720180
1	0.466667	0.822332	4186070
1	0.175763	0.481348	2450300
0.147314	0.0290081	0.0275857	140425
1	0.0406404	0.170811	869513
0.759259	1	0.968368	4929470
1	0.433333	0.795707	4050540
0.673469	0.469388	0.680172	3462410
1	0.380952	0.748602	3810750
0.897959	1	0.994607	5063040
1	0.0133434	0.0709434	361137
1	0.154545	0.443123	2255710
1	0.476923	0.830037	4225300
0.475	0.425	0.524897	2671980
1	0.492754	0.841498	4283640
0.714286	0.452381	0.688169	3503120
0.575	0.4	0.568025	2891530
0.683333	0.466667	0.683351	3478590
0.387755	0.408163	0.450028	2290870
0.458333	0.430556	0.517585	2634760
0.937452	0.22973	0.546034	2779580
1	1	1	5090490
0.520833	0.458333	0.580671	2955900
0.801854	0.0378114	0.136314	693907
0.198074	0.0298215	0.0362187	184371
0.284925	0.0152601	0.0279925	142496
0.40333	0.0447084	0.0904424	460396
1	0.0447084	0.183644	934838
1	0.0447084	0.183644	934838
1	0.0447084	0.183644	934838
0.820834	0.0895054	0.265289	1350450
0.741032	0.182244	0.405432	2063850
1	0.333333	0.699537	3560990
1	0.477273	0.830296	4226610
0.314815	1	0.678669	3454760
1	0.493213	0.841823	4285290
0.745455	1	0.96444	4909470
0.818182	0.454545	0.739758	3765730
1	1	1	5090490
0.669565	1	0.938146	4775620
0.535291	0.391067	0.536697	2732050
0.434811	0.391067	0.471304	2399170
0.673077	0.442308	0.658422	3351690
0.711538	1	0.953693	4854770
0.854839	0.483871	0.778777	3964360
1	0.219231	0.551942	2809660
1	1	1	5090490
1	0.45	0.809328	4119880
1	1	1	5090490
1	1	1	5090490
0.489362	1	0.839086	4271360
1	1	1	5090490
1	1	1	5090490
0.358491	1	0.726249	3696960
1	1	1	5090490
1	1	1	5090490
0.807692	1	0.980194	4989670
1	1	1	5090490
1	0.487805	0.837971	4265680
1	1	1	5090490
0.705882	0.382353	0.623384	3173330
1	0.42	0.78435	3992730
0.583333	1	0.897748	4569980
0	1	0	0
0.565714	0.139592	0.279448	1422530
0.85	0.45	0.750093	3818340
1	0.0368906	0.158622	807465
1	0.0320648	0.142368	724722
1	0.115942	0.365758	1861890
1	0.0210378	0.102274	520624
0.444444	0.488889	0.548979	2794570
0.735849	1	0.961556	4894790
0.557764	1	0.883397	4496930
1	0.461538	0.818395	4166030
1	0.494912	0.843021	4291390
1	0.23913	0.581265	2958930
1	0.085042	0.294637	1499850
0.428571	1	0.791699	4030140
0.585106	0.492908	0.647003	3293560
0.586207	1	0.89929	4577830
1	1	1	5090490
1	1	1	5090490
0.307692	1	0.670355	3412440
1	0.361702	0.729529	3713660
0.461538	0.358974	0.463523	2359560
1	1	1	5090490
0.666667	1	0.936977	4769670
0.866667	1	0.990687	5043090
1	1	1	5090490
1	0.47619	0.829494	4222530
0.649328	1	0.929719	4732730
0.791667	0.416667	0.695705	3541480
0.387097	1	0.754483	3840690
0.442308	1	0.80312	4088270
0.145833	0.4375	0.239383	1218580
1	1	1	5090490
1	1	1	5090490
0.722222	1	0.95725	4872870
1	0.45614	0.81419	4144630
1	0.439024	0.800429	4074580
0.821429	1	0.983012	5004010
1	1	1	5090490
1	1	1	5090490
1	1	1	5090490
0.534884	1	0.869564	4426510
1	0.488889	0.838748	4269640
1	0.488372	0.838377	4267750
0.731707	0.463415	0.705806	3592900
0.285714	1	0.643647	3276480
1	0.237647	0.579138	2948100
0.282051	1	0.639034	3253000
1	1	1	5090490
0.881116	0.0736572	0.242397	1233920
1	3.37792e-06	4.59338e-05	233.826
0.606383	0.489362	0.65725	3345720
1	1	1	5090490
1	1	1	5090490
0.71134	1	0.953626	4854420
0.447314	0.673662	0.6628	3373980
0.824851	0.530371	0.799153	4068080
1	0.468085	0.823411	4191570
1	0.25	0.596574	3036850
0.454545	0.484848	0.553692	2818560
0.449502	1	0.808931	4117850
1	1	1	5090490
1	0.211039	0.539355	2745580
1	0.477273	0.830296	4226610
0.425087	1	0.788733	4015040
0.547826	1	0.877506	4466940
0.688889	1	0.945621	4813670
1	0.480769	0.832869	4239710
0.686258	0.607752	0.781802	3979760
0.318504	0.611471	0.513378	2613350
0.107109	1	0.34638	1763240
1	0.46	0.817203	4159970
0.501224	0.497143	0.595436	3031060
1	1	1	5090490
0.222222	1	0.556462	2832660
1	1	1	5090490
1	1	1	5090490
1	0.40625	0.772195	3930850
1	1	1	5090490
0.581818	1	0.896929	4565810
0.680556	1	0.942465	4797610
0.690722	0.463918	0.685118	3487590
0.468085	0.425532	0.520574	2649980
1	0.242915	0.58665	2986340
0.915254	1	0.996303	5071670
0.936232	0.202899	0.505473	2573100
1	1	1	5090490
0.26087	1	0.611409	3112370
1	0.483871	0.835131	4251230
0.791667	0.479167	0.747043	3802820
1	0.475	0.828609	4218030
0.473684	1	0.827628	4213030
0.642857	1	0.926892	4718340
0.714286	1	0.954623	4859500
1	1	1	5090490
0.928571	0.357143	0.697665	3551460
1	0.174603	0.479328	2440010
1	0.0996169	0.329376	1676680
0.846154	0.461538	0.757728	3857210
0.55102	1	0.879419	4476680
0.770833	1	0.971468	4945250
0.825397	1	0.983783	5007940
1	0.47619	0.829494	4222530
0.298246	0.473684	0.417755	2126580
1	1	1	5090490
0.65	1	0.930009	4734200
0.709091	0.454545	0.687247	3498430
1	0.491803	0.840824	4280210
1	0.4	0.766516	3901940
0.250612	1	0.597422	3041170
1	0.533333	0.868591	4421560
1	0.442308	0.80312	4088270
0.510204	1	0.853543	4344950
1	0.479167	0.831693	4233720
0.380952	0.492063	0.501291	2551820
0.721311	1	0.956953	4871360
0.781818	0.436364	0.708042	3604280
1	0.000337838	0.00303816	15465.7
1	0.461538	0.818395	4166030
1	0.461538	0.818395	4166030
0.84	1	0.986457	5021550
0.727273	0.418182	0.666139	3390970
0.76087	1	0.96881	4931720
0.59375	0.4375	0.609923	3104810
0.075	0.425	0.141714	721394
0.230769	0.461538	0.345038	1756410
1	0.490566	0.839945	4275730
1	0.465116	0.821148	4180050
1	0.490909	0.840189	4276980
0.857143	0.44898	0.752334	3829750
0.571429	1	0.891209	4536690
0.166667	1	0.465293	2368570
0.58	0.48	0.634389	3229350
1	0.456522	0.814489	4146150
0.375	0.458333	0.474545	2415670
1	0.0875161	0.300699	1530710
0.622222	0.488889	0.666216	3391370
0.764706	0.470588	0.727653	3704110
0.521739	1	0.861176	4383810
0.88	1	0.992493	5052280
1	1	1	5090490
0.763369	0.0347594	0.122835	625292
1	1	1	5090490
0.0137776	0.634214	0.0501565	255321
1	0.80735	0.980121	4989300
0.813134	1	0.981338	4995490
1	1	1	5090490
1	0.485714	0.836465	4258020
0.22807	1	0.565181	2877050
0.375	1	0.742811	3781270
0.253968	1	0.602043	3064700
0.634921	1	0.923337	4700240
1	1	1	5090490
1	0.488372	0.838377	4267750
1	1	1	5090490
0.439024	1	0.800429	4074580
0.635747	1	0.923711	4702140
0.404255	0.446809	0.489734	2492990
0.744186	0.189369	0.417073	2123100
1	0.485714	0.836465	4258020
1	0.4926	0.84139	4283090
1	1	1	5090490
1	1	1	5090490
1	0.46	0.817203	4159970
0.794118	1	0.977181	4974330
0.731707	1	0.960274	4888270
1	0.461538	0.818395	4166030
1	0.461538	0.818395	4166030
0.755102	1	0.967212	4923580
1	0.0285714	0.130153	662542
0.924528	0.490566	0.812143	4134210
0.433333	1	0.795707	4050540
0.207547	0.471698	0.3254	1656450
1	0.205882	0.531269	2704420
0.422222	0.488889	0.532118	2708740
1	0.014196	0.0745971	379736
1	1	1	5090490
1	0.444444	0.804858	4097120
0.41791	0.462687	0.511092	2601710
0.64	1	0.925624	4711880
1	0.235918	0.576648	2935420
0.767442	1	0.970578	4940720
0.673077	1	0.939545	4782750
1	0.151596	0.437587	2227530
1	0.171429	0.473758	2411660
0.96875	1	0.999507	5087980
0.807692	0.480769	0.755636	3846560
1	1	1	5090490
0.827586	0.344828	0.643221	3274310
0.76	1	0.968572	4930510
0.66	0.44	0.649478	3306160
0.5	0.48	0.582508	2965250
1	0.490196	0.839681	4274390
0.705882	0.382353	0.623384	3173330
1	0.0875161	0.300699	1530710
1	0.487805	0.837971	4265680
0.777778	1	0.973245	4954290
1	1	1	5090490
1	0.469388	0.824398	4196590
0.512195	1	0.854879	4351750
1	0.0108696	0.0600194	305528
1	0.444444	0.804858	4097120
1	1	1	5090490
1	1	1	5090490
1	0.375	0.742811	3781270
1	0.46875	0.823915	4194130
1	0.441176	0.802196	4083570
1	1	1	5090490
0.408163	0.489796	0.521754	2655980
0.194444	1	0.512868	2610750
0.641026	0.358974	0.56819	2892360
1	0.489489	0.839177	4271820
1	0.269231	0.622512	3168890
1	0.404255	0.770393	3921680
0.436364	0.436364	0.506225	2576930
0.37037	0.444444	0.461594	2349740
0.682396	0.491228	0.701596	3571470
1	1	1	5090490
0.277778	1	0.633593	3225300
0.230769	1	0.569155	2897280
0.714286	0.489796	0.717285	3651330
1	1	1	5090490
1	0.453125	0.811813	4132530
0.3125	1	0.675985	3441090
0.435484	1	0.797501	4059670
0.303365	1	0.665225	3386320
0.666667	1	0.936977	4769670
0.100979	0.436652	0.181726	925075
0.475518	0.429003	0.528283	2689220
0.644048	0.664034	0.790934	4026240
0.386364	1	0.753786	3837140
1	0.238026	0.579683	2950870
0.709677	1	0.953058	4851530
0.551724	1	0.879838	4478810
0.389831	1	0.757068	3853850
1	1	1	5090490
0.491228	1	0.840416	4278130
0.875	1	0.99184	5048950
0.525	0.275	0.42379	2157300
0.378378	1	0.746109	3798060
0.188999	0.713991	0.405222	2062780
0.19199	1	0.508833	2590210
0.445275	1	0.805531	4100550
0.0030719	0.803581	0.0172899	88013.9
0.388946	0.815923	0.681588	3469620
0.0023837	0.672748	0.0119237	60697.7
1	0.691767	0.946687	4819100
1	0.689856	0.94598	4815500
0.46073	0.692685	0.683638	3480050
0.643173	0.835397	0.871073	4434190
1	0.833057	0.985218	5015240
0.0833122	0.82783	0.253397	1289920
0.229885	0.425287	0.325092	1654880
0.640653	0.664293	0.789155	4017190
0.0625137	0.285108	0.0896015	456115
0.459487	0.29131	0.403033	2051640
0.255629	0.29131	0.267889	1363680
0.674525	0.416839	0.637915	3247300
0.112158	0.413027	0.188636	960252
0.0560842	0.413027	0.110381	561894
0.186508	0.578296	0.348049	1771740
0.220271	0.578296	0.389861	1984580
0.269188	0.416014	0.357166	1818150
0.0683958	0.404594	0.126943	646200
0.626777	0.27547	0.475922	2422680
0.309981	0.725202	0.560323	2852320
0.913043	0.413043	0.744891	3791860
1	0.479167	0.831693	4233720
0.821429	1	0.983012	5004010
0.478261	1	0.831026	4230330
0.847826	1	0.987785	5028310
1	0.487805	0.837971	4265680
1	1	1	5090490
1	1	1	5090490
0.432432	0.459459	0.519767	2645870
0.668367	0.234694	0.447431	2277640
1	1	1	5090490
0.744681	0.404255	0.662444	3372160
1	1	1	5090490
0.4	1	0.766516	3901940
1	0.447368	0.807219	4109140
1	0.447368	0.807219	4109140
1	1	1	5090490
1	0.378378	0.746109	3798060
0.631579	1	0.92181	4692460
1	0.483333	0.83474	4249240
0.62963	1	0.920911	4687890
1	0.18018	0.488973	2489110
1	1	1	5090490
0.673913	1	0.939876	4784430
0.84375	1	0.987102	5024840
1	0.474576	0.828294	4216420
1	0.466667	0.822332	4186070
1	0.190799	0.506865	2580190
0.5	0.44	0.553108	2815590
0.811321	0.415094	0.7033	3580140
0.519231	0.423077	0.552615	2813080
0.365385	1	0.733256	3732630
0.604651	0.488372	0.65549	3336760
0.65	1	0.930009	4734200
0.697674	1	0.948839	4830060
0.375	1	0.742811	3781270
0.54386	1	0.875105	4454710
1	1	1	5090490
0.761905	1	0.969092	4933160
0.682927	1	0.943373	4802230
1	0.395349	0.762227	3880110
0.853659	0.341463	0.650828	3313030
1	0.285714	0.643647	3276480
1	0.414634	0.779661	3968860
0.640625	0.40625	0.610581	3108160
0.415094	0.433962	0.488896	2488720
0.269231	1	0.622512	3168890
1	1	1	5090490
0.736225	0.028757	0.10279	523253
1	0.0265812	0.123006	626160
1	1	1	5090490
1	1	1	5090490
0.410163	1	0.775701	3948700
1	0.47541	0.828914	4219580
1	0.0827586	0.288979	1471040
0.65	0.45	0.652068	3319340
1	0.196154	0.51566	2624960
0.375	0.4375	0.460607	2344710
1	1	1	5090490
0.653846	0.480769	0.67813	3452010
1	0.511525	0.85443	4349470
1	0.16221	0.457248	2327620
1	0.4375	0.799172	4068180
0.0217391	1	0.10497	534351
1	0.475	0.828609	4218030
0.666667	1	0.936977	4769670
1	0.211039	0.539355	2745580
1	1	1	5090490
1	1	1	5090490
1	1	1	5090490
0.72549	0.490196	0.723306	3681980
0.431373	1	0.794063	4042170
0.785714	1	0.975199	4964240
1	0.413043	0.778258	3961710
0.627907	0.395349	0.594131	3024420
1	0.446429	0.806462	4105290
1	0.45098	0.81011	4123860
0.311111	1	0.674366	3432850
0.764107	1	0.969688	4936190
1	0.438596	0.800077	4072780
1	0.150609	0.435722	2218040
1	1	1	5090490
0.793103	0.37931	0.662193	3370890
1	0.0090312	0.0515417	262372
1	0.0454545	0.185956	946610
1	0.60499	0.909024	4627380
0.462963	0.481481	0.557492	2837910
1	1	1	5090490
1	1	1	5090490
1	0.21041	0.538375	2740590
1	0.208145	0.534832	2722560
0.854167	0.479167	0.77492	3944720
1	1	1	5090490
1	1	1	5090490
1	0.272727	0.627077	3192130
1	0.44898	0.808513	4115730
0.382979	0.489362	0.501228	2551500
1	1	1	5090490
1	0.492754	0.841498	4283640
0.35	1	0.717438	3652110
0.710526	0.473684	0.703072	3578980
0.755102	1	0.967212	4923580
0.552632	1	0.880377	4481550
0.787879	0.469697	0.737937	3756460
1	0.48	0.832305	4236840
1	0.490196	0.839681	4274390
0.369565	0.434783	0.454459	2313420
1	1	1	5090490
0.758621	1	0.968192	4928570
0.327273	0.472727	0.443432	2257280
1	1	1	5090490
1	0.0592334	0.226643	1153720
0.76087	0.434783	0.696759	3546840
0.782609	1	0.974444	4960400
1	0.490196	0.839681	4274390
1	1	1	5090490
1	0.16129	0.455572	2319090
0.209302	0.465116	0.324121	1649940
1	1	1	5090490
1	0.0104499	0.0581137	295827
1	1	1	5090490
1	0.423077	0.787008	4006260
0.346939	1	0.714211	3635680
1	1	1	5090490
0.209677	1	0.537232	2734780
1	0.411765	0.777125	3955950
0.5	0.388889	0.512868	2610750
0.604651	0.395349	0.581148	2958330
1	1	1	5090490
1	0.130435	0.396115	2016420
1	1	1	5090490
1	0.349773	0.717199	3650900
0.478261	0.492754	0.576282	2933560
0.861111	0.444444	0.7503	3819400
0.525	0.4	0.537736	2737340
0.722222	0.462963	0.700666	3566730
0.690909	1	0.946371	4817490
0.741935	0.483871	0.726772	3699630
1	0.489796	0.839396	4272940
1	0.044477	0.182924	931175
0.740741	0.444444	0.694991	3537840
1	1	1	5090490
0.485783	1	0.836515	4258270
0.448276	1	0.807948	4112850
0.243902	0.414634	0.332855	1694390
1	1	1	5090490
1	0.438596	0.800077	4072780
0.16	1	0.453213	2307080
0.744681	1	0.964212	4908310
1	0.363636	0.731491	3723650
1	0.500463	0.846894	4311110
1	1	1	5090490
1	1	1	5090490
1	1	1	5090490
0.645833	0.458333	0.656358	3341180
0.249603	1	0.596023	3034050
0.72	1	0.956523	4869170
0.422222	1	0.786272	4002510
0.25	1	0.596574	3036850
1	0.49209	0.841028	4281250
0.741379	1	0.963232	4903320
1	1	1	5090490
0.853659	0.414634	0.721569	3673140
1	1	1	5090490
1	0.482759	0.834322	4247110
0.580645	1	0.896293	4562570
0.322034	1	0.68693	3496810
1	0.423077	0.787008	4006260
0.769231	0.487179	0.742569	3780040
0.560976	1	0.885263	4506420
1	1	1	5090490
1	0.34375	0.71082	3618420
0.860465	1	0.989778	5038450
0.75	1	0.965762	4916200
0.753846	1	0.966858	4921780
1	0.45283	0.81158	4131340
0.807018	1	0.98005	4988940
1	1	1	5090490
1	0.475	0.828609	4218030
1	0.485887	0.83659	4258650
0.520833	1	0.860586	4380810
1	1	1	5090490
1	0.111055	0.355124	1807760
1	0.489362	0.839086	4271360
0.84	0.46	0.753821	3837320
0.511628	1	0.854499	4349820
0.634146	0.268293	0.471475	2400040
1	0.0670732	0.248303	1263980
0.651163	0.44186	0.646156	3289250
0.384615	1	0.75212	3828660
0.327586	0.482759	0.449803	2289720
1	1	1	5090490
1	1	1	5090490
1	1	1	5090490
1	0.222222	0.556462	2832660
0.0925926	1	0.312921	1592920
0.462963	1	0.819495	4171630
0.421053	1	0.785262	3997370
0.410256	0.487179	0.521676	2655590
1	1	1	5090490
1	1	1	5090490
0.769231	1	0.971049	4943120
0.717391	1	0.955661	4864780
0.54955	1	0.878541	4472200
0.445967	0.00583248	0.0180823	92048
0.674813	0.482625	0.691043	3517750
0.507714	1	0.851861	4336390
0.265764	1	0.61794	3145620
0.563305	0.387598	0.550582	2802730
0.0557866	0.591932	0.145646	741409
1	0.784876	0.974996	4963210
0.487309	0.38123	0.498478	2537500
0.840396	0.256514	0.546361	2781250
1	0.428571	0.791699	4030140
1	1	1	5090490
0.5	1	0.846574	4309480
1	1	1	5090490
0.515152	0.454545	0.574102	2922460
0.804348	1	0.979473	4986000
0.294118	1	0.654052	3329440
1	0.371429	0.739291	3763350
0.583193	0.489076	0.643034	3273360
1	0.28125	0.638019	3247830
0.105368	0.134538	0.0745123	379304
0.476512	0.0137426	0.0394778	200962
0.501988	0.134538	0.249554	1270350
0.331886	0.0529334	0.0885716	450873
1	8.95603e-05	0.000924316	4705.22
0.6875	1	0.945102	4811030
1	3.76013e-05	0.000420701	2141.57
0.478261	1	0.831026	4230330
0.603448	1	0.908247	4623420
1	0.224291	0.559563	2848450
0.428571	0.47619	0.528415	2689890
0.326087	0.456522	0.432412	2201190
0.491803	0.442623	0.549588	2797670
1	0.418182	0.782769	3984680
1	1	1	5090490
0.477273	1	0.830296	4226610
1	1	1	5090490
1	0.489362	0.839086	4271360
1	1	1	5090490
0.363636	1	0.731491	3723650
1	1	1	5090490
0.634146	0.365854	0.570963	2906480
1	0.491525	0.840627	4279210
1	1	1	5090490
1	0.403509	0.769716	3918230
0.732051	0.219231	0.454107	2311630
1	0.0806069	0.283589	1443610
0.767857	1	0.970688	4941280
1	1	1	5090490
1	1	1	5090490
1	1	1	5090490
0.8	1	0.978515	4981120
1	1	1	5090490
0.822222	0.377778	0.673789	3429920
0.26087	0.434783	0.3603	1834100
0.821429	1	0.983012	5004010
1	0.106942	0.346007	1761350
1	1	1	5090490
0.407407	1	0.773235	3936150
0.530612	1	0.866874	4412810
1	0.46	0.817203	4159970
1	0.4375	0.799172	4068180
1	1	1	5090490
1	0.434783	0.796917	4056700
0.688889	0.444444	0.668561	3403300
1	0.457143	0.814976	4148630
0.35	1	0.717438	3652110
0.538462	0.487179	0.613364	3122320
1	1	1	5090490
0.477273	1	0.830296	4226610
0.413793	1	0.77892	3965080
0.727273	1	0.958875	4881150
0.265625	1	0.617756	3144680
1	1	1	5090490
0.961688	0.491558	0.826911	4209380
1	1	1	5090490
1	0.473684	0.827628	4213030
1	0.0215385	0.104201	530436
1	1	1	5090490
1	0.489362	0.839086	4271360
0.677966	1	0.941463	4792510
0.779661	0.491525	0.750787	3821870
0.340909	1	0.707775	3602920
0.632653	0.387755	0.590034	3003560
1	1	1	5090490
0.75	1	0.965762	4916200
1	0.447761	0.807535	4110750
1	1	1	5090490
1	1	1	5090490
1	0.470588	0.825304	4201200
1	0.422222	0.786272	4002510
1	0.377778	0.745525	3795090
1	0.490909	0.840189	4276980
0.372881	0.491525	0.49426	2516020
1	0.00374454	0.024667	125567
1	0.0671551	0.248524	1265110
1	0.223188	0.557913	2840050
1	0.433962	0.796233	4053220
1	1	1	5090490
1	0.475	0.828609	4218030
1	0.433333	0.795707	4050540
0.634146	1	0.922984	4698440
0.418605	0.44186	0.49711	2530530
1	1	1	5090490
0.254902	0.490196	0.38483	1958970
1	1	1	5090490
0.4	1	0.766516	3901940
0.830508	1	0.984748	5012850
1	1	1	5090490
1	1	1	5090490
1	0.428571	0.791699	4030140
1	0.425	0.788658	4014660
0	1	0	0
0.79661	1	0.977751	4977230
0.438596	0.45614	0.521987	2657170
0.660714	0.464286	0.669255	3406840
0.847826	1	0.987785	5028310
0.842105	0.491228	0.778807	3964510
1.66533e-14	0.413793	2.31598e-13	1.17895e-06
1	0.44	0.801231	4078660
1	0.213904	0.543792	2768170
1	0.46	0.817203	4159970
0.730769	1	0.959981	4886770
0.808824	0.470588	0.748284	3809130
0.28125	1	0.638019	3247830
0.36	0.2	0.261438	1330850
0.706897	1	0.952098	4846650
0.794118	0.441176	0.717801	3653960
0.627119	0.457627	0.645238	3284580
1	1	1	5090490
0.777778	0.492063	0.7503	3819400
1	1	1	5090490
1	1	1	5090490
0.6	0.48	0.646501	3291010
0.471698	0.490566	0.570077	2901970
1	1	1	5090490
1	1	1	5090490
0.62069	1	0.916711	4666510
0.672414	1	0.939282	4781410
0.728259	0.0682875	0.19898	1012910
1	0.489796	0.839396	4272940
0.508475	0.474576	0.584374	2974750
1	1	1	5090490
0.389831	0.457627	0.485908	2473510
0.491803	0.491803	0.58517	2978800
1	0.454545	0.812935	4138240
0.307692	1	0.670355	3412440
0.75	0.46875	0.719075	3660440
1	0.00252166	0.0176083	89635.1
1	0.393443	0.760454	3871080
1	0.472727	0.826912	4209390
1	1	1	5090490
1	0.433333	0.795707	4050540
1	0.4375	0.799172	4068180
0.282609	0.391304	0.354092	1802500
1	1	1	5090490
0.363636	0.409091	0.432211	2200170
0.0325432	0.576483	0.0933526	475211
1	0.219231	0.551942	2809660
0.475	0.475	0.561554	2858580
0.787879	1	0.975718	4966880
1	1	1	5090490
1	1	1	5090490
1	1	1	5090490
0.740741	1	0.96304	4902350
1	0.25	0.596574	3036850
1	1	1	5090490
1	0.414634	0.779661	3968860
1	0.490244	0.839715	4274560
1	1	1	5090490
1	1	1	5090490
0.582181	1	0.897126	4566810
1	0.268293	0.621279	3162620
1	0.4	0.766516	3901940
0.642857	0.392857	0.600097	3054790
0.355603	0.0272083	0.0545513	277693
0.57995	0.0272083	0.081249	413598
1	1	1	5090490
0.40625	0.484375	0.516675	2630130
1	0.446429	0.806462	4105290
0.728723	1	0.959336	4883490
0.824561	1	0.983622	5007120
0.459259	1	0.816627	4157030
0.526316	0.473684	0.595613	3031960
0.235544	1	0.576107	2932670
0.26	0.48	0.384514	1957370
1	1	1	5090490
1	0.4	0.766516	3901940
0.55814	0.465116	0.6097	3103670
0.745763	1	0.964531	4909930
0.76087	1	0.96881	4931720
0.62963	1	0.920911	4687890
0.716667	1	0.95542	4863560
0.685185	1	0.94423	4806600
1	0.48	0.832305	4236840
0.47619	0.333333	0.450881	2295210
1	0.365854	0.733728	3735030
0.481481	0.425926	0.529992	2697920
1	1	1	5090490
1	0.433962	0.796233	4053220
1	1	1	5090490
1	0.405405	0.771433	3926970
0.44186	0.418605	0.49711	2530530
1	0.469388	0.824398	4196590
1	0.454545	0.812935	4138240
1	0.461538	0.818395	4166030
1	1	1	5090490
0.428571	1	0.791699	4030140
0.359375	1	0.727155	3701580
1	1	1	5090490
4.67404e-14	0.483333	7.32434e-13	3.72845e-06
0.346154	0.480769	0.464851	2366320
1	0.456522	0.814489	4146150
1	0.0890379	0.304393	1549510
0.697674	0.488372	0.707576	3601910
0.617021	0.468085	0.647519	3296190
0.222222	1	0.556462	2832660
0.277778	1	0.633593	3225300
0.5	1	0.846574	4309480
1	0.422222	0.786272	4002510
1	1	1	5090490
0.428571	0.482143	0.532454	2710450
0.474576	1	0.828294	4216420
1	1	1	5090490
0.678571	1	0.941698	4793710
0.357143	0.464286	0.463767	2360800
0.641026	0.487179	0.675746	3439880
0.55102	0.489796	0.623373	3173270
0.327273	0.472727	0.443432	2257280
0.714286	1	0.954623	4859500
0.675	0.35	0.577127	2937860
0.772727	0.477273	0.73668	3750060
1	0.242704	0.586351	2984810
0.717391	0.478261	0.710126	3614890
1	0.48	0.832305	4236840
1	0.4	0.766516	3901940
0.43662	1	0.798443	4064470
1	0.461538	0.818395	4166030
0.378378	0.459459	0.478011	2433310
1	1	1	5090490
0.772979	0.488372	0.745256	3793720
1	0.454545	0.812935	4138240
0.322581	1	0.687549	3499960
0.712121	0.469697	0.700796	3567400
