quality	AA	AC	AG	AT	A.	CA	CC	CG	CT	C.	GA	GC	GG	GT	G.	TA	TC	TG	TT	T.	.A	.C	.G	.T	..
0	NA	NA	NA	NA	NA	NA	NA	NA	NA	NA	NA	NA	NA	NA	NA	NA	NA	NA	NA	NA	NA	NA	NA	NA	NA
1	NA	NA	NA	NA	NA	NA	NA	NA	NA	NA	NA	NA	NA	NA	NA	NA	NA	NA	NA	NA	NA	NA	NA	NA	NA
2	NA	NA	NA	NA	NA	NA	NA	NA	NA	NA	NA	NA	NA	NA	NA	NA	NA	NA	NA	NA	NA	NA	NA	NA	NA
3	NA	NA	NA	NA	NA	NA	NA	NA	NA	NA	NA	NA	NA	NA	NA	NA	NA	NA	NA	NA	NA	NA	NA	NA	NA
4	NA	NA	NA	NA	NA	NA	NA	NA	NA	NA	NA	NA	NA	NA	NA	NA	NA	NA	NA	NA	NA	NA	NA	NA	NA
5	NA	NA	NA	NA	NA	NA	NA	NA	NA	NA	NA	NA	NA	NA	NA	NA	NA	NA	NA	NA	NA	NA	NA	NA	NA
6	NA	NA	NA	NA	NA	NA	NA	NA	NA	NA	NA	NA	NA	NA	NA	NA	NA	NA	NA	NA	NA	NA	NA	NA	NA
7	NA	NA	NA	NA	NA	NA	NA	NA	NA	NA	NA	NA	NA	NA	NA	NA	NA	NA	NA	NA	NA	NA	NA	NA	NA
8	NA	NA	NA	NA	NA	NA	NA	NA	NA	NA	NA	NA	NA	NA	NA	NA	NA	NA	NA	NA	NA	NA	NA	NA	NA
9	NA	NA	NA	NA	NA	NA	NA	NA	NA	NA	NA	NA	NA	NA	NA	NA	NA	NA	NA	NA	NA	NA	NA	NA	NA
10	NA	NA	NA	NA	NA	NA	NA	NA	NA	NA	NA	NA	NA	NA	NA	NA	NA	NA	NA	NA	NA	NA	NA	NA	NA
11	NA	NA	NA	NA	NA	NA	NA	NA	NA	NA	NA	NA	NA	NA	NA	NA	NA	NA	NA	NA	NA	NA	NA	NA	NA
12	0.961537	0.0103255	0.0119486	0.0160183	0.000170357	0.0239826	0.918152	0.0220437	0.035255	0.000566421	0.0215427	0.0139095	0.917302	0.0468082	0.000437749	0.00574363	0.0158693	0.00948978	0.968718	0.000179704	7.43096e-05	6.3694e-05	4.5729e-05	9.1458e-05	0.999725
13	0.950288	0.0139591	0.0177551	0.0176269	0.000370344	0.0185494	0.92397	0.0295863	0.0274164	0.000478029	0.0102093	0.00786733	0.96022	0.0214836	0.0002198	0.00500934	0.016673	0.0120591	0.966064	0.000194871	5.9373e-05	7.57953e-05	8.96911e-05	8.08483e-05	0.999694
14	0.955128	0.0133413	0.0155536	0.015746	0.000231558	0.0106415	0.951957	0.0143399	0.0228294	0.000232406	0.00801784	0.00550674	0.971704	0.0146247	0.000146783	0.0105707	0.0187299	0.016418	0.954054	0.000227633	3.04454e-05	5.2975e-05	5.48017e-05	4.32324e-05	0.999819
15	0.953059	0.0155747	0.0178392	0.0132708	0.000256726	0.0059275	0.969899	0.0111232	0.0128714	0.000178882	0.00554113	0.0034164	0.985531	0.00545699	5.46961e-05	0.00639911	0.0212289	0.0212344	0.950905	0.000232494	3.92203e-05	3.92203e-05	5.88305e-05	3.18665e-05	0.999831
16	0.963259	0.0118448	0.0143835	0.010316	0.000196362	0.00377967	0.977302	0.00713169	0.0116852	0.000101823	0.00453994	0.00284399	0.988989	0.00354846	7.82748e-05	0.0104004	0.0178212	0.0161258	0.955538	0.000114165	1.15149e-05	2.17504e-05	3.58242e-05	2.0471e-05	0.99991
17	0.959956	0.0129715	0.019073	0.00779643	0.000203385	0.00367278	0.975753	0.00771964	0.0127187	0.000136029	0.00559743	0.00234867	0.988721	0.00324876	8.43834e-05	0.0102258	0.0201336	0.0177163	0.951797	0.000127226	2.11004e-05	3.79808e-05	3.37607e-05	2.11004e-05	0.999886
18	0.965258	0.0102164	0.0163725	0.00798978	0.000163725	0.00271804	0.973039	0.00753458	0.016668	3.99712e-05	0.00486883	0.00221871	0.991207	0.00168457	2.05436e-05	0.0263444	0.016485	0.0115101	0.945502	0.000158292	2.37058e-05	2.96323e-05	4.14852e-05	2.37058e-05	0.999881
19	0.965597	0.0101304	0.018656	0.00561685	NA	0.00169599	0.982263	0.00374532	0.012296	NA	0.00513017	0.00222052	0.991501	0.00107198	7.65697e-05	0.046894	0.0196914	0.0172554	0.915821	0.000338341	NA	1.9253e-05	5.7759e-05	NA	0.999923
20	0.96276	0.0106558	0.0206525	0.00582226	0.000109854	0.00104058	0.98263	0.00408229	0.0120067	0.000240134	0.00455897	0.00257681	0.992567	0.000297324	NA	0.0268332	0.0185078	0.010887	0.943644	0.000128082	NA	8.45916e-05	2.11479e-05	8.45916e-05	0.99981
21	0.956989	0.0107527	0.0268817	0.00537634	NA	NA	1	NA	NA	NA	0.03125	NA	0.96875	NA	NA	0.00928074	0.0162413	0.00696056	0.967517	NA	NA	NA	NA	NA	1
22	NA	NA	NA	NA	NA	NA	NA	NA	NA	NA	NA	NA	NA	NA	NA	NA	NA	NA	NA	NA	NA	NA	NA	NA	NA
23	NA	NA	NA	NA	NA	NA	NA	NA	NA	NA	NA	NA	NA	NA	NA	NA	NA	NA	NA	NA	NA	NA	NA	NA	NA
24	0.988934	0.00237288	0.00735013	0.00126168	8.10251e-05	0.00162745	0.991536	0.00217576	0.00448569	0.000174994	0.00417018	0.00196213	0.991419	0.00231793	0.000130809	0.000757969	0.0079416	0.00141351	0.989798	8.87711e-05	3.86496e-05	5.37733e-05	5.88145e-05	6.04949e-05	0.999788
25	0.988769	0.00204407	0.00797412	0.00114558	6.7387e-05	0.00117195	0.992388	0.00193778	0.00436291	0.000139242	0.00420011	0.00158495	0.992743	0.00136985	0.000101889	0.000659425	0.00801721	0.00150395	0.989773	4.62754e-05	5.56742e-05	6.22241e-05	5.89491e-05	4.91243e-05	0.999774
26	0.990539	0.0014267	0.00705843	0.000886059	9.01077e-05	0.000882143	0.993722	0.00147024	0.00387825	4.76834e-05	0.00381289	0.0016714	0.992232	0.00210418	0.000179079	0.000473588	0.00730273	0.00119344	0.990917	0.000113661	5.32733e-05	7.18031e-05	5.09571e-05	7.41194e-05	0.99975
27	0.989479	0.00209059	0.00749129	0.000813008	0.000125823	0.000975357	0.992405	0.00205447	0.00447211	9.33852e-05	0.00467942	0.00176243	0.992106	0.00135135	0.000100586	0.000759487	0.00843751	0.0016243	0.989118	6.09807e-05	1.98606e-05	2.83722e-05	3.97211e-05	4.68142e-05	0.999865
28	0.989694	0.00191392	0.00785199	0.000490749	4.90749e-05	0.00104349	0.99357	0.00183315	0.0034971	5.64048e-05	0.00418211	0.00186294	0.992263	0.00159681	9.5048e-05	0.0004777	0.00799062	0.00121596	0.990272	4.34273e-05	7.6089e-06	2.28267e-05	2.28267e-05	3.04356e-05	0.999916
29	0.990768	0.00174841	0.00670225	0.000728506	5.29822e-05	0.000844076	0.992096	0.00157654	0.0054272	5.58067e-05	0.00420391	0.00167213	0.993139	0.000959245	2.62089e-05	0.000634891	0.0134111	0.00130113	0.984606	4.70289e-05	1.53786e-05	1.7301e-05	3.65243e-05	2.69126e-05	0.999904
30	0.991132	0.00162112	0.00672911	0.000489239	2.90226e-05	0.000885222	0.992273	0.00159549	0.00520949	3.65578e-05	0.00411825	0.00167294	0.993208	0.000967091	3.40754e-05	0.000556071	0.0131059	0.00154578	0.984731	6.12189e-05	9.78554e-06	2.027e-05	1.46783e-05	1.46783e-05	0.999941
31	0.991246	0.00153929	0.00678163	0.000394408	3.83452e-05	0.000873644	0.992806	0.00154846	0.00474479	2.71131e-05	0.00426975	0.00156771	0.993132	0.000989241	4.14539e-05	0.000518997	0.00810213	0.00136237	0.989988	2.88332e-05	6.76759e-06	1.18433e-05	1.01514e-05	1.18433e-05	0.999959
32	0.992802	0.00118119	0.00565993	0.000335808	2.14761e-05	0.000597668	0.994926	0.00125314	0.00319447	2.83565e-05	0.00323634	0.00125741	0.994842	0.000651471	1.31345e-05	0.000405279	0.00624499	0.00103162	0.992275	4.35424e-05	7.06161e-06	8.40668e-06	1.21056e-05	5.38028e-06	0.999967
33	0.992894	0.00107762	0.00565584	0.000344035	2.81118e-05	0.000543883	0.995213	0.0011684	0.00305879	1.61259e-05	0.00293674	0.00117527	0.995328	0.000544479	1.51044e-05	0.000313952	0.00943746	0.00113855	0.989082	2.77387e-05	6.73043e-06	1.07188e-05	8.22608e-06	7.97681e-06	0.999966
34	0.992778	0.00117685	0.00565537	0.000371258	1.80222e-05	0.000623063	0.99462	0.00126476	0.00347193	2.06512e-05	0.00360629	0.00137238	0.994319	0.000675094	2.70361e-05	0.000355067	0.0061836	0.00112079	0.992318	2.2688e-05	6.99622e-06	1.28535e-05	8.78595e-06	5.20649e-06	0.999966
35	0.992096	0.00128134	0.00626658	0.000335545	2.02802e-05	0.000648381	0.994795	0.00136088	0.00317365	2.17161e-05	0.0034796	0.00145309	0.994366	0.000684469	1.64828e-05	0.000382389	0.0074809	0.00115041	0.990952	3.40262e-05	8.13933e-06	9.07849e-06	1.06437e-05	5.63492e-06	0.999967
36	0.991307	0.00138362	0.00686815	0.000415206	2.61734e-05	0.000801531	0.993181	0.001572	0.00441619	2.90361e-05	0.00417403	0.00166982	0.993326	0.000809691	2.04919e-05	0.000457164	0.00904884	0.00126525	0.98918	4.8292e-05	9.15595e-06	1.26625e-05	1.48054e-05	7.20788e-06	0.999956
37	0.990746	0.00134439	0.00745191	0.000422049	3.55659e-05	0.000661442	0.994137	0.00145956	0.0037178	2.39787e-05	0.0036602	0.00140596	0.994225	0.000678633	3.0457e-05	0.000370626	0.00791767	0.00132047	0.990367	2.38821e-05	7.64986e-06	1.0159e-05	1.08322e-05	8.75144e-06	0.999963
38	0.990888	0.00143394	0.00721445	0.000431208	3.21879e-05	0.000837375	0.993225	0.00165132	0.00425378	3.2936e-05	0.00414668	0.00164042	0.9934	0.000783388	2.98549e-05	0.000434224	0.00741499	0.00138999	0.990722	3.91492e-05	9.34006e-06	1.30797e-05	1.14014e-05	7.84419e-06	0.999958
39	0.989969	0.00132464	0.00821984	0.000440028	4.67986e-05	0.00064357	0.993829	0.00159483	0.00390459	2.80194e-05	0.00383006	0.00140973	0.994042	0.000689244	2.86919e-05	0.000405172	0.00733276	0.00148175	0.990744	3.60421e-05	9.26406e-06	1.32659e-05	9.04349e-06	1.28247e-05	0.999956
40	0.99115	NA	0.00884956	NA	NA	0.00729927	0.992701	NA	NA	NA	NA	NA	1	NA	NA	NA	0.0116959	NA	0.988304	NA	NA	NA	NA	NA	1
