quality	AA	AC	AG	AT	A.	CA	CC	CG	CT	C.	GA	GC	GG	GT	G.	TA	TC	TG	TT	T.	.A	.C	.G	.T	..
0	NA	NA	NA	NA	NA	NA	NA	NA	NA	NA	NA	NA	NA	NA	NA	NA	NA	NA	NA	NA	NA	NA	NA	NA	NA
1	NA	NA	NA	NA	NA	NA	NA	NA	NA	NA	NA	NA	NA	NA	NA	NA	NA	NA	NA	NA	NA	NA	NA	NA	NA
2	NA	NA	NA	NA	NA	NA	NA	NA	NA	NA	NA	NA	NA	NA	NA	NA	NA	NA	NA	NA	NA	NA	NA	NA	NA
3	NA	NA	NA	NA	NA	NA	NA	NA	NA	NA	NA	NA	NA	NA	NA	NA	NA	NA	NA	NA	NA	NA	NA	NA	NA
4	NA	NA	NA	NA	NA	NA	NA	NA	NA	NA	NA	NA	NA	NA	NA	NA	NA	NA	NA	NA	NA	NA	NA	NA	NA
5	NA	NA	NA	NA	NA	NA	NA	NA	NA	NA	NA	NA	NA	NA	NA	NA	NA	NA	NA	NA	NA	NA	NA	NA	NA
6	NA	NA	NA	NA	NA	NA	NA	NA	NA	NA	NA	NA	NA	NA	NA	NA	NA	NA	NA	NA	NA	NA	NA	NA	NA
7	NA	NA	NA	NA	NA	NA	NA	NA	NA	NA	NA	NA	NA	NA	NA	NA	NA	NA	NA	NA	NA	NA	NA	NA	NA
8	NA	NA	NA	NA	NA	NA	NA	NA	NA	NA	NA	NA	NA	NA	NA	NA	NA	NA	NA	NA	NA	NA	NA	NA	NA
9	NA	NA	NA	NA	NA	NA	NA	NA	NA	NA	NA	NA	NA	NA	NA	NA	NA	NA	NA	NA	NA	NA	NA	NA	NA
10	NA	NA	NA	NA	NA	NA	NA	NA	NA	NA	NA	NA	NA	NA	NA	NA	NA	NA	NA	NA	NA	NA	NA	NA	NA
11	NA	NA	NA	NA	NA	NA	NA	NA	NA	NA	NA	NA	NA	NA	NA	NA	NA	NA	NA	NA	NA	NA	NA	NA	NA
12	0.960475	0.0122073	0.0117626	0.0152714	0.000283647	0.031241	0.905717	0.0237924	0.0386333	0.000616614	0.0277529	0.0180248	0.898566	0.0550641	0.000592309	0.00743098	0.0165571	0.0108426	0.964849	0.000319841	9.4594e-05	8.18969e-05	6.47557e-05	0.000117449	0.999641
13	0.953346	0.0151204	0.0154477	0.0157472	0.000338351	0.0241774	0.915406	0.0293081	0.0305917	0.000517223	0.012908	0.0104144	0.948867	0.0275093	0.000300956	0.00598805	0.0181517	0.0132797	0.962379	0.000201634	7.70788e-05	9.06196e-05	0.000107285	9.27028e-05	0.999632
14	0.948606	0.0176916	0.0173604	0.0160954	0.000247036	0.0178281	0.937542	0.018322	0.0260158	0.000291648	0.0106384	0.00802964	0.96013	0.0210106	0.000191117	0.00788789	0.022349	0.0195439	0.949945	0.000273885	4.03865e-05	5.335e-05	5.28514e-05	4.58711e-05	0.999808
15	0.939208	0.0204526	0.0246552	0.0154195	0.000265163	0.0103067	0.956101	0.0142512	0.0191811	0.000159869	0.00692028	0.0054808	0.977767	0.00972366	0.000107961	0.00857037	0.0249283	0.0252414	0.940991	0.000268383	3.87143e-05	6.25384e-05	7.34578e-05	2.38242e-05	0.999801
16	0.94011	0.0203704	0.0255192	0.0138987	0.000102159	0.00826928	0.965412	0.0112908	0.0149357	9.21198e-05	0.00480999	0.00468204	0.98436	0.00609288	5.53269e-05	0.0103896	0.022487	0.0219491	0.945031	0.000143429	2.18244e-05	2.97606e-05	4.76169e-05	2.77765e-05	0.999873
17	0.93024	0.0187521	0.0411488	0.00967671	0.000182236	0.00493247	0.969187	0.00871991	0.0171315	2.936e-05	0.00592452	0.00340766	0.986511	0.00408637	7.06984e-05	0.0140046	0.0271465	0.0244777	0.934088	0.000283057	3.36029e-05	1.86683e-05	4.48039e-05	1.49346e-05	0.999888
18	0.923926	0.0149973	0.0523546	0.00859811	0.000123536	0.00426658	0.972588	0.00736226	0.0157029	8.01989e-05	0.00516099	0.00432799	0.987052	0.00333201	0.000126761	0.0197995	0.0188585	0.0157666	0.945499	7.68167e-05	2.0164e-05	2.0164e-05	5.54511e-05	2.0164e-05	0.999884
19	0.968719	0.00725632	0.0175525	0.00627574	0.000196117	0.0022047	0.985302	0.00460983	0.00788348	NA	0.00513364	0.00228162	0.989896	0.00268905	NA	0.00276948	0.0197507	0.0137745	0.963632	7.2881e-05	1.95553e-05	5.86659e-05	9.77766e-05	1.95553e-05	0.999804
20	0.854346	0.00903695	0.127935	0.00850536	0.000177195	0.00220719	0.971663	0.00377358	0.0222855	7.11997e-05	0.00494692	0.00175204	0.992373	0.000824487	0.000103061	0.0610424	0.0189791	0.0129105	0.907009	5.94955e-05	NA	3.85884e-05	7.71769e-05	3.85884e-05	0.999846
21	0.970588	NA	0.0294118	NA	NA	NA	0.994652	0.00534759	NA	NA	0.0144928	NA	0.985507	NA	NA	0.00524934	0.023622	0.00262467	0.968504	NA	NA	NA	NA	NA	1
22	NA	NA	NA	NA	NA	NA	NA	NA	NA	NA	NA	NA	NA	NA	NA	NA	NA	NA	NA	NA	NA	NA	NA	NA	NA
23	NA	NA	NA	NA	NA	NA	NA	NA	NA	NA	NA	NA	NA	NA	NA	NA	NA	NA	NA	NA	NA	NA	NA	NA	NA
24	0.987797	0.00302647	0.00744453	0.00161541	0.000116777	0.00243016	0.990202	0.00210581	0.00512657	0.000135547	0.00436735	0.00205808	0.98974	0.00364901	0.000185095	0.00120299	0.00799389	0.00178644	0.988957	6.01497e-05	4.98508e-05	7.40641e-05	5.83967e-05	7.26397e-05	0.999745
25	0.988922	0.00207841	0.00772252	0.00116315	0.000114408	0.00156581	0.991471	0.00212989	0.00465854	0.00017506	0.00422672	0.00189673	0.99146	0.00224334	0.000173305	0.000793528	0.0081517	0.001855	0.989097	0.000103056	2.2473e-05	3.93277e-05	6.46098e-05	7.02281e-05	0.999803
26	0.98982	0.00200122	0.00704777	0.00101149	0.000119638	0.00123351	0.993002	0.00158428	0.00409223	8.76906e-05	0.00402592	0.0017317	0.991165	0.00296705	0.000110299	0.000705766	0.00775637	0.00112923	0.990303	0.000105865	9.04922e-05	6.31738e-05	6.48812e-05	8.19552e-05	0.999699
27	0.989466	0.00229039	0.0070075	0.00114519	9.08884e-05	0.00127898	0.991677	0.0020424	0.00489781	0.000104103	0.00449669	0.00199231	0.991605	0.00181589	9.03642e-05	0.00101888	0.00891797	0.00193139	0.988042	8.95716e-05	3.7368e-05	4.0136e-05	2.768e-05	4.0136e-05	0.999855
28	0.990358	0.00199956	0.00724283	0.000399911	NA	0.000945556	0.992759	0.00199064	0.00427988	2.4883e-05	0.00348321	0.00151444	0.992579	0.00238945	3.36542e-05	0.000564079	0.00800993	0.00131619	0.989997	0.000112816	1.34539e-05	2.69078e-05	1.34539e-05	1.34539e-05	0.999933
29	0.991734	0.00166305	0.00582066	0.000733697	4.89131e-05	0.000927459	0.993508	0.00146717	0.00404519	5.23988e-05	0.00376548	0.00146598	0.993487	0.00124399	3.76967e-05	0.00157313	0.00917336	0.00141776	0.98781	2.58952e-05	2.52048e-05	1.89036e-05	2.52048e-05	2.20542e-05	0.999909
30	0.989041	0.00166248	0.00872631	0.000529278	4.07137e-05	0.000828236	0.993154	0.00153302	0.00444644	3.81572e-05	0.00412547	0.00172017	0.993001	0.00111408	3.95272e-05	0.000911281	0.00825648	0.00168976	0.989106	3.66344e-05	1.16489e-05	2.3911e-05	2.20717e-05	6.74412e-06	0.999936
31	0.991431	0.00150104	0.00650791	0.000519005	4.07063e-05	0.000919989	0.993274	0.00155926	0.00423584	1.11177e-05	0.00402588	0.0017229	0.993114	0.00108028	5.73141e-05	0.000743907	0.0077231	0.00147429	0.989998	6.08651e-05	1.56774e-06	8.62255e-06	1.33258e-05	8.62255e-06	0.999968
32	0.99244	0.00125946	0.00586639	0.000412611	2.16288e-05	0.000590591	0.994786	0.00120544	0.0033952	2.23921e-05	0.00306302	0.00126883	0.994955	0.000691253	2.15056e-05	0.00187168	0.00699419	0.0011657	0.989945	2.38811e-05	7.9563e-06	5.59887e-06	1.59126e-05	6.18823e-06	0.999964
33	0.991588	0.00108434	0.00691401	0.000391269	2.2665e-05	0.000559795	0.995254	0.00109442	0.00307456	1.72245e-05	0.00300707	0.00117754	0.995213	0.000578511	2.38288e-05	0.000669834	0.00956407	0.00107639	0.988658	3.14531e-05	5.87507e-06	1.06203e-05	1.12982e-05	7.45682e-06	0.999965
34	0.991853	0.0012567	0.00650031	0.000369017	2.12567e-05	0.000663587	0.994564	0.00125344	0.00350083	1.81936e-05	0.00373138	0.00145105	0.994082	0.000710203	2.5212e-05	0.000432495	0.00640005	0.00109064	0.992052	2.43348e-05	8.62e-06	1.23143e-05	1.23143e-05	7.23465e-06	0.99996
35	0.991429	0.00135793	0.00674775	0.000425402	3.98159e-05	0.000670935	0.994193	0.00149016	0.00361843	2.79556e-05	0.00366079	0.00152266	0.994073	0.000721209	2.26558e-05	0.000500921	0.00956272	0.0012523	0.988634	5.044e-05	1.10094e-05	8.6011e-06	1.5482e-05	6.88088e-06	0.999958
36	0.990923	0.00146733	0.00706506	0.000512128	3.22238e-05	0.000857854	0.993067	0.00161172	0.00443361	3.01001e-05	0.00427553	0.00162639	0.993272	0.000797036	2.91916e-05	0.000624391	0.00957224	0.00135355	0.98841	4.0215e-05	1.17523e-05	1.40643e-05	1.84955e-05	7.89911e-06	0.999948
37	0.99082	0.00130826	0.00742983	0.000404576	3.74671e-05	0.00064988	0.994177	0.00146911	0.00368032	2.35737e-05	0.00363709	0.00141181	0.994247	0.000671589	3.29965e-05	0.000424232	0.00838097	0.00135889	0.989811	2.45398e-05	7.11884e-06	1.14276e-05	1.43001e-05	8.5551e-06	0.999959
38	0.990906	0.00141501	0.00722546	0.000424825	2.88872e-05	0.000826777	0.993314	0.00163983	0.00418799	3.09425e-05	0.00415019	0.00164942	0.993395	0.000772244	3.29803e-05	0.000513027	0.00776774	0.00142393	0.990259	3.66448e-05	1.02655e-05	1.23717e-05	1.52749e-05	8.17826e-06	0.999954
39	0.990071	0.00131684	0.00813985	0.000420857	5.11475e-05	0.00066006	0.993873	0.00154085	0.00389775	2.8807e-05	0.00382331	0.00141617	0.994072	0.000661776	2.64373e-05	0.000457258	0.00760435	0.00147896	0.990421	3.81284e-05	1.07049e-05	1.27455e-05	1.39163e-05	1.28793e-05	0.99995
40	1	NA	NA	NA	NA	NA	1	NA	NA	NA	NA	NA	1	NA	NA	NA	NA	NA	1	NA	NA	NA	NA	NA	1
