quality	AA	AC	AG	AT	A.	CA	CC	CG	CT	C.	GA	GC	GG	GT	G.	TA	TC	TG	TT	T.	.A	.C	.G	.T	..
0	NA	NA	NA	NA	NA	NA	NA	NA	NA	NA	NA	NA	NA	NA	NA	NA	NA	NA	NA	NA	NA	NA	NA	NA	NA
1	NA	NA	NA	NA	NA	NA	NA	NA	NA	NA	NA	NA	NA	NA	NA	NA	NA	NA	NA	NA	NA	NA	NA	NA	NA
2	NA	NA	NA	NA	NA	NA	NA	NA	NA	NA	NA	NA	NA	NA	NA	NA	NA	NA	NA	NA	NA	NA	NA	NA	NA
3	NA	NA	NA	NA	NA	NA	NA	NA	NA	NA	NA	NA	NA	NA	NA	NA	NA	NA	NA	NA	NA	NA	NA	NA	NA
4	NA	NA	NA	NA	NA	NA	NA	NA	NA	NA	NA	NA	NA	NA	NA	NA	NA	NA	NA	NA	NA	NA	NA	NA	NA
5	NA	NA	NA	NA	NA	NA	NA	NA	NA	NA	NA	NA	NA	NA	NA	NA	NA	NA	NA	NA	NA	NA	NA	NA	NA
6	NA	NA	NA	NA	NA	NA	NA	NA	NA	NA	NA	NA	NA	NA	NA	NA	NA	NA	NA	NA	NA	NA	NA	NA	NA
7	NA	NA	NA	NA	NA	NA	NA	NA	NA	NA	NA	NA	NA	NA	NA	NA	NA	NA	NA	NA	NA	NA	NA	NA	NA
8	NA	NA	NA	NA	NA	NA	NA	NA	NA	NA	NA	NA	NA	NA	NA	NA	NA	NA	NA	NA	NA	NA	NA	NA	NA
9	NA	NA	NA	NA	NA	NA	NA	NA	NA	NA	NA	NA	NA	NA	NA	NA	NA	NA	NA	NA	NA	NA	NA	NA	NA
10	NA	NA	NA	NA	NA	NA	NA	NA	NA	NA	NA	NA	NA	NA	NA	NA	NA	NA	NA	NA	NA	NA	NA	NA	NA
11	NA	NA	NA	NA	NA	NA	NA	NA	NA	NA	NA	NA	NA	NA	NA	NA	NA	NA	NA	NA	NA	NA	NA	NA	NA
12	0.934897	0.027997	0.00775899	0.029198	0.000149061	0.0304038	0.91918	0.032016	0.0179934	0.000406809	0.0191782	0.0174038	0.931725	0.0312729	0.000419876	0.0241143	0.00991034	0.0155376	0.950248	0.000189949	6.0972e-05	5.03203e-05	4.71982e-05	6.94199e-05	0.999772
13	0.95346	0.0152942	0.0169075	0.0139671	0.000370808	0.0243334	0.916646	0.0330265	0.0253963	0.000598022	0.0129947	0.0102878	0.953275	0.0230669	0.000375801	0.00738829	0.0183568	0.0160915	0.957826	0.000337074	9.45797e-05	0.000103852	0.000124252	0.000109416	0.999568
14	0.955039	0.0166243	0.0143937	0.0136919	0.000250726	0.0204082	0.930457	0.0208833	0.0279246	0.000326626	0.0111759	0.00818612	0.96095	0.0194546	0.000232972	0.0170613	0.0204083	0.0206521	0.941582	0.000296489	5.09779e-05	6.24891e-05	8.0304e-05	6.00224e-05	0.999746
15	0.948508	0.0208315	0.0170996	0.0132898	0.000270783	0.0119855	0.954003	0.0159934	0.0177721	0.000246277	0.0062522	0.00564415	0.979186	0.008789	0.000128321	0.0110166	0.0241669	0.0278022	0.936656	0.000358262	4.31807e-05	6.14494e-05	8.19326e-05	3.37695e-05	0.99978
16	0.954701	0.0188284	0.0147932	0.0115027	0.00017522	0.0101931	0.960464	0.0129812	0.016243	0.00011886	0.00432973	0.0041686	0.986194	0.00523464	7.30676e-05	0.0157908	0.0192518	0.0197511	0.944981	0.000225617	2.66838e-05	4.2694e-05	4.85645e-05	2.56164e-05	0.999856
17	0.956291	0.0178075	0.017412	0.00838868	0.000101179	0.00582437	0.968023	0.0108552	0.0151581	0.000139065	0.00473345	0.00309757	0.988117	0.00398367	6.81617e-05	0.0181342	0.0232955	0.0221421	0.936217	0.000211711	4.20166e-05	4.40174e-05	4.20166e-05	1.60063e-05	0.999856
18	0.968592	0.0116922	0.0130786	0.00650251	0.000134958	0.00535768	0.964185	0.00890444	0.0214307	0.000121979	0.00406701	0.00240657	0.991477	0.00199672	5.25453e-05	0.0450278	0.0151129	0.0141313	0.92565	7.77514e-05	1.09845e-05	1.92228e-05	5.76685e-05	1.37306e-05	0.999898
19	0.969817	0.00745376	0.0159658	0.00667157	9.20217e-05	0.00238479	0.979799	0.00403311	0.0137827	NA	0.00371573	0.00170838	0.992996	0.00153754	4.27095e-05	0.0486216	0.018439	0.0161833	0.916434	0.000322234	NA	1.96959e-05	1.96959e-05	NA	0.999961
20	0.967038	0.0107538	0.0184064	0.00360126	0.00020007	0.00214746	0.980041	0.00429492	0.0134321	8.42141e-05	0.00302962	0.00230027	0.99366	0.00100987	NA	0.046999	0.0164746	0.0115256	0.924868	0.000132859	3.27372e-05	4.36495e-05	5.45619e-05	NA	0.999869
21	0.965261	0.00744417	0.0248139	0.00248139	NA	NA	0.986523	0.00808625	0.00539084	NA	NA	NA	1	NA	NA	0.00243902	0.0182927	0.00731707	0.971951	NA	NA	NA	NA	NA	1
22	NA	NA	NA	NA	NA	NA	NA	NA	NA	NA	NA	NA	NA	NA	NA	NA	NA	NA	NA	NA	NA	NA	NA	NA	NA
23	NA	NA	NA	NA	NA	NA	NA	NA	NA	NA	NA	NA	NA	NA	NA	NA	NA	NA	NA	NA	NA	NA	NA	NA	NA
24	0.989937	0.002479	0.00605851	0.00136146	0.00016451	0.0022045	0.991813	0.00188875	0.00392964	0.000163615	0.00385108	0.00188357	0.99097	0.00310867	0.000186258	0.0011647	0.0067597	0.00190923	0.990041	0.000125316	7.73518e-05	6.46015e-05	6.88516e-05	9.94523e-05	0.99969
25	0.990882	0.00214816	0.00578436	0.00111883	6.71299e-05	0.0013143	0.993429	0.00174464	0.00337298	0.000139571	0.00369708	0.00166686	0.992427	0.00211674	9.22828e-05	0.000799875	0.00652256	0.00162576	0.990902	0.00014957	8.8411e-05	5.95074e-05	6.29078e-05	7.14089e-05	0.999718
26	0.99062	0.00211152	0.00565302	0.00157258	4.32729e-05	0.00110905	0.993589	0.00226764	0.00298035	5.38879e-05	0.0029861	0.00142292	0.994384	0.0011407	6.67521e-05	0.00111966	0.00619913	0.00147324	0.991158	4.9962e-05	3.01679e-05	2.67619e-05	2.82216e-05	2.62753e-05	0.999889
27	0.991229	0.00202638	0.00580191	0.000846847	9.57743e-05	0.00139003	0.992258	0.00181296	0.00443795	0.000101503	0.00351953	0.00151253	0.993247	0.0016313	8.9685e-05	0.00100189	0.00794592	0.00174672	0.989193	0.000112054	4.41428e-05	3.94132e-05	3.94132e-05	4.02015e-05	0.999837
28	0.992577	0.00131912	0.00545756	0.000517304	0.000129326	0.000791378	0.99446	0.0013957	0.0033094	4.31661e-05	0.003322	0.00118504	0.993628	0.00183584	2.91404e-05	0.000463811	0.00800074	0.0012291	0.99019	0.000115953	1.57394e-05	1.96743e-05	1.57394e-05	1.57394e-05	0.999933
29	0.993273	0.00134853	0.0047385	0.000575656	6.39618e-05	0.00103624	0.992933	0.0014252	0.00456955	3.563e-05	0.00308885	0.00127967	0.994417	0.00115193	6.2706e-05	0.000898078	0.0206524	0.00147492	0.976895	7.94454e-05	2.68423e-05	1.17435e-05	3.18752e-05	2.60035e-05	0.999904
30	0.993176	0.00123415	0.00511289	0.000442565	3.41819e-05	0.00083078	0.993481	0.00138423	0.0042663	3.78738e-05	0.00315986	0.00138095	0.994483	0.000917993	5.787e-05	0.000624331	0.0212604	0.00144743	0.976594	7.39004e-05	1.79594e-05	2.12852e-05	2.16177e-05	1.031e-05	0.999929
31	0.993604	0.00122684	0.00480068	0.000338715	2.93375e-05	0.000744538	0.994453	0.00125341	0.00352455	2.40174e-05	0.00319347	0.00135746	0.994557	0.000849707	4.23912e-05	0.000562884	0.00701753	0.00127389	0.991086	5.92509e-05	8.88188e-06	1.22654e-05	1.64949e-05	5.92125e-06	0.999956
32	0.994514	0.000952182	0.00420414	0.000312074	1.77315e-05	0.000534552	0.995858	0.00101939	0.00256462	2.35757e-05	0.00238112	0.00100161	0.996024	0.00056497	2.83318e-05	0.000376975	0.004946	0.000968682	0.993677	3.10169e-05	6.24293e-06	9.92466e-06	1.08851e-05	6.24293e-06	0.999967
33	0.994141	0.000943973	0.004557	0.000337459	2.01954e-05	0.000446718	0.996141	0.000894848	0.00249491	2.26007e-05	0.0022865	0.000934377	0.996273	0.000486017	2.0412e-05	0.000335859	0.0149549	0.00106472	0.983603	4.1903e-05	7.30055e-06	9.12569e-06	1.09508e-05	7.42223e-06	0.999965
34	0.992946	0.00114009	0.0054669	0.000414232	3.25468e-05	0.000595918	0.99517	0.00126448	0.00294237	2.68161e-05	0.00299545	0.00124865	0.995124	0.000602721	2.96171e-05	0.000417911	0.00574007	0.00112762	0.992684	3.00848e-05	6.20259e-06	9.69617e-06	1.16206e-05	6.40983e-06	0.999966
35	0.993141	0.00107929	0.0053723	0.000373956	3.33684e-05	0.000583134	0.995146	0.00128195	0.00296612	2.2868e-05	0.0028838	0.00122846	0.995283	0.000578038	2.66132e-05	0.000430275	0.00792364	0.0010652	0.990538	4.29276e-05	7.51381e-06	1.2523e-05	1.29083e-05	4.81655e-06	0.999962
36	0.993045	0.00113014	0.0054504	0.000340499	3.39892e-05	0.000714881	0.994276	0.00140486	0.00356791	3.64477e-05	0.00323152	0.00139367	0.994681	0.000666826	2.73811e-05	0.000481915	0.00751926	0.00118304	0.990768	4.75536e-05	7.99729e-06	1.31238e-05	1.70199e-05	5.9467e-06	0.999956
37	0.99266	0.00113392	0.00581942	0.000356844	3.02255e-05	0.000520639	0.995451	0.0011513	0.00285577	2.11741e-05	0.0028083	0.00114724	0.995458	0.000553174	3.33066e-05	0.000366359	0.00678549	0.00113195	0.991683	3.33648e-05	6.42696e-06	9.00444e-06	1.14145e-05	6.66127e-06	0.999966
38	0.992825	0.00117561	0.00562677	0.000340685	3.15895e-05	0.00068793	0.994699	0.00137166	0.00320882	3.28488e-05	0.00319773	0.00137421	0.994752	0.000643364	3.2226e-05	0.000448223	0.00607645	0.00118738	0.99225	3.75452e-05	7.62955e-06	1.1505e-05	1.39538e-05	5.79806e-06	0.999961
39	0.991718	0.00117567	0.00665642	0.000400533	4.94714e-05	0.000508157	0.995169	0.00127891	0.00301997	2.42192e-05	0.00303638	0.00114208	0.995247	0.000551097	2.32041e-05	0.000406161	0.00618487	0.00121639	0.992162	3.02214e-05	8.29191e-06	1.06687e-05	1.44036e-05	1.07759e-05	0.999956
40	1	NA	NA	NA	NA	0.0204082	0.979592	NA	NA	NA	0.0128205	NA	0.987179	NA	NA	NA	0.011236	NA	0.988764	NA	0.00215054	NA	NA	NA	0.997849
