quality	AA	AC	AG	AT	A.	CA	CC	CG	CT	C.	GA	GC	GG	GT	G.	TA	TC	TG	TT	T.	.A	.C	.G	.T	..
0	NA	NA	NA	NA	NA	NA	NA	NA	NA	NA	NA	NA	NA	NA	NA	NA	NA	NA	NA	NA	NA	NA	NA	NA	NA
1	NA	NA	NA	NA	NA	NA	NA	NA	NA	NA	NA	NA	NA	NA	NA	NA	NA	NA	NA	NA	NA	NA	NA	NA	NA
2	NA	NA	NA	NA	NA	NA	NA	NA	NA	NA	NA	NA	NA	NA	NA	NA	NA	NA	NA	NA	NA	NA	NA	NA	NA
3	NA	NA	NA	NA	NA	NA	NA	NA	NA	NA	NA	NA	NA	NA	NA	NA	NA	NA	NA	NA	NA	NA	NA	NA	NA
4	NA	NA	NA	NA	NA	NA	NA	NA	NA	NA	NA	NA	NA	NA	NA	NA	NA	NA	NA	NA	NA	NA	NA	NA	NA
5	NA	NA	NA	NA	NA	NA	NA	NA	NA	NA	NA	NA	NA	NA	NA	NA	NA	NA	NA	NA	NA	NA	NA	NA	NA
6	NA	NA	NA	NA	NA	NA	NA	NA	NA	NA	NA	NA	NA	NA	NA	NA	NA	NA	NA	NA	NA	NA	NA	NA	NA
7	NA	NA	NA	NA	NA	NA	NA	NA	NA	NA	NA	NA	NA	NA	NA	NA	NA	NA	NA	NA	NA	NA	NA	NA	NA
8	NA	NA	NA	NA	NA	NA	NA	NA	NA	NA	NA	NA	NA	NA	NA	NA	NA	NA	NA	NA	NA	NA	NA	NA	NA
9	NA	NA	NA	NA	NA	NA	NA	NA	NA	NA	NA	NA	NA	NA	NA	NA	NA	NA	NA	NA	NA	NA	NA	NA	NA
10	NA	NA	NA	NA	NA	NA	NA	NA	NA	NA	NA	NA	NA	NA	NA	NA	NA	NA	NA	NA	NA	NA	NA	NA	NA
11	NA	NA	NA	NA	NA	NA	NA	NA	NA	NA	NA	NA	NA	NA	NA	NA	NA	NA	NA	NA	NA	NA	NA	NA	NA
12	0.934904	0.0284229	0.00895887	0.027563	0.000151024	0.0205137	0.939107	0.0240979	0.0159559	0.00032543	0.0160215	0.014623	0.941389	0.027603	0.000363224	0.0177171	0.0102349	0.0173859	0.954508	0.000154108	4.51065e-05	5.13024e-05	3.76713e-05	6.04724e-05	0.999805
13	0.952632	0.0147638	0.0172392	0.014933	0.000431614	0.018468	0.929041	0.0299206	0.0219702	0.000600293	0.0105656	0.00884793	0.96018	0.0201033	0.000303515	0.00502667	0.0171404	0.0127449	0.964806	0.000282147	7.14794e-05	9.91489e-05	8.99257e-05	0.000113752	0.999626
14	0.955784	0.0138482	0.0178835	0.0122627	0.000221846	0.013043	0.952698	0.0152001	0.0188088	0.000250412	0.00973819	0.0057864	0.97115	0.0131717	0.000153727	0.00499097	0.018334	0.0158018	0.960629	0.000243936	3.98893e-05	5.84344e-05	5.49353e-05	4.23387e-05	0.999804
15	0.944589	0.0166548	0.0275445	0.0110065	0.000205265	0.00762538	0.969966	0.0108471	0.0113833	0.000177971	0.0129034	0.00357749	0.978291	0.00511583	0.00011262	0.00467997	0.0212788	0.020695	0.953044	0.000302043	3.56081e-05	5.23648e-05	5.79504e-05	2.58333e-05	0.999828
16	0.947917	0.0133255	0.0306624	0.00793599	0.000159154	0.00581376	0.977677	0.00768549	0.00873625	8.70056e-05	0.00996654	0.00278113	0.984139	0.00305874	5.50223e-05	0.00310331	0.0163131	0.0142254	0.966192	0.000165953	2.42096e-05	2.9194e-05	3.56024e-05	1.4241e-05	0.999897
17	0.944368	0.0137136	0.0347273	0.00704834	0.00014228	0.00513186	0.976746	0.00810763	0.00983607	0.00017819	0.011529	0.00267184	0.983143	0.00259461	6.17765e-05	0.0036374	0.0199551	0.0161795	0.960071	0.000156546	6.79409e-06	3.62352e-05	4.98234e-05	4.07646e-05	0.999866
18	0.904334	0.00973133	0.0785004	0.00725317	0.000181329	0.00593174	0.978073	0.00826353	0.00757831	0.000153407	0.0140375	0.00220104	0.981877	0.00180298	8.19538e-05	0.00220233	0.0141231	0.0118183	0.971703	0.000153651	2.82279e-05	5.64559e-05	3.13644e-05	3.13644e-05	0.999853
19	0.968446	0.00915414	0.0166206	0.00562545	0.000153421	0.00196408	0.984752	0.00471378	0.00846338	0.000107131	0.0038334	0.00193823	0.992635	0.00155059	4.30719e-05	0.00320095	0.0228809	0.0173484	0.956412	0.000158072	4.16489e-05	1.04122e-05	5.20611e-05	3.12367e-05	0.999865
20	0.812711	0.00923535	0.173327	0.00459579	0.000131308	0.00444995	0.986534	0.00375343	0.00522385	3.86952e-05	0.0180981	0.00274058	0.978541	0.00051709	0.000103418	0.00231655	0.0176126	0.0109695	0.969101	NA	NA	5.13542e-05	1.02708e-05	1.02708e-05	0.999928
21	0.97235	0.0115207	0.016129	NA	NA	NA	1	NA	NA	NA	0.00735294	NA	0.992647	NA	NA	NA	0.0175824	0.00549451	0.976923	NA	NA	NA	0.000526039	0.000526039	0.998948
22	NA	NA	NA	NA	NA	NA	NA	NA	NA	NA	NA	NA	NA	NA	NA	NA	NA	NA	NA	NA	NA	NA	NA	NA	NA
23	NA	NA	NA	NA	NA	NA	NA	NA	NA	NA	NA	NA	NA	NA	NA	NA	NA	NA	NA	NA	NA	NA	NA	NA	NA
24	0.990925	0.00218973	0.00580725	0.000967875	0.00010983	0.00140361	0.993153	0.0018311	0.00346627	0.000146061	0.00372473	0.00159093	0.992547	0.00193297	0.000203966	0.000672361	0.00616746	0.00142773	0.991612	0.000120361	5.88536e-05	6.59566e-05	6.69714e-05	7.20449e-05	0.999736
25	0.990943	0.00194366	0.00642704	0.000596056	9.07041e-05	0.000892562	0.994378	0.00159537	0.00305017	8.43366e-05	0.00334358	0.00145902	0.993698	0.00137796	0.000121585	0.000518912	0.00584309	0.00136481	0.992216	5.68671e-05	4.33101e-05	5.31533e-05	6.69337e-05	4.72473e-05	0.999789
26	0.990346	0.00220701	0.00601022	0.00138001	5.65579e-05	0.000775413	0.994463	0.00174574	0.00296425	5.11261e-05	0.00318927	0.00194702	0.993652	0.0011613	5.07261e-05	0.000767254	0.00575609	0.00150759	0.991927	4.20644e-05	1.97811e-05	2.41083e-05	2.37992e-05	2.22538e-05	0.99991
27	0.991703	0.00153516	0.00614605	0.000562171	5.40549e-05	0.000970193	0.993947	0.00159258	0.00340483	8.54258e-05	0.0036626	0.0015526	0.993596	0.00110973	7.89025e-05	0.000603278	0.00673219	0.00161095	0.990991	6.29796e-05	4.39117e-05	4.05976e-05	3.72835e-05	4.47402e-05	0.999833
28	0.993124	0.00128198	0.00521531	0.000291358	8.74075e-05	0.000561176	0.995164	0.00133692	0.00288841	4.95156e-05	0.00320995	0.00143779	0.993703	0.00160498	4.45827e-05	0.000372539	0.00665247	0.00156998	0.991352	5.32198e-05	2.70112e-05	1.35056e-05	2.70112e-05	2.70112e-05	0.999905
29	0.992742	0.00153099	0.00505922	0.000605436	6.26314e-05	0.000928487	0.994529	0.0013831	0.00312835	3.08212e-05	0.0031153	0.00139672	0.994531	0.000903585	5.31521e-05	0.000373609	0.00579983	0.00151223	0.992279	3.55818e-05	1.71044e-05	1.71044e-05	2.88636e-05	2.24495e-05	0.999914
30	0.992998	0.00119501	0.00534681	0.000418822	4.09718e-05	0.000752638	0.994447	0.00136948	0.00338759	4.33381e-05	0.00318958	0.00136883	0.994593	0.000812334	3.6415e-05	0.000448086	0.00589778	0.00132004	0.992277	5.75245e-05	1.54614e-05	2.77512e-05	2.06152e-05	8.72182e-06	0.999927
31	0.993556	0.00123915	0.00480789	0.000373202	2.33251e-05	0.000781748	0.994644	0.00131234	0.0032351	2.66127e-05	0.00302552	0.00137001	0.994813	0.000744615	4.70613e-05	0.000375955	0.0058473	0.00111987	0.992613	4.39947e-05	6.05547e-06	1.49058e-05	1.30426e-05	5.58967e-06	0.99996
32	0.994345	0.000917735	0.00440069	0.000318937	1.79534e-05	0.000532149	0.996006	0.00103093	0.00241106	2.0261e-05	0.00252728	0.00104759	0.995857	0.000541839	2.58483e-05	0.000333076	0.00469401	0.000954636	0.993989	2.91214e-05	4.43622e-06	8.31791e-06	8.50275e-06	4.8059e-06	0.999974
33	0.994242	0.000873971	0.00453358	0.000324512	2.58135e-05	0.000460505	0.996451	0.000908151	0.00216148	1.88863e-05	0.00224184	0.000938926	0.99634	0.000457135	2.23088e-05	0.00028443	0.00445351	0.000996207	0.994234	3.22261e-05	6.98614e-06	1.13696e-05	8.76692e-06	4.79441e-06	0.999968
34	0.99282	0.0011631	0.00558189	0.000405644	2.9136e-05	0.000586027	0.995196	0.00123945	0.00295263	2.62221e-05	0.0030013	0.00132239	0.995023	0.000623475	2.99377e-05	0.000336403	0.00547974	0.0010968	0.993056	3.0924e-05	6.10073e-06	9.64496e-06	9.19467e-06	5.79569e-06	0.999969
35	0.993785	0.000925368	0.00494106	0.000327438	2.13546e-05	0.00054658	0.995682	0.00116985	0.00257322	2.80444e-05	0.00277237	0.00113047	0.995536	0.000547617	1.38095e-05	0.000298348	0.00539665	0.00100965	0.993254	4.18415e-05	6.57892e-06	9.17586e-06	1.00415e-05	5.02075e-06	0.999969
36	0.993099	0.00109281	0.00540444	0.000369084	3.45231e-05	0.000680926	0.994788	0.00134594	0.00315222	3.32688e-05	0.00316632	0.00133191	0.99482	0.000656062	2.53618e-05	0.000388025	0.00593578	0.00114347	0.992487	4.53382e-05	6.45624e-06	1.23918e-05	1.22877e-05	5.62318e-06	0.999963
37	0.992616	0.00109028	0.00588866	0.00037591	2.8944e-05	0.000519062	0.995549	0.00114436	0.00276578	2.16441e-05	0.00274592	0.00113388	0.995545	0.000544572	3.01711e-05	0.000327037	0.00545504	0.00114439	0.993043	3.07153e-05	5.50894e-06	8.6897e-06	8.46016e-06	7.14851e-06	0.99997
38	0.992792	0.00116846	0.00563467	0.000372666	3.21264e-05	0.000688635	0.994687	0.00137929	0.00321161	3.36278e-05	0.0031775	0.00135409	0.994801	0.000637924	2.93664e-05	0.000391765	0.00576225	0.00119089	0.99262	3.54434e-05	7.08711e-06	1.20743e-05	1.05772e-05	6.24132e-06	0.999964
39	0.991641	0.00116088	0.00673913	0.000416385	4.28357e-05	0.000513022	0.995141	0.0012765	0.00304464	2.44185e-05	0.00299359	0.00116285	0.995253	0.000567807	2.22603e-05	0.000353991	0.00600584	0.00121486	0.992395	3.05639e-05	7.33946e-06	1.22324e-05	9.60162e-06	9.90325e-06	0.999961
40	0.989474	NA	0.0105263	NA	NA	0.00552486	0.98895	NA	0.00552486	NA	NA	0.00735294	0.985294	0.00735294	NA	NA	0.0185185	NA	0.981481	NA	NA	NA	NA	NA	1
