quality	AA	AC	AG	AT	A.	CA	CC	CG	CT	C.	GA	GC	GG	GT	G.	TA	TC	TG	TT	T.	.A	.C	.G	.T	..
0	NA	NA	NA	NA	NA	NA	NA	NA	NA	NA	NA	NA	NA	NA	NA	NA	NA	NA	NA	NA	NA	NA	NA	NA	NA
1	NA	NA	NA	NA	NA	NA	NA	NA	NA	NA	NA	NA	NA	NA	NA	NA	NA	NA	NA	NA	NA	NA	NA	NA	NA
2	NA	NA	NA	NA	NA	NA	NA	NA	NA	NA	NA	NA	NA	NA	NA	NA	NA	NA	NA	NA	NA	NA	NA	NA	NA
3	NA	NA	NA	NA	NA	NA	NA	NA	NA	NA	NA	NA	NA	NA	NA	NA	NA	NA	NA	NA	NA	NA	NA	NA	NA
4	NA	NA	NA	NA	NA	NA	NA	NA	NA	NA	NA	NA	NA	NA	NA	NA	NA	NA	NA	NA	NA	NA	NA	NA	NA
5	NA	NA	NA	NA	NA	NA	NA	NA	NA	NA	NA	NA	NA	NA	NA	NA	NA	NA	NA	NA	NA	NA	NA	NA	NA
6	NA	NA	NA	NA	NA	NA	NA	NA	NA	NA	NA	NA	NA	NA	NA	NA	NA	NA	NA	NA	NA	NA	NA	NA	NA
7	NA	NA	NA	NA	NA	NA	NA	NA	NA	NA	NA	NA	NA	NA	NA	NA	NA	NA	NA	NA	NA	NA	NA	NA	NA
8	NA	NA	NA	NA	NA	NA	NA	NA	NA	NA	NA	NA	NA	NA	NA	NA	NA	NA	NA	NA	NA	NA	NA	NA	NA
9	NA	NA	NA	NA	NA	NA	NA	NA	NA	NA	NA	NA	NA	NA	NA	NA	NA	NA	NA	NA	NA	NA	NA	NA	NA
10	NA	NA	NA	NA	NA	NA	NA	NA	NA	NA	NA	NA	NA	NA	NA	NA	NA	NA	NA	NA	NA	NA	NA	NA	NA
11	NA	NA	NA	NA	NA	NA	NA	NA	NA	NA	NA	NA	NA	NA	NA	NA	NA	NA	NA	NA	NA	NA	NA	NA	NA
12	0.922304	0.0364231	0.00749309	0.0336899	8.98618e-05	0.0176842	0.948976	0.0257161	0.00745222	0.000171633	0.00967971	0.0140599	0.962376	0.0136585	0.000225891	0.0224264	0.00779975	0.0210641	0.948632	7.7481e-05	2.13885e-05	3.46289e-05	2.54625e-05	2.81785e-05	0.99989
13	0.957605	0.0151483	0.0169953	0.00992225	0.00032931	0.0175495	0.9333	0.0303048	0.0182316	0.000613891	0.0100644	0.00984669	0.962137	0.0176934	0.000258062	0.00414389	0.0173525	0.0131269	0.965104	0.000272624	7.57676e-05	9.47095e-05	0.000119063	9.20035e-05	0.999618
14	0.967172	0.0125429	0.0118401	0.00820137	0.000243717	0.013568	0.951119	0.0170311	0.0180095	0.000272011	0.0081276	0.00670563	0.972884	0.0121027	0.00018029	0.0042558	0.0180358	0.015437	0.962024	0.000247842	3.74683e-05	5.62024e-05	6.06105e-05	3.74683e-05	0.999808
15	0.963152	0.0151404	0.0142053	0.00722871	0.000273178	0.00791108	0.96905	0.0120113	0.0108615	0.000166321	0.00467409	0.00380658	0.986778	0.00464417	9.7221e-05	0.00375897	0.0214443	0.0207649	0.953737	0.000294377	2.1963e-05	3.07481e-05	8.1263e-05	1.75704e-05	0.999848
16	0.970743	0.0120948	0.0115208	0.00553274	0.000108873	0.00635834	0.975658	0.00864735	0.00916271	0.000174018	0.00383038	0.00342561	0.989933	0.00277347	3.74793e-05	0.00276763	0.0150156	0.0132947	0.968721	0.000201282	1.89399e-05	3.78798e-05	3.78798e-05	2.10443e-05	0.999884
17	0.968567	0.012279	0.0135099	0.00543397	0.000210153	0.00524168	0.977898	0.00802464	0.00872714	0.000108076	0.00473381	0.00278997	0.989984	0.00242408	6.86059e-05	0.00326872	0.0198417	0.0162863	0.960489	0.000114692	1.34328e-05	4.02985e-05	6.04477e-05	4.02985e-05	0.999846
18	0.970843	0.0116365	0.0132927	0.00409675	0.000130747	0.00326015	0.981396	0.00807561	0.00717832	8.9729e-05	0.00407178	0.00338714	0.990307	0.00201787	0.000216201	0.00232811	0.0148999	0.0121838	0.970549	3.88018e-05	3.77854e-05	3.77854e-05	6.61244e-05	4.72317e-05	0.999811
19	0.971045	0.00777137	0.0139133	0.00714465	0.000125345	0.0031462	0.983187	0.00442434	0.00914364	9.83187e-05	0.00372731	0.00216424	0.993267	0.000721414	0.000120236	0.00254453	0.0233854	0.0157518	0.958197	0.000121168	2.8811e-05	NA	NA	NA	0.999971
20	0.966395	0.0106486	0.0185313	0.00442539	NA	0.00249745	0.988761	0.00408673	0.00465433	NA	0.00391236	0.00203443	0.992958	0.00109546	NA	0.00338911	0.0202288	0.0115442	0.964732	0.00010591	NA	6.27589e-05	3.13794e-05	3.13794e-05	0.999874
21	0.976608	0.00584795	0.0116959	0.00584795	NA	NA	0.97931	NA	0.0206897	NA	NA	NA	1	NA	NA	0.00330033	0.00990099	0.00660066	0.980198	NA	NA	NA	NA	NA	1
22	NA	NA	NA	NA	NA	NA	NA	NA	NA	NA	NA	NA	NA	NA	NA	NA	NA	NA	NA	NA	NA	NA	NA	NA	NA
23	NA	NA	NA	NA	NA	NA	NA	NA	NA	NA	NA	NA	NA	NA	NA	NA	NA	NA	NA	NA	NA	NA	NA	NA	NA
24	0.990934	0.0025321	0.00542594	0.000949539	0.000158256	0.00133804	0.993359	0.0019575	0.00320882	0.000136282	0.00334267	0.00171391	0.99324	0.00158617	0.0001171	0.000669536	0.00590285	0.00181731	0.991487	0.000122976	7.53621e-05	4.79577e-05	8.56387e-05	8.22132e-05	0.999709
25	0.990598	0.00216959	0.00637317	0.000632797	0.000225999	0.00104987	0.994201	0.00167479	0.00292463	0.000149981	0.00281942	0.00119825	0.994996	0.00091631	7.04854e-05	0.000594825	0.0060226	0.00116487	0.992119	9.91375e-05	6.20822e-05	6.20822e-05	4.13882e-05	4.13882e-05	0.999793
26	0.990698	0.00218986	0.00562529	0.00144766	3.91921e-05	0.000708123	0.995108	0.0015495	0.00260343	3.08358e-05	0.00301375	0.00173848	0.994286	0.000912845	4.87002e-05	0.00084385	0.00528497	0.0014149	0.992416	4.00101e-05	9.25133e-06	1.78646e-05	1.21224e-05	9.88935e-06	0.999951
27	0.991989	0.00144549	0.00581679	0.000714037	3.48311e-05	0.00093104	0.994139	0.00177744	0.00309994	5.29e-05	0.00358862	0.00138613	0.993843	0.00107148	0.00011055	0.000590194	0.00609125	0.00157014	0.991693	5.56787e-05	3.34035e-05	3.34035e-05	4.73216e-05	3.89707e-05	0.999847
28	0.993424	0.0018109	0.00438429	0.000285932	9.53107e-05	0.000925724	0.995535	0.001198	0.00223263	0.000108909	0.00255839	0.0012061	0.995029	0.00109645	0.000109645	0.000460236	0.00717968	0.00147275	0.990887	NA	2.98272e-05	2.98272e-05	4.47407e-05	1.49136e-05	0.999881
29	0.993215	0.00120673	0.00510386	0.000474777	NA	0.000619856	0.995087	0.00121675	0.00301893	5.73941e-05	0.00258235	0.0011155	0.995362	0.000895916	4.39174e-05	0.000434538	0.0053167	0.00120137	0.993009	3.83416e-05	1.25877e-05	3.77632e-05	3.77632e-05	1.25877e-05	0.999899
30	0.993201	0.00104557	0.00524036	0.000482088	3.13044e-05	0.000583141	0.995344	0.00113604	0.00290275	3.45565e-05	0.00300807	0.00109586	0.995044	0.000816358	3.59751e-05	0.000463336	0.0055137	0.00131587	0.992633	7.41338e-05	1.05156e-05	1.28524e-05	2.21995e-05	8.17877e-06	0.999946
31	0.994172	0.000928706	0.00450743	0.000352268	4.00304e-05	0.000517834	0.995496	0.00100716	0.00295498	2.37539e-05	0.00283295	0.00108982	0.995403	0.000635482	3.86041e-05	0.000389426	0.00538324	0.00106519	0.993105	5.72685e-05	9.23927e-06	2.11183e-05	1.3199e-05	1.3199e-05	0.999943
32	0.994876	0.00091538	0.00389107	0.000289067	2.83399e-05	0.000435609	0.996584	0.000819279	0.00214286	1.84296e-05	0.00224209	0.000864253	0.996452	0.000422462	1.93283e-05	0.000338107	0.00437521	0.000777142	0.994502	7.56956e-06	6.7708e-06	9.89579e-06	8.85413e-06	3.12499e-06	0.999971
33	0.994729	0.000801316	0.00417886	0.000274451	1.60263e-05	0.0003652	0.996879	0.000787599	0.0019547	1.32e-05	0.00202254	0.000730124	0.99682	0.000409426	1.81729e-05	0.000277725	0.00404714	0.000963988	0.994701	1.00625e-05	5.30625e-06	9.85447e-06	7.95938e-06	4.92724e-06	0.999972
34	0.99327	0.00104495	0.00524982	0.000408494	2.6858e-05	0.000514161	0.995724	0.00103941	0.00269964	2.27501e-05	0.00277394	0.0011076	0.995528	0.000564181	2.60256e-05	0.000312943	0.00512826	0.000972292	0.993559	2.76535e-05	5.98434e-06	1.11117e-05	8.67148e-06	5.88266e-06	0.999968
35	0.993803	0.00106867	0.00480737	0.00028123	3.9703e-05	0.000515525	0.996086	0.000901678	0.00246785	2.94025e-05	0.00242685	0.0010104	0.996065	0.000469002	2.8329e-05	0.000310686	0.0050606	0.000899197	0.993694	3.58484e-05	5.7003e-06	8.55045e-06	1.48208e-05	6.27033e-06	0.999965
36	0.9936	0.00101145	0.00502674	0.000347908	1.43467e-05	0.000564505	0.995335	0.00113649	0.00293585	2.77976e-05	0.00286195	0.00114749	0.995391	0.000566968	3.26944e-05	0.000379445	0.00558676	0.000975716	0.993021	3.67205e-05	7.24206e-06	9.95783e-06	1.17683e-05	8.14732e-06	0.999963
37	0.993034	0.00100748	0.00557477	0.000358239	2.52133e-05	0.000476736	0.995963	0.000979258	0.00256301	1.8167e-05	0.0025453	0.000920934	0.996031	0.000480531	2.25934e-05	0.000325892	0.00516207	0.00100354	0.993479	2.96266e-05	5.18903e-06	1.36452e-05	7.01479e-06	6.34214e-06	0.999968
38	0.993389	0.00102815	0.0051925	0.000368246	2.19849e-05	0.000593316	0.995334	0.00111213	0.00292614	3.40651e-05	0.00283657	0.00111659	0.99547	0.000545337	3.15915e-05	0.000370638	0.00521764	0.00100145	0.993379	3.09726e-05	5.62322e-06	1.19421e-05	1.10725e-05	5.85511e-06	0.999966
39	0.992429	0.00101455	0.00611379	0.000401269	4.1067e-05	0.000450589	0.995797	0.00102008	0.00271379	1.89737e-05	0.00271474	0.000958768	0.995797	0.00050952	1.94995e-05	0.000360549	0.00543032	0.00105241	0.993127	2.94497e-05	6.09318e-06	1.39992e-05	8.45996e-06	8.7621e-06	0.999963
40	1	NA	NA	NA	NA	NA	0.983607	NA	0.0163934	NA	NA	NA	1	NA	NA	NA	0.0277778	NA	0.972222	NA	NA	NA	NA	NA	1
