quality	AA	AC	AG	AT	A.	CA	CC	CG	CT	C.	GA	GC	GG	GT	G.	TA	TC	TG	TT	T.	.A	.C	.G	.T	..
0	NA	NA	NA	NA	NA	NA	NA	NA	NA	NA	NA	NA	NA	NA	NA	NA	NA	NA	NA	NA	NA	NA	NA	NA	NA
1	NA	NA	NA	NA	NA	NA	NA	NA	NA	NA	NA	NA	NA	NA	NA	NA	NA	NA	NA	NA	NA	NA	NA	NA	NA
2	NA	NA	NA	NA	NA	NA	NA	NA	NA	NA	NA	NA	NA	NA	NA	NA	NA	NA	NA	NA	NA	NA	NA	NA	NA
3	NA	NA	NA	NA	NA	NA	NA	NA	NA	NA	NA	NA	NA	NA	NA	NA	NA	NA	NA	NA	NA	NA	NA	NA	NA
4	NA	NA	NA	NA	NA	NA	NA	NA	NA	NA	NA	NA	NA	NA	NA	NA	NA	NA	NA	NA	NA	NA	NA	NA	NA
5	NA	NA	NA	NA	NA	NA	NA	NA	NA	NA	NA	NA	NA	NA	NA	NA	NA	NA	NA	NA	NA	NA	NA	NA	NA
6	NA	NA	NA	NA	NA	NA	NA	NA	NA	NA	NA	NA	NA	NA	NA	NA	NA	NA	NA	NA	NA	NA	NA	NA	NA
7	NA	NA	NA	NA	NA	NA	NA	NA	NA	NA	NA	NA	NA	NA	NA	NA	NA	NA	NA	NA	NA	NA	NA	NA	NA
8	NA	NA	NA	NA	NA	NA	NA	NA	NA	NA	NA	NA	NA	NA	NA	NA	NA	NA	NA	NA	NA	NA	NA	NA	NA
9	NA	NA	NA	NA	NA	NA	NA	NA	NA	NA	NA	NA	NA	NA	NA	NA	NA	NA	NA	NA	NA	NA	NA	NA	NA
10	NA	NA	NA	NA	NA	NA	NA	NA	NA	NA	NA	NA	NA	NA	NA	NA	NA	NA	NA	NA	NA	NA	NA	NA	NA
11	NA	NA	NA	NA	NA	NA	NA	NA	NA	NA	NA	NA	NA	NA	NA	NA	NA	NA	NA	NA	NA	NA	NA	NA	NA
12	0.919922	0.0362253	0.00745303	0.0362864	0.000113765	0.0293112	0.923518	0.0377646	0.00921441	0.000192101	0.0106196	0.0162395	0.957834	0.0150812	0.000225838	0.0299889	0.00787412	0.0177894	0.944234	0.00011366	2.80751e-05	3.19812e-05	3.95492e-05	3.63755e-05	0.999864
13	0.941704	0.0176757	0.0283642	0.0118971	0.000358802	0.023514	0.920305	0.033296	0.0223925	0.000492212	0.0130539	0.0106011	0.957996	0.0181387	0.000210547	0.00770605	0.0221299	0.0202486	0.949516	0.00039908	8.73126e-05	0.000110477	0.000106913	8.37488e-05	0.999612
14	0.953933	0.017303	0.0176681	0.0108498	0.000245908	0.0209299	0.931329	0.0236573	0.0237561	0.000327599	0.0104757	0.00893467	0.963797	0.0166164	0.000175948	0.00760403	0.0231449	0.0247061	0.944259	0.000285971	3.83278e-05	6.21922e-05	6.00228e-05	5.06216e-05	0.999789
15	0.94153	0.0222112	0.0257129	0.0102637	0.000281749	0.0136427	0.950706	0.0189144	0.0165033	0.000234089	0.00664847	0.00619358	0.978925	0.00810814	0.000124971	0.0071044	0.0272106	0.0304629	0.934919	0.000303545	3.71034e-05	5.2801e-05	7.56339e-05	4.42387e-05	0.99979
16	0.954814	0.0188481	0.0175813	0.00859178	0.000165227	0.0114373	0.959734	0.0152369	0.0134718	0.000119673	0.00501489	0.00538885	0.983762	0.0057628	7.19152e-05	0.00475172	0.0203636	0.0199072	0.954815	0.000162559	2.27888e-05	3.6194e-05	5.63019e-05	2.54699e-05	0.999859
17	0.95584	0.018235	0.0201461	0.00559865	0.000179876	0.00674011	0.971818	0.0110159	0.0103208	0.000105314	0.00466912	0.00332946	0.988416	0.00354617	3.94019e-05	0.0047302	0.0256981	0.024605	0.944688	0.000278247	4.66415e-05	3.10944e-05	5.18239e-05	1.55472e-05	0.999855
18	0.968862	0.012914	0.0137309	0.00439892	9.42626e-05	0.00505863	0.979025	0.00746021	0.00827777	0.000178841	0.00328064	0.00238592	0.991888	0.00238592	5.96481e-05	0.00333362	0.0164942	0.0148419	0.965127	0.000202916	2.25873e-05	3.76455e-05	4.51746e-05	3.76455e-05	0.999857
19	0.968193	0.013012	0.0148193	0.00373494	0.000240964	0.00197842	0.98804	0.00350719	0.00629496	0.000179856	0.00422932	0.00117481	0.992599	0.00176222	0.000234962	0.00368085	0.0208942	0.0159143	0.959078	0.000433041	NA	5.38358e-05	0.000107672	5.38358e-05	0.999785
20	0.971726	0.0110159	0.0133415	0.00379437	0.000122399	0.00159524	0.989046	0.00414761	0.0052111	NA	0.00299043	0.00224282	0.99372	0.00104665	NA	0.00241143	0.0180857	0.0126136	0.966611	0.000278242	NA	NA	2.85445e-05	2.85445e-05	0.999943
21	0.96875	0.015625	0.015625	NA	NA	NA	0.982036	0.011976	0.00598802	NA	NA	NA	1	NA	NA	NA	0.0201149	0.00862069	0.971264	NA	NA	NA	NA	NA	1
22	NA	NA	NA	NA	NA	NA	NA	NA	NA	NA	NA	NA	NA	NA	NA	NA	NA	NA	NA	NA	NA	NA	NA	NA	NA
23	NA	NA	NA	NA	NA	NA	NA	NA	NA	NA	NA	NA	NA	NA	NA	NA	NA	NA	NA	NA	NA	NA	NA	NA	NA
24	0.990371	0.00284434	0.00562512	0.00098519	0.000174792	0.00176098	0.992353	0.00211155	0.00361164	0.000163054	0.00320262	0.0018195	0.992337	0.0024334	0.000207098	0.000827346	0.00644073	0.00242968	0.990229	7.33092e-05	8.65289e-05	7.4511e-05	9.61432e-05	6.24931e-05	0.99968
25	0.991295	0.00226266	0.00575092	0.00059709	9.42774e-05	0.00110919	0.99395	0.00191587	0.00292422	0.000100835	0.0030355	0.00158303	0.993701	0.00153407	0.000146879	0.000820532	0.00601088	0.00185097	0.991279	3.81643e-05	5.85609e-05	8.29612e-05	4.88007e-05	6.8321e-05	0.999741
26	0.990844	0.00219276	0.0050644	0.00186302	3.58833e-05	0.00105975	0.994016	0.00223938	0.00265303	3.20304e-05	0.00275859	0.00125512	0.995239	0.000708562	3.91667e-05	0.00115968	0.00562054	0.0014272	0.991759	3.30945e-05	1.11424e-05	1.54475e-05	2.32978e-05	1.26619e-05	0.999937
27	0.991503	0.00194024	0.00570029	0.000789477	6.69048e-05	0.00142537	0.99357	0.00173191	0.00318027	9.19597e-05	0.00306186	0.00154072	0.99402	0.00129264	8.48702e-05	0.000741046	0.00647729	0.00193953	0.990787	5.48923e-05	2.13877e-05	2.35265e-05	4.91918e-05	3.84979e-05	0.999867
28	0.993047	0.00157009	0.00493458	0.000373832	7.47664e-05	0.00122291	0.995319	0.00105423	0.00240364	NA	0.00294319	0.00108584	0.994428	0.00145731	8.57241e-05	0.000407941	0.00537123	0.00108784	0.993065	6.79902e-05	NA	1.15259e-05	2.30518e-05	2.30518e-05	0.999942
29	0.993331	0.00155523	0.00455361	0.000560444	NA	0.000724864	0.995386	0.0010756	0.00278254	3.11769e-05	0.00288614	0.000986556	0.995049	0.00102332	5.51491e-05	0.000561156	0.00542774	0.00130614	0.992628	7.74009e-05	3.81218e-05	2.9152e-05	2.01821e-05	1.56972e-05	0.999897
30	0.993394	0.0012447	0.00487708	0.000455259	2.90591e-05	0.000627938	0.995209	0.00121601	0.00288386	6.31261e-05	0.00282994	0.00109146	0.995299	0.000755958	2.39641e-05	0.000583148	0.00580876	0.00118902	0.992366	5.30134e-05	1.64708e-05	1.55558e-05	2.56213e-05	1.00655e-05	0.999932
31	0.994024	0.00110377	0.00443616	0.000414792	2.10911e-05	0.000647509	0.99516	0.00111291	0.0030352	4.45162e-05	0.00281625	0.00106127	0.995455	0.000626409	4.14155e-05	0.000532836	0.00563577	0.00107592	0.992684	7.17279e-05	5.73757e-06	6.88508e-06	1.49177e-05	6.88508e-06	0.999966
32	0.995017	0.00087872	0.00379917	0.00029369	1.17476e-05	0.000484341	0.996429	0.000890473	0.00218159	1.50928e-05	0.00223655	0.000847296	0.996426	0.000473224	1.69009e-05	0.000351989	0.00443196	0.000898789	0.994264	5.31304e-05	8.17022e-06	1.11803e-05	1.33304e-05	4.30012e-06	0.999963
33	0.994604	0.000906068	0.00415067	0.000319141	2.01756e-05	0.000376183	0.996833	0.000773155	0.00199575	2.1779e-05	0.0020851	0.000789203	0.996691	0.000414206	2.01071e-05	0.00034008	0.00454741	0.000899446	0.994191	2.23003e-05	8.62063e-06	8.96545e-06	1.31034e-05	4.1379e-06	0.999965
34	0.993359	0.00105476	0.00514488	0.000412017	2.92598e-05	0.000529219	0.995675	0.00106358	0.00271101	2.13963e-05	0.00273268	0.00105881	0.995671	0.000511098	2.61802e-05	0.000395726	0.00538231	0.00100547	0.993193	2.39398e-05	6.49736e-06	9.36517e-06	1.30246e-05	5.5713e-06	0.999966
35	0.993694	0.00098359	0.00497094	0.000324552	2.6494e-05	0.000481822	0.995998	0.00101221	0.00248099	2.71996e-05	0.00263989	0.0010216	0.995845	0.000461712	3.22125e-05	0.000419862	0.00575182	0.000830916	0.992947	4.99137e-05	7.25503e-06	1.11616e-05	1.28358e-05	3.34847e-06	0.999965
36	0.993611	0.00104256	0.00496573	0.000357401	2.30581e-05	0.000607959	0.995268	0.00112496	0.00295746	4.11689e-05	0.00292495	0.00113114	0.995312	0.000605597	2.59435e-05	0.000444355	0.00583796	0.00105949	0.992618	3.97929e-05	7.21856e-06	7.4962e-06	1.8324e-05	3.88692e-06	0.999963
37	0.993207	0.00101748	0.00540924	0.000338277	2.75711e-05	0.000471281	0.995992	0.000957382	0.00256092	1.80806e-05	0.00265285	0.000999111	0.995853	0.000469943	2.48814e-05	0.000364544	0.00548298	0.000970366	0.99315	3.20111e-05	4.89973e-06	9.89746e-06	1.30333e-05	6.85962e-06	0.999965
38	0.993492	0.00102264	0.00511188	0.000343312	3.01286e-05	0.00057739	0.995393	0.00110427	0.00289291	3.26308e-05	0.00287528	0.00111755	0.995428	0.000546747	3.25475e-05	0.00041763	0.00560393	0.00106338	0.992887	2.80185e-05	7.59427e-06	1.06383e-05	1.60045e-05	5.14653e-06	0.999961
39	0.992611	0.00102343	0.00596524	0.000361421	3.89903e-05	0.000464352	0.995786	0.00103026	0.00269494	2.43416e-05	0.00269859	0.000999058	0.995781	0.000504083	1.76472e-05	0.000391022	0.00568994	0.00109463	0.992792	3.24709e-05	7.96616e-06	1.25342e-05	1.48182e-05	8.46752e-06	0.999956
40	1	NA	NA	NA	NA	NA	1	NA	NA	NA	NA	NA	1	NA	NA	NA	NA	NA	1	NA	NA	NA	NA	NA	1
