quality	AA	AC	AG	AT	A.	CA	CC	CG	CT	C.	GA	GC	GG	GT	G.	TA	TC	TG	TT	T.	.A	.C	.G	.T	..
0	NA	NA	NA	NA	NA	NA	NA	NA	NA	NA	NA	NA	NA	NA	NA	NA	NA	NA	NA	NA	NA	NA	NA	NA	NA
1	NA	NA	NA	NA	NA	NA	NA	NA	NA	NA	NA	NA	NA	NA	NA	NA	NA	NA	NA	NA	NA	NA	NA	NA	NA
2	NA	NA	NA	NA	NA	NA	NA	NA	NA	NA	NA	NA	NA	NA	NA	NA	NA	NA	NA	NA	NA	NA	NA	NA	NA
3	NA	NA	NA	NA	NA	NA	NA	NA	NA	NA	NA	NA	NA	NA	NA	NA	NA	NA	NA	NA	NA	NA	NA	NA	NA
4	NA	NA	NA	NA	NA	NA	NA	NA	NA	NA	NA	NA	NA	NA	NA	NA	NA	NA	NA	NA	NA	NA	NA	NA	NA
5	NA	NA	NA	NA	NA	NA	NA	NA	NA	NA	NA	NA	NA	NA	NA	NA	NA	NA	NA	NA	NA	NA	NA	NA	NA
6	NA	NA	NA	NA	NA	NA	NA	NA	NA	NA	NA	NA	NA	NA	NA	NA	NA	NA	NA	NA	NA	NA	NA	NA	NA
7	NA	NA	NA	NA	NA	NA	NA	NA	NA	NA	NA	NA	NA	NA	NA	NA	NA	NA	NA	NA	NA	NA	NA	NA	NA
8	NA	NA	NA	NA	NA	NA	NA	NA	NA	NA	NA	NA	NA	NA	NA	NA	NA	NA	NA	NA	NA	NA	NA	NA	NA
9	NA	NA	NA	NA	NA	NA	NA	NA	NA	NA	NA	NA	NA	NA	NA	NA	NA	NA	NA	NA	NA	NA	NA	NA	NA
10	NA	NA	NA	NA	NA	NA	NA	NA	NA	NA	NA	NA	NA	NA	NA	NA	NA	NA	NA	NA	NA	NA	NA	NA	NA
11	NA	NA	NA	NA	NA	NA	NA	NA	NA	NA	NA	NA	NA	NA	NA	NA	NA	NA	NA	NA	NA	NA	NA	NA	NA
12	0.92297	0.0347213	0.00828931	0.0338998	0.000119605	0.031946	0.918568	0.0377083	0.0115812	0.000196018	0.008605	0.015885	0.962945	0.0123816	0.000182934	0.032775	0.0100352	0.0215882	0.935456	0.000145608	2.92834e-05	3.68196e-05	3.87575e-05	3.38052e-05	0.999861
13	0.926769	0.0264278	0.0308479	0.0155915	0.000363587	0.0249366	0.91001	0.0399328	0.0246429	0.000477949	0.00898668	0.0100872	0.967563	0.0131546	0.000208397	0.0146321	0.0326199	0.045053	0.907375	0.000319579	6.08235e-05	6.47058e-05	0.000135882	6.08235e-05	0.999678
14	0.930004	0.0283883	0.0242487	0.017131	0.000227677	0.0276383	0.904396	0.0370883	0.0305734	0.000303881	0.00870518	0.011073	0.966604	0.0134698	0.000148457	0.014726	0.0340019	0.0443261	0.906586	0.00035976	4.2218e-05	5.19281e-05	8.19029e-05	5.23503e-05	0.999772
15	0.917736	0.0351994	0.0300617	0.0166907	0.00031235	0.0207533	0.920939	0.0344118	0.0236399	0.000256346	0.00665184	0.0100173	0.974045	0.00919785	8.75986e-05	0.0139078	0.0391931	0.0536211	0.892842	0.00043641	3.65365e-05	6.55996e-05	8.6359e-05	3.40454e-05	0.999777
16	0.928834	0.0325473	0.0252133	0.0131776	0.00022772	0.01762	0.933106	0.0297776	0.0193706	0.000125521	0.00494483	0.00874586	0.979451	0.00680289	5.49426e-05	0.0105036	0.0350749	0.0416887	0.91247	0.000262589	2.01221e-05	3.88068e-05	6.61154e-05	1.79661e-05	0.999857
17	0.928317	0.0347033	0.0276675	0.00916299	0.00014875	0.00894405	0.959856	0.0201761	0.0108438	0.000180268	0.00402381	0.00559219	0.9869	0.00339388	8.99893e-05	0.00910021	0.0421619	0.0479113	0.900615	0.000211633	1.98629e-05	3.64153e-05	5.95886e-05	2.64838e-05	0.999858
18	0.956756	0.0215868	0.0159011	0.00566211	9.43686e-05	0.00519808	0.975092	0.0123122	0.00727376	0.000124186	0.0019588	0.00273201	0.993368	0.00192443	1.71824e-05	0.00583742	0.0279786	0.030578	0.935424	0.000182419	1.61539e-05	2.69231e-05	3.23077e-05	2.15385e-05	0.999903
19	0.973508	0.0111329	0.0115452	0.00371096	0.000103082	0.00261917	0.986829	0.00471451	0.00576218	7.48335e-05	0.00299786	0.0014561	0.994775	0.000685225	8.56531e-05	0.00310839	0.0186504	0.0232628	0.954878	0.000100271	4.47437e-05	2.23719e-05	0.000111859	NA	0.999821
20	0.972216	0.0127741	0.0121354	0.00276772	0.000106451	0.00183759	0.988362	0.00420021	0.00542527	0.000175009	0.00345519	0.00144895	0.993758	0.00133749	NA	0.00198282	0.0187541	0.0213153	0.957865	8.26173e-05	2.38766e-05	7.16298e-05	4.77532e-05	2.38766e-05	0.999833
21	0.963303	0.0229358	0.0137615	NA	NA	NA	0.995025	0.00497512	NA	NA	NA	NA	1	NA	NA	0.00728155	0.0121359	0.0145631	0.966019	NA	NA	NA	NA	NA	1
22	NA	NA	NA	NA	NA	NA	NA	NA	NA	NA	NA	NA	NA	NA	NA	NA	NA	NA	NA	NA	NA	NA	NA	NA	NA
23	NA	NA	NA	NA	NA	NA	NA	NA	NA	NA	NA	NA	NA	NA	NA	NA	NA	NA	NA	NA	NA	NA	NA	NA	NA
24	0.98816	0.00416344	0.00596384	0.00162537	8.75197e-05	0.00221259	0.990909	0.00292061	0.00376139	0.000195972	0.00280856	0.00159899	0.993185	0.00224803	0.000159309	0.00191709	0.00775881	0.0057965	0.984329	0.000198944	5.01952e-05	8.68763e-05	8.88069e-05	5.98481e-05	0.999714
25	0.989418	0.00329882	0.00578563	0.00137028	0.000126878	0.00135706	0.992659	0.00246856	0.00343789	7.75464e-05	0.00263481	0.00156042	0.99418	0.00154763	7.6742e-05	0.0013258	0.0069906	0.00461448	0.986897	0.000172182	3.95358e-05	7.51181e-05	3.95358e-05	5.53502e-05	0.99979
26	0.991554	0.00211453	0.004602	0.00170205	2.78583e-05	0.00108054	0.994299	0.00209796	0.00248843	3.36616e-05	0.00252823	0.00118813	0.995602	0.000645702	3.61056e-05	0.00118912	0.00526593	0.00152703	0.991981	3.74019e-05	1.48532e-05	1.79182e-05	2.05116e-05	1.43817e-05	0.999932
27	0.990125	0.00312827	0.00551216	0.00116839	6.59575e-05	0.00168968	0.991959	0.00241237	0.00385776	8.14303e-05	0.00267109	0.00146111	0.994452	0.001315	0.000100451	0.00127936	0.00777121	0.00505165	0.985825	7.31064e-05	3.64623e-05	3.79816e-05	6.53283e-05	2.43082e-05	0.999836
28	0.992886	0.00197615	0.0046769	0.000461103	NA	0.000886776	0.99514	0.00120602	0.0026958	7.09421e-05	0.00216823	0.00108412	0.995803	0.000861733	8.33936e-05	0.000607131	0.0052986	0.00320124	0.990783	0.000110387	NA	NA	5.13194e-05	NA	0.999949
29	0.992116	0.0021097	0.00481049	0.000954823	9.09355e-06	0.000915046	0.994922	0.00139975	0.00269984	6.3419e-05	0.00236693	0.00117956	0.995512	0.000898339	4.29641e-05	0.000770614	0.00564383	0.00293567	0.990584	6.60526e-05	1.74051e-05	2.75581e-05	3.62606e-05	3.04589e-05	0.999888
30	0.993892	0.00129496	0.004447	0.0003456	2.08193e-05	0.000661002	0.995378	0.00112774	0.00278781	4.54123e-05	0.00248113	0.00109936	0.99572	0.000667349	3.19386e-05	0.000637089	0.00540888	0.00200683	0.991896	5.09671e-05	1.01783e-05	2.25377e-05	2.47188e-05	7.27023e-06	0.999935
31	0.993597	0.00135964	0.00471341	0.000317249	1.29489e-05	0.00064745	0.995475	0.00109433	0.00276222	2.11125e-05	0.00250985	0.00103138	0.995856	0.000565367	3.78489e-05	0.000481603	0.00567328	0.00212868	0.991688	2.88962e-05	6.24769e-06	8.33025e-06	1.45779e-05	7.28897e-06	0.999964
32	0.994662	0.00122722	0.00367951	0.000407636	2.37248e-05	0.000586176	0.996336	0.000950857	0.00210419	2.23731e-05	0.00212194	0.00087628	0.996484	0.000491841	2.60977e-05	0.000467831	0.0047655	0.00159275	0.993142	3.18976e-05	7.54383e-06	1.20701e-05	1.50877e-05	4.14911e-06	0.999961
33	0.994118	0.00101864	0.0044995	0.000343613	2.03321e-05	0.00040786	0.996526	0.000842553	0.0022003	2.3613e-05	0.00214817	0.000780926	0.996639	0.00042165	9.97989e-06	0.000381787	0.00468942	0.00124756	0.99365	3.08515e-05	1.01889e-05	1.05662e-05	2.00003e-05	7.16994e-06	0.999952
34	0.993817	0.00101579	0.00477575	0.000367647	2.39009e-05	0.000485668	0.996001	0.000984031	0.00250922	1.98637e-05	0.00253308	0.000968069	0.996007	0.000469614	2.19957e-05	0.000350004	0.00497636	0.000983487	0.993668	2.21481e-05	6.5592e-06	9.21718e-06	1.27469e-05	5.70179e-06	0.999966
35	0.993721	0.000988235	0.00496151	0.000313144	1.62672e-05	0.000474679	0.995945	0.000944635	0.00261192	2.36159e-05	0.00253346	0.00103144	0.995947	0.000459058	2.88112e-05	0.00028404	0.00532312	0.00107304	0.993306	1.40267e-05	8.13994e-06	6.78328e-06	1.69582e-05	4.7483e-06	0.999963
36	0.994048	0.00104701	0.00455508	0.000317993	3.21376e-05	0.000553032	0.995701	0.000975573	0.00274297	2.75184e-05	0.00274908	0.00100861	0.995716	0.000505038	2.12879e-05	0.000410335	0.00544101	0.00101951	0.993098	3.073e-05	7.15707e-06	1.23872e-05	1.89937e-05	3.8538e-06	0.999958
37	0.993743	0.000970815	0.00500083	0.000258297	2.71505e-05	0.000413727	0.996227	0.000938366	0.00240536	1.51607e-05	0.00236642	0.000890515	0.996259	0.000461058	2.27939e-05	0.000315622	0.00503313	0.00102642	0.993604	2.06965e-05	8.57759e-06	8.57759e-06	1.51129e-05	6.263e-06	0.999961
38	0.993762	0.000988952	0.00492992	0.000293421	2.59665e-05	0.000505288	0.995757	0.00102962	0.00268368	2.48873e-05	0.00261609	0.00103727	0.995821	0.00050249	2.33675e-05	0.000361291	0.00519285	0.000983605	0.993428	3.45053e-05	5.9748e-06	1.15762e-05	1.34433e-05	6.09928e-06	0.999963
39	0.993186	0.000999679	0.00549035	0.000295638	2.8629e-05	0.000410342	0.996199	0.000933373	0.00244234	1.54412e-05	0.00255785	0.000848766	0.99612	0.000457768	1.60508e-05	0.000322929	0.00519318	0.0010266	0.993432	2.4913e-05	9.71602e-06	8.8866e-06	1.37446e-05	8.53114e-06	0.999959
40	1	NA	NA	NA	NA	NA	1	NA	NA	NA	NA	NA	1	NA	NA	NA	NA	NA	1	NA	NA	NA	NA	NA	1
