quality	AA	AC	AG	AT	A.	CA	CC	CG	CT	C.	GA	GC	GG	GT	G.	TA	TC	TG	TT	T.	.A	.C	.G	.T	..
0	NA	NA	NA	NA	NA	NA	NA	NA	NA	NA	NA	NA	NA	NA	NA	NA	NA	NA	NA	NA	NA	NA	NA	NA	NA
1	NA	NA	NA	NA	NA	NA	NA	NA	NA	NA	NA	NA	NA	NA	NA	NA	NA	NA	NA	NA	NA	NA	NA	NA	NA
2	NA	NA	NA	NA	NA	NA	NA	NA	NA	NA	NA	NA	NA	NA	NA	NA	NA	NA	NA	NA	NA	NA	NA	NA	NA
3	NA	NA	NA	NA	NA	NA	NA	NA	NA	NA	NA	NA	NA	NA	NA	NA	NA	NA	NA	NA	NA	NA	NA	NA	NA
4	NA	NA	NA	NA	NA	NA	NA	NA	NA	NA	NA	NA	NA	NA	NA	NA	NA	NA	NA	NA	NA	NA	NA	NA	NA
5	NA	NA	NA	NA	NA	NA	NA	NA	NA	NA	NA	NA	NA	NA	NA	NA	NA	NA	NA	NA	NA	NA	NA	NA	NA
6	NA	NA	NA	NA	NA	NA	NA	NA	NA	NA	NA	NA	NA	NA	NA	NA	NA	NA	NA	NA	NA	NA	NA	NA	NA
7	NA	NA	NA	NA	NA	NA	NA	NA	NA	NA	NA	NA	NA	NA	NA	NA	NA	NA	NA	NA	NA	NA	NA	NA	NA
8	NA	NA	NA	NA	NA	NA	NA	NA	NA	NA	NA	NA	NA	NA	NA	NA	NA	NA	NA	NA	NA	NA	NA	NA	NA
9	NA	NA	NA	NA	NA	NA	NA	NA	NA	NA	NA	NA	NA	NA	NA	NA	NA	NA	NA	NA	NA	NA	NA	NA	NA
10	NA	NA	NA	NA	NA	NA	NA	NA	NA	NA	NA	NA	NA	NA	NA	NA	NA	NA	NA	NA	NA	NA	NA	NA	NA
11	NA	NA	NA	NA	NA	NA	NA	NA	NA	NA	NA	NA	NA	NA	NA	NA	NA	NA	NA	NA	NA	NA	NA	NA	NA
12	0.918692	0.0393014	0.00709366	0.0348541	5.84987e-05	0.0178034	0.949971	0.0260273	0.00604742	0.000150482	0.00844192	0.0134646	0.966478	0.0114119	0.000203725	0.0231905	0.007196	0.0224548	0.947028	0.000130995	2.3313e-05	2.92283e-05	2.29651e-05	2.3313e-05	0.999901
13	0.958466	0.0153512	0.0159486	0.00993549	0.000298662	0.01823	0.931011	0.0312762	0.0188963	0.000586346	0.00959111	0.0101313	0.962462	0.0176058	0.000209461	0.00403378	0.0185101	0.0136847	0.96347	0.000301591	2.97576e-05	0.000100432	0.000137629	7.4394e-05	0.999658
14	0.965886	0.0132214	0.0119689	0.00871879	0.000204666	0.0132887	0.951259	0.0175478	0.0176513	0.0002529	0.00768811	0.00705604	0.972524	0.0125175	0.000214821	0.00428203	0.019575	0.0167571	0.959125	0.000260733	2.97983e-05	6.74383e-05	7.84166e-05	4.705e-05	0.999777
15	0.962427	0.0159183	0.0140411	0.0073885	0.000225259	0.00774795	0.96871	0.0123165	0.0111023	0.000123473	0.00396273	0.00406897	0.987209	0.00463204	0.000127487	0.00379769	0.0219655	0.0225609	0.95129	0.000386206	3.75094e-05	5.62641e-05	6.25156e-05	3.75094e-05	0.999806
16	0.970965	0.012971	0.010157	0.0057307	0.000175878	0.00623322	0.976269	0.00893783	0.00846283	9.69396e-05	0.00337849	0.00300429	0.990848	0.002737	3.20742e-05	0.00306627	0.0165491	0.0138202	0.966403	0.000161383	2.43952e-05	3.0494e-05	1.82964e-05	2.74446e-05	0.999899
17	0.966709	0.013501	0.0146005	0.00501341	0.000175909	0.0054695	0.977242	0.00887359	0.00826162	0.000152993	0.00438141	0.00233675	0.990621	0.00256394	9.73647e-05	0.00302305	0.0206575	0.0168367	0.959315	0.000167947	1.93274e-05	5.79822e-05	5.79822e-05	9.6637e-06	0.999855
18	0.969175	0.0109442	0.0148297	0.00485688	0.000194275	0.00435965	0.981612	0.00725169	0.00660422	0.000172659	0.00290713	0.00249911	0.993064	0.00147906	5.10022e-05	0.00280288	0.014186	0.0116119	0.971342	5.72017e-05	5.4609e-05	2.73045e-05	1.36522e-05	2.73045e-05	0.999877
19	0.97037	0.0087037	0.0155556	0.005	0.00037037	0.00343501	0.9831	0.00563342	0.00769442	0.0001374	0.00338868	0.00220264	0.993562	0.00084717	NA	0.00124091	0.0225137	0.0170183	0.95905	0.000177274	NA	NA	8.26071e-05	4.13035e-05	0.999876
20	0.964659	0.0106426	0.0202811	0.00421687	0.000200803	0.00129387	0.987708	0.00549895	0.00549895	NA	0.00390087	0.00275356	0.991969	0.00114732	0.000229463	0.00324124	0.0211452	0.0112672	0.964346	NA	4.54669e-05	NA	NA	4.54669e-05	0.999909
21	0.968	0.008	0.024	NA	NA	NA	1	NA	NA	NA	NA	NA	1	NA	NA	0.00497512	0.0248756	0.00497512	0.965174	NA	NA	NA	NA	NA	1
22	NA	NA	NA	NA	NA	NA	NA	NA	NA	NA	NA	NA	NA	NA	NA	NA	NA	NA	NA	NA	NA	NA	NA	NA	NA
23	NA	NA	NA	NA	NA	NA	NA	NA	NA	NA	NA	NA	NA	NA	NA	NA	NA	NA	NA	NA	NA	NA	NA	NA	NA
24	0.991539	0.00220039	0.00526854	0.000898751	9.29742e-05	0.00132999	0.993417	0.00223909	0.00279466	0.000218859	0.00300051	0.00142743	0.993839	0.00155852	0.000174787	0.000616673	0.00586773	0.00156971	0.99189	5.60611e-05	5.61501e-05	7.01876e-05	6.55084e-05	7.95459e-05	0.999729
25	0.992339	0.00207234	0.00433308	0.00100477	0.000251193	0.00117606	0.994639	0.00152196	0.00259426	6.91802e-05	0.00261926	0.00127689	0.994565	0.00134237	0.000196444	0.000490746	0.00553842	0.00161245	0.992358	NA	4.81464e-05	0.000125181	2.88878e-05	6.74049e-05	0.99973
26	0.991156	0.00219011	0.00524468	0.00137532	3.42944e-05	0.000673069	0.995221	0.00158836	0.00249293	2.46506e-05	0.00277614	0.00169055	0.994673	0.00081808	4.21805e-05	0.000733635	0.00510111	0.00146727	0.992656	4.15606e-05	1.02811e-05	9.96951e-06	1.46427e-05	9.96951e-06	0.999955
27	0.99189	0.00152683	0.00610733	0.000350421	0.00012515	0.00105976	0.994209	0.001821	0.00283599	7.46313e-05	0.00319586	0.0013195	0.994528	0.000847386	0.00010895	0.000479816	0.00670143	0.00143945	0.991347	3.19877e-05	3.17454e-05	4.36499e-05	4.36499e-05	4.36499e-05	0.999837
28	0.992692	0.00115385	0.00564103	0.000512821	NA	0.000603546	0.996228	0.000678989	0.00241418	7.54432e-05	0.00279163	0.00129611	0.994267	0.00159521	4.98504e-05	0.000254485	0.00521695	0.00139967	0.993129	NA	NA	2.04228e-05	4.08455e-05	NA	0.999939
29	0.994726	0.00114266	0.00372096	0.000410184	NA	0.00075035	0.995164	0.0013673	0.00266791	5.00233e-05	0.00272625	0.00117926	0.99508	0.000963697	5.07209e-05	0.000343007	0.00506889	0.00131486	0.993235	3.81119e-05	1.37896e-05	2.29827e-05	2.29827e-05	1.37896e-05	0.999926
30	0.994329	0.00103021	0.0041925	0.00043	1.79167e-05	0.000644651	0.995518	0.000985222	0.00283403	1.82448e-05	0.00270867	0.00109508	0.995477	0.00066556	5.41735e-05	0.000443114	0.00518309	0.00139648	0.992937	4.02831e-05	1.15498e-05	2.14496e-05	2.47495e-05	3.29993e-06	0.999939
31	0.993908	0.000873491	0.00492331	0.000283601	1.1344e-05	0.000631078	0.995649	0.00102965	0.00263724	5.31434e-05	0.00278823	0.00105444	0.99557	0.000529306	5.83486e-05	0.000454324	0.00491644	0.00102223	0.993591	1.62259e-05	5.56485e-06	9.27475e-06	7.4198e-06	1.11297e-05	0.999967
32	0.995105	0.000909918	0.00370555	0.000263506	1.64691e-05	0.000377023	0.996874	0.000792225	0.00194238	1.43173e-05	0.00210598	0.000767065	0.996671	0.000441703	1.38032e-05	0.000281242	0.00406691	0.000721608	0.994912	1.85028e-05	4.48036e-06	5.97382e-06	9.70745e-06	4.48036e-06	0.999975
33	0.995417	0.000716512	0.00360504	0.000244457	1.68591e-05	0.000330679	0.997125	0.000704422	0.0018195	1.99945e-05	0.00194844	0.000714678	0.99695	0.000370128	1.65504e-05	0.000237557	0.00379242	0.000888009	0.995062	1.97964e-05	4.7845e-06	7.44255e-06	5.31611e-06	5.31611e-06	0.999977
34	0.993733	0.00103522	0.00485532	0.000352265	2.43277e-05	0.000466126	0.996065	0.000955338	0.00249406	1.97627e-05	0.00254803	0.00102564	0.995896	0.000506996	2.33496e-05	0.00027348	0.00473326	0.000936806	0.994032	2.46548e-05	6.13634e-06	1.03297e-05	8.84807e-06	6.26214e-06	0.999968
35	0.994412	0.000814883	0.00441703	0.000342621	1.389e-05	0.00037136	0.996428	0.000868328	0.00232646	5.46118e-06	0.00231253	0.000891126	0.996358	0.000413659	2.42034e-05	0.000322162	0.0046065	0.000836785	0.994218	1.67357e-05	5.58293e-06	1.19634e-05	1.51537e-05	3.98781e-06	0.999963
36	0.994272	0.00099867	0.00441058	0.000284968	3.33746e-05	0.000535394	0.995727	0.000961585	0.00274674	2.88172e-05	0.00269235	0.0010082	0.995763	0.00051212	2.40593e-05	0.00033615	0.00524644	0.000864031	0.993528	2.49e-05	6.46712e-06	1.42277e-05	1.33654e-05	7.32941e-06	0.999959
37	0.993722	0.000943733	0.00499048	0.000326175	1.7396e-05	0.000399654	0.996363	0.000898522	0.00232592	1.32018e-05	0.00236484	0.000857686	0.996306	0.000454583	1.6547e-05	0.000278774	0.00472035	0.00090958	0.994065	2.65807e-05	6.18735e-06	8.16204e-06	7.37217e-06	6.58229e-06	0.999972
38	0.993917	0.000944875	0.00479723	0.000316763	2.41203e-05	0.000510345	0.995796	0.00101173	0.00265331	2.81421e-05	0.00260599	0.00102251	0.995861	0.000485396	2.4903e-05	0.000325753	0.00488141	0.000974101	0.993795	2.35346e-05	4.90648e-06	1.16629e-05	9.85317e-06	5.50973e-06	0.999968
39	0.993039	0.00101153	0.00560322	0.000312256	3.4077e-05	0.000429554	0.996107	0.000962569	0.00248525	1.57058e-05	0.00252037	0.00087543	0.996177	0.000414079	1.27956e-05	0.000278235	0.00494687	0.00104567	0.993704	2.50795e-05	8.60908e-06	1.22785e-05	8.32682e-06	8.75021e-06	0.999962
40	1	NA	NA	NA	NA	NA	1	NA	NA	NA	NA	NA	0.966667	0.0333333	NA	NA	0.0232558	NA	0.976744	NA	NA	NA	NA	NA	1
