ks_quality_p_value	fisher_strand_p_value	bias_p_value	bias_e_value
0.0454545	1	0.185956	946610
1	1	1	5090490
1	1	1	5090490
1	1	1	5090490
1	0.226244	0.562475	2863270
0.102041	1	0.334937	1704990
1	1	1	5090490
1	1	1	5090490
1	1	1	5090490
1	0.4375	0.799172	4068180
1	1	1	5090490
0.243243	1	0.587115	2988700
1	1	1	5090490
1	1	1	5090490
1	1	1	5090490
1	0.431034	0.793779	4040720
1	1	1	5090490
1	1	1	5090490
0.165217	1	0.46269	2355320
1	1	1	5090490
1	0.478261	0.831026	4230330
1	1	1	5090490
1	1	1	5090490
1	0.418182	0.782769	3984680
1	1	1	5090490
0.0784314	0.470588	0.158682	807772
0.0980392	0.470588	0.188058	957308
1	0.491803	0.840824	4280210
1	0.475	0.828609	4218030
1	0.492063	0.841009	4281150
0.0638298	1	0.23946	1218970
1	1	1	5090490
1	0.464286	0.820511	4176810
1	0.454545	0.812935	4138240
1	1	1	5090490
0.111111	0.466667	0.2053	1045080
1	0.4	0.766516	3901940
1	0.44898	0.808513	4115730
1	1	1	5090490
1	0.489362	0.839086	4271360
1	0.496503	0.844138	4297080
1	1	1	5090490
1	0.492537	0.841345	4282860
0.0540541	1	0.211771	1078020
1	0.456522	0.814489	4146150
1	0.487805	0.837971	4265680
1	1	1	5090490
1	0.475	0.828609	4218030
0.0833333	1	0.290409	1478320
0.0714286	0.404762	0.13136	668687
1	1	1	5090490
0.335136	1	0.701513	3571050
1	0.472727	0.826912	4209390
1	0.410714	0.776191	3951200
1	1	1	5090490
1	1	1	5090490
1	1	1	5090490
1	0.491525	0.840627	4279210
1	1	1	5090490
1	0.436364	0.798231	4063390
1	0.483333	0.83474	4249240
1	0.45614	0.81419	4144630
1	1	1	5090490
1	1	1	5090490
1	1	1	5090490
1	1	1	5090490
1	1	1	5090490
1	1	1	5090490
1	1	1	5090490
0.109524	1	0.351748	1790570
0.213563	0.276316	0.226013	1150520
1	0.276316	0.631716	3215750
1	0.444444	0.804858	4097120
0.0859903	1	0.296969	1511720
0.107071	1	0.346295	1762810
1	0.229379	0.567111	2886870
1	0.454545	0.812935	4138240
1	0.490909	0.840189	4276980
1	0.466667	0.822332	4186070
1	0.416667	0.781445	3977940
1	1	1	5090490
1	1	1	5090490
0.0909091	0.436364	0.16769	853622
1	0.177596	0.484525	2466470
1	1	1	5090490
1	1	1	5090490
1	1	1	5090490
1	1	1	5090490
1	1	1	5090490
1	0.491228	0.840416	4278130
1	0.388889	0.75618	3849330
1	1	1	5090490
1	1	1	5090490
0.0869565	0.478261	0.173835	884906
1	0.490196	0.839681	4274390
1	0.47619	0.829494	4222530
1	0.487805	0.837971	4265680
1	1	1	5090490
0.203361	1	0.527269	2684060
0.0892857	1	0.304992	1552560
1	1	1	5090490
0.0529529	1	0.208547	1061610
1	1	1	5090490
0.303279	1	0.665121	3385790
0.0489835	1	0.196731	1001460
1	1	1	5090490
0.258917	0.79577	0.531516	2705680
1	0.61265	0.912825	4646730
0.000110075	0.62226	0.000725277	3692.02
1	1	1	5090490
0.345287	0.825109	0.642624	3271270
0.587266	0.660681	0.755335	3845020
1	1	1	5090490
0.013938	0.367626	0.0321469	163644
0.325525	0.27027	0.301827	1536450
1	1	1	5090490
0.619238	0.331902	0.530706	2701560
0.371795	0.24438	0.30878	1571840
1	0.241235	0.584267	2974210
0.329641	0.241235	0.280847	1429650
0.113718	1	0.360945	1837390
0.279114	1	0.635301	3233990
0.0460646	1	0.187838	956188
1	1	1	5090490
0.120739	1	0.375996	1914000
1	1	1	5090490
0.240274	1	0.582898	2967240
1	1	1	5090490
0.0942615	1	0.316877	1613060
0.221939	1	0.556036	2830500
0.515376	1	0.856998	4362540
0.421355	0.751612	0.680836	3465790
1	0.751612	0.966224	4918550
0.245524	0.734347	0.489178	2490150
0.355892	0.733703	0.611744	3114080
0.248903	0.73044	0.491756	2503280
1	1	1	5090490
0.405165	1	0.771215	3925870
0.122807	1	0.380351	1936170
1	0.757009	0.967745	4926300
1	0.757009	0.967745	4926300
0.296296	0.41971	0.383595	1952690
1	0.41971	0.784099	3991450
0.269231	0.665217	0.487113	2479640
1	0.629917	0.921044	4688570
1	1	1	5090490
1	0.629917	0.921044	4688570
0.136364	0.571429	0.276783	1408960
0.3125	0.105769	0.145752	741947
1	1	1	5090490
1	1	1	5090490
1	0.357143	0.724864	3689910
1	1	1	5090490
1	1	1	5090490
1	1	1	5090490
1	1	1	5090490
1	1	1	5090490
1	1	1	5090490
0.35	1	0.717438	3652110
0.0666667	0.5	0.146707	746809
1	1	1	5090490
1	1	1	5090490
0.12	1	0.374432	1906040
0.08	1	0.282058	1435820
0.16	1	0.453213	2307080
1	1	1	5090490
1	1	1	5090490
0.249012	1	0.595202	3029870
0.025	1	0.117222	596717
1	1	1	5090490
1	1	1	5090490
1	1	1	5090490
1	0.46875	0.823915	4194130
0.125	0.46875	0.224832	1144500
1	1	1	5090490
1	1	1	5090490
1	0.444444	0.804858	4097120
1	1	1	5090490
1	1	1	5090490
0.0888889	0.466667	0.173497	883183
0.155102	1	0.444161	2261000
1	0.482143	0.833873	4244820
0.132086	1	0.399469	2033490
1	1	1	5090490
1	1	1	5090490
1	0.468085	0.823411	4191570
1	0.4	0.766516	3901940
1	0.0205376	0.100336	510762
1	1	1	5090490
0.128205	0.487179	0.235673	1199690
1	0.486486	0.837022	4260860
0.210526	1	0.538557	2741520
1	1	1	5090490
1	0.459459	0.816783	4157830
1	1	1	5090490
1	0.47541	0.828914	4219580
1	1	1	5090490
0.119898	1	0.374215	1904940
1	0.477612	0.830546	4227890
1	0.491228	0.840416	4278130
1	0.454545	0.812935	4138240
1	0.0938315	0.315861	1607890
1	1	1	5090490
1	1	1	5090490
1	0.442308	0.80312	4088270
1	0.38806	0.755395	3845330
1	0.233684	0.573411	2918940
1	1	1	5090490
1	0.470588	0.825304	4201200
1	1	1	5090490
1	1	1	5090490
1	0.45098	0.81011	4123860
1	0.477273	0.830296	4226610
1	1	1	5090490
0.143955	1	0.422977	2153160
0.161017	0.493785	0.280814	1429480
1	1	1	5090490
1	0.412698	0.777952	3960160
1	0.404255	0.770393	3921680
0.0444444	1	0.182823	930658
1	0.446429	0.806462	4105290
1	0.415385	0.780321	3972220
0.122807	1	0.380351	1936170
1	1	1	5090490
0.223003	1	0.557634	2838630
1	1	1	5090490
1	1	1	5090490
1	1	1	5090490
1	1	1	5090490
1	1	1	5090490
1	0.479167	0.831693	4233720
1	1	1	5090490
1	1	1	5090490
1	1	1	5090490
1	1	1	5090490
1	1	1	5090490
1	1	1	5090490
1	1	1	5090490
1	1	1	5090490
1	1	1	5090490
1	1	1	5090490
1	0.482143	0.833873	4244820
1	0.490196	0.839681	4274390
1	0.194265	0.512574	2609250
1	0.446809	0.806769	4106850
1	0.470588	0.825304	4201200
1	1	1	5090490
1	1	1	5090490
1	1	1	5090490
1	0.394737	0.761659	3877220
1	1	1	5090490
1	1	1	5090490
1	1	1	5090490
1	1	1	5090490
1	1	1	5090490
1	0.490566	0.839945	4275730
1	0.384615	0.75212	3828660
0.0434783	1	0.179804	915291
1	0.497585	0.844893	4300920
1	1	1	5090490
1	0.477273	0.830296	4226610
1	1	1	5090490
1	0.434783	0.796917	4056700
1	0.428571	0.791699	4030140
1	1	1	5090490
1	1	1	5090490
1	0.48	0.832305	4236840
1	1	1	5090490
1	1	1	5090490
1	0.444444	0.804858	4097120
1	0.462687	0.819282	4170550
1	1	1	5090490
1	1	1	5090490
1	1	1	5090490
1	1	1	5090490
1	1	1	5090490
1	1	1	5090490
1	0.454545	0.812935	4138240
1	0.465116	0.821148	4180050
1	0.488889	0.838748	4269640
1	0.44186	0.802755	4086420
1	0.47619	0.829494	4222530
1	1	1	5090490
1	0.474576	0.828294	4216420
1	0.478261	0.831026	4230330
1	1	1	5090490
1	0.474576	0.828294	4216420
1	1	1	5090490
0.181818	0.454545	0.288695	1469600
1	0.446809	0.806769	4106850
0.15361	1	0.441373	2246810
0.127536	0.488889	0.235374	1198170
1	1	1	5090490
1	1	1	5090490
0.08	1	0.282058	1435820
1	1	1	5090490
1	1	1	5090490
0.0806452	0.483871	0.165594	842957
1	0.467742	0.82315	4190240
1	1	1	5090490
1	1	1	5090490
1	1	1	5090490
1	1	1	5090490
0.0408163	1	0.171374	872380
1	1	1	5090490
0.191304	1	0.507701	2584450
1	1	1	5090490
1	1	1	5090490
1	1	1	5090490
1	1	1	5090490
1	1	1	5090490
1	1	1	5090490
1	1	1	5090490
1	0.411765	0.777125	3955950
1	1	1	5090490
1	0.380952	0.748602	3810750
0.0655738	1	0.244235	1243270
1	1	1	5090490
1	1	1	5090490
1	1	1	5090490
0.115865	1	0.365591	1861040
1	0.45283	0.81158	4131340
1	0.478261	0.831026	4230330
1	1	1	5090490
1	0.481481	0.83339	4242370
1	1	1	5090490
1	1	1	5090490
1	1	1	5090490
0.141414	1	0.418029	2127970
1	1	1	5090490
1	0.495082	0.84314	4292000
0.0639873	1	0.239893	1221170
1	0.415385	0.780321	3972220
0.0714286	0.404762	0.13136	668687
1	0.490196	0.839681	4274390
1	0.490196	0.839681	4274390
0.0727273	0.454545	0.145768	742033
1	0.489796	0.839396	4272940
1	0.483333	0.83474	4249240
1	0.444444	0.804858	4097120
1	0.202899	0.526532	2680300
1	1	1	5090490
1	0.25	0.596574	3036850
1	0.193548	0.511399	2603270
1	0.473684	0.827628	4213030
1	0.445783	0.805941	4102640
1	1	1	5090490
1	1	1	5090490
1	0.481481	0.83339	4242370
1	0.452381	0.811223	4129530
1	1	1	5090490
1	1	1	5090490
1	1	1	5090490
1	0.454545	0.812935	4138240
1	1	1	5090490
1	0.474576	0.828294	4216420
1	1	1	5090490
1	0.77613	0.972829	4952180
0.415139	1	0.780105	3971120
1	1	1	5090490
1	1	1	5090490
1	0.484848	0.835839	4254830
1	0.489362	0.839086	4271360
0.24479	0.640256	0.447184	2276380
1	1	1	5090490
0.0566038	1	0.219152	1115590
0.183508	0.492451	0.307601	1565840
0.0892857	1	0.304992	1552560
1	0.410256	0.775784	3949120
1	0.458333	0.815906	4153360
1	1	1	5090490
1	1	1	5090490
1	0.488889	0.838748	4269640
1	0.4375	0.799172	4068180
1	1	1	5090490
0.04	1	0.168755	859046
1	1	1	5090490
1	0.485294	0.836162	4256470
1	1	1	5090490
1	0.4375	0.799172	4068180
1	1	1	5090490
1	1	1	5090490
1	0.485294	0.836162	4256470
1	0.45614	0.81419	4144630
1	0.482759	0.834322	4247110
1	1	1	5090490
0.197822	0.0968222	0.0949111	483144
0.28377	0.0968222	0.126234	642594
1	0.611483	0.912252	4643810
1	0.49899	0.845872	4305910
1	0.470588	0.825304	4201200
1	0.492308	0.841182	4282030
1	1	1	5090490
1	1	1	5090490
1	0.489362	0.839086	4271360
0.150943	1	0.436355	2221260
1	0.494898	0.843011	4291340
1	0.45	0.809328	4119880
1	0.462687	0.819282	4170550
1	0.419355	0.78379	3989880
1	0.416667	0.781445	3977940
1	0.447761	0.807535	4110750
1	1	1	5090490
1	1	1	5090490
1	1	1	5090490
0.046875	0.46875	0.105863	538896
1	1	1	5090490
0.0789474	1	0.279393	1422250
1	1	1	5090490
0.177404	1	0.484193	2464780
1	0.392157	0.759252	3864970
1	1	1	5090490
1	1	1	5090490
1	1	1	5090490
1	1	1	5090490
0.28125	0.433148	0.378283	1925650
0.255535	0.2595	0.24624	1253480
0.138329	0.27237	0.161208	820627
0.44186	0.302761	0.402882	2050870
1	0.483333	0.83474	4249240
0.367358	0.422723	0.444512	2262790
0.275161	0.670749	0.496432	2527080
0.252593	0.424822	0.346823	1765500
1	0.481481	0.83339	4242370
1	1	1	5090490
1	0.438596	0.800077	4072780
1	1	1	5090490
1	1	1	5090490
0.115942	0.492754	0.220663	1123280
1	0.403226	0.769459	3916920
1	1	1	5090490
1	1	1	5090490
1	0.472727	0.826912	4209390
1	1	1	5090490
1	0.457627	0.815355	4150550
1	0.453125	0.811813	4132530
1	1	1	5090490
1	0.473684	0.827628	4213030
1	0.47619	0.829494	4222530
0.0444444	1	0.182823	930658
0.142857	1	0.420844	2142300
0.0919158	1	0.311308	1584710
1	1	1	5090490
1	0.423077	0.787008	4006260
1	0.479167	0.831693	4233720
0.105263	0.491228	0.204875	1042910
1	0.490909	0.840189	4276980
1	1	1	5090490
1	1	1	5090490
1	0.44898	0.808513	4115730
1	0.477273	0.830296	4226610
1	0.492308	0.841182	4282030
0.163934	0.409836	0.248608	1265540
1	0.463768	0.820114	4174780
0.102941	1	0.336988	1715430
1	0.468085	0.823411	4191570
1	0.0703053	0.256959	1308050
1	1	1	5090490
0.0441176	0.485294	0.103708	527924
1	1	1	5090490
1	1	1	5090490
0.0222222	0.466667	0.0577505	293979
1	1	1	5090490
1	0.473684	0.827628	4213030
1	0.431373	0.794063	4042170
1	1	1	5090490
1	0.446809	0.806769	4106850
1	0.483333	0.83474	4249240
1	0.481481	0.83339	4242370
1	0.488889	0.838748	4269640
1	1	1	5090490
1	0.214286	0.544381	2771170
1	1	1	5090490
1	0.463415	0.819842	4173400
0.211268	1	0.53971	2747390
1	0.490909	0.840189	4276980
1	0.196429	0.516108	2627240
0.130435	0.456522	0.227527	1158220
0.114286	1	0.362178	1843660
1	0.428571	0.791699	4030140
1	1	1	5090490
1	0.458333	0.815906	4153360
1	0.461538	0.818395	4166030
0.133192	1	0.401703	2044870
1	0.436364	0.798231	4063390
1	1	1	5090490
1	1	1	5090490
1	0.452381	0.811223	4129530
1	0.45098	0.81011	4123860
1	1	1	5090490
1	1	1	5090490
1	0.48	0.832305	4236840
1	0.493151	0.841779	4285070
0.103448	0.465517	0.194231	988731
1	1	1	5090490
0.116667	1	0.367317	1869830
1	1	1	5090490
1	1	1	5090490
1	1	1	5090490
1	0.431818	0.794438	4044080
0.0344828	1	0.150596	766610
1	1	1	5090490
1	0.154545	0.443123	2255710
1	0.486486	0.837022	4260860
1	0.472727	0.826912	4209390
1	0.45	0.809328	4119880
0.0208333	0.458333	0.0539626	274696
1	0.458333	0.815906	4153360
1	0.490244	0.839715	4274560
1	1	1	5090490
0.268293	1	0.621279	3162620
1	0.46875	0.823915	4194130
1	0.163636	0.459836	2340790
1	1	1	5090490
1	0.488462	0.838442	4268080
1	0.484848	0.835839	4254830
1	1	1	5090490
1	1	1	5090490
1	0.433962	0.796233	4053220
1	1	1	5090490
1	0.45283	0.81158	4131340
1	1	1	5090490
1	0.375	0.742811	3781270
0.197031	0.503374	0.328368	1671550
1	0.255061	0.603538	3072310
0.149798	0.503374	0.270316	1376040
1	1	1	5090490
0.0857143	0.4	0.149932	763229
1	1	1	5090490
1	0.44	0.801231	4078660
1	0.486486	0.837022	4260860
1	0.458333	0.815906	4153360
1	1	1	5090490
0.230769	0.461538	0.345038	1756410
0.399028	0.667252	0.618587	3148910
0.207729	0.513043	0.345185	1757160
1	1	1	5090490
1	1	1	5090490
1	0.491803	0.840824	4280210
1	1	1	5090490
1	0.4375	0.799172	4068180
0.297297	0.722775	0.545294	2775820
0.25	0.704956	0.482175	2454510
1	0.482143	0.833873	4244820
1	0.488372	0.838377	4267750
0.446273	0.727907	0.690103	3512960
1	1	1	5090490
1	1	1	5090490
1	1	1	5090490
0.0638298	0.468085	0.134768	686035
1	1	1	5090490
1	0.566896	0.888654	4523690
1	1	1	5090490
1	1	1	5090490
1	1	1	5090490
1	0.487805	0.837971	4265680
1	0.490566	0.839945	4275730
1	1	1	5090490
1	1	1	5090490
1	1	1	5090490
1	0.491228	0.840416	4278130
1	1	1	5090490
1	0.488372	0.838377	4267750
1	0.492694	0.841456	4283420
1	0.47619	0.829494	4222530
0.2	1	0.521888	2656660
1	1	1	5090490
1	1	1	5090490
1	0.45098	0.81011	4123860
0.129032	1	0.393251	2001840
1	0.490196	0.839681	4274390
1	0.483871	0.835131	4251230
1	0.433333	0.795707	4050540
1	1	1	5090490
1	1	1	5090490
1	0.477273	0.830296	4226610
0.113636	1	0.360767	1836480
1	0.479167	0.831693	4233720
1	1	1	5090490
1	0.491228	0.840416	4278130
0.0740741	0.481481	0.154558	786778
1	1	1	5090490
0.15129	1	0.437009	2224590
0.102041	0.469388	0.193441	984709
1	1	1	5090490
0.18006	1	0.488766	2488060
0.062004	1	0.23441	1193260
1	0.462963	0.819495	4171630
1	1	1	5090490
1	0.428571	0.791699	4030140
1	0.428571	0.791699	4030140
1	1	1	5090490
1	1	1	5090490
1	0.487805	0.837971	4265680
1	1	1	5090490
1	1	1	5090490
1	1	1	5090490
1	0.126843	0.388749	1978920
1	1	1	5090490
1	1	1	5090490
0.212121	1	0.541036	2754140
1	1	1	5090490
0.212698	1	0.54193	2758690
1	1	1	5090490
1	1	1	5090490
0.109524	1	0.351748	1790570
1	1	1	5090490
1	0.459459	0.816783	4157830
1	0.45	0.809328	4119880
1	0.447368	0.807219	4109140
1	0.452381	0.811223	4129530
1	0.489879	0.839455	4273240
1	1	1	5090490
1	0.416667	0.781445	3977940
1	1	1	5090490
1	1	1	5090490
1	1	1	5090490
1	1	1	5090490
1	1	1	5090490
1	1	1	5090490
1	0.411765	0.777125	3955950
1	1	1	5090490
1	1	1	5090490
1	1	1	5090490
1	0.461538	0.818395	4166030
1	1	1	5090490
1	0.471429	0.825937	4204430
1	0.439024	0.800429	4074580
1	1	1	5090490
1	1	1	5090490
1	0.471698	0.82614	4205460
1	1	1	5090490
1	0.42	0.78435	3992730
1	1	1	5090490
0.166667	0.333333	0.216132	1100220
1	1	1	5090490
1	0.463415	0.819842	4173400
1	1	1	5090490
1	1	1	5090490
1	1	1	5090490
1	0.480769	0.832869	4239710
1	0.478261	0.831026	4230330
1	0.491525	0.840627	4279210
1	0.441176	0.802196	4083570
1	0.454545	0.812935	4138240
1	1	1	5090490
0.12766	1	0.390433	1987490
1	0.459459	0.816783	4157830
1	1	1	5090490
1	1	1	5090490
1	0.492308	0.841182	4282030
0.0447761	0.477612	0.103614	527446
0.0895522	0.492537	0.181774	925317
0.0615385	0.476923	0.132907	676563
1	0.546443	0.876672	4462690
0.134301	1	0.403934	2056220
1	1	1	5090490
1	0.490196	0.839681	4274390
1	1	1	5090490
1	0.227273	0.564001	2871040
1	1	1	5090490
1	1	1	5090490
0.0652174	1	0.243263	1238330
1	1	1	5090490
1	1	1	5090490
1	1	1	5090490
1	1	1	5090490
1	0.434783	0.796917	4056700
0.103448	1	0.33814	1721300
1	1	1	5090490
1	0.474576	0.828294	4216420
1	0.477612	0.830546	4227890
1	0.463415	0.819842	4173400
1	0.478261	0.831026	4230330
1	1	1	5090490
1	1	1	5090490
0.109524	1	0.351748	1790570
1	0.433962	0.796233	4053220
0.15	1	0.434568	2212160
0.0697674	0.488372	0.149212	759564
1	1	1	5090490
1	0.471698	0.82614	4205460
1	0.448276	0.807948	4112850
1	1	1	5090490
0.273263	1	0.627773	3195670
1	1	1	5090490
1	0.463768	0.820114	4174780
1	1	1	5090490
1	1	1	5090490
1	1	1	5090490
1	0.47619	0.829494	4222530
1	0.422222	0.786272	4002510
1	1	1	5090490
1	1	1	5090490
0.1	0.46	0.187639	955176
1	0.428571	0.791699	4030140
1	0.493333	0.841908	4285720
0.298784	1	0.659725	3358320
1	0.46	0.817203	4159970
1	0.431818	0.794438	4044080
1	0.085042	0.294637	1499850
1	0.4375	0.799172	4068180
1	1	1	5090490
1	1	1	5090490
1	1	1	5090490
1	1	1	5090490
0.0491803	0.42623	0.101981	519136
0.25	1	0.596574	3036850
1	1	1	5090490
1	0.442308	0.80312	4088270
1	1	1	5090490
1	1	1	5090490
1	0.483333	0.83474	4249240
1	1	1	5090490
1	0.227922	0.564962	2875930
1	1	1	5090490
1	1	1	5090490
1	0.403846	0.770022	3919790
1	1	1	5090490
1	1	1	5090490
1	1	1	5090490
1	1	1	5090490
1	1	1	5090490
1	1	1	5090490
0.109524	0.190476	0.101593	517159
0.16	1	0.453213	2307080
1	1	1	5090490
1	0.44	0.801231	4078660
0.0769231	1	0.274227	1395950
1	1	1	5090490
1	1	1	5090490
1	0.478261	0.831026	4230330
1	0.479167	0.831693	4233720
0.0625	1	0.235787	1200270
1	1	1	5090490
0.03125	1	0.139554	710400
1	0.428571	0.791699	4030140
1	1	1	5090490
1	0.428571	0.791699	4030140
1	1	1	5090490
0.1	1	0.330259	1681180
1	0.481481	0.83339	4242370
0.135593	1	0.406521	2069390
1	0.489362	0.839086	4271360
1	0.471698	0.82614	4205460
1	1	1	5090490
0.0512821	0.487179	0.117161	596409
0.0517241	1	0.204922	1043160
1	1	1	5090490
1	0.368421	0.7363	3748130
1	1	1	5090490
1	0.492537	0.841345	4282860
1	0.457627	0.815355	4150550
1	1	1	5090490
1	1	1	5090490
0.0571429	0.457143	0.121338	617669
1	1	1	5090490
1	0.465116	0.821148	4180050
1	0.421053	0.785262	3997370
1	1	1	5090490
1	1	1	5090490
1	0.490248	0.839718	4274580
1	1	1	5090490
1	0.489796	0.839396	4272940
1	1	1	5090490
1	0.395349	0.762227	3880110
1	1	1	5090490
1	1	1	5090490
1	0.490909	0.840189	4276980
1	0.490566	0.839945	4275730
1	1	1	5090490
1	1	1	5090490
1	0.210312	0.538223	2739820
1	1	1	5090490
0.125	1	0.38493	1959480
1	0.185859	0.498616	2538200
1	0.093728	0.315616	1606640
0.0181818	1	0.0910424	463451
1	0.502857	0.848546	4319520
1	1	1	5090490
1	1	1	5090490
1	1	1	5090490
1	0.471698	0.82614	4205460
1	1	1	5090490
0.296875	1	0.657413	3346560
1	0.464286	0.820511	4176810
1	1	1	5090490
0.201128	1	0.5237	2665890
1	0.409091	0.774744	3943830
0.286255	1	0.644323	3279920
1	1	1	5090490
1	1	1	5090490
0.0689655	1	0.25339	1289880
0.05	1	0.199787	1017010
0.0508475	1	0.202318	1029900
1	1	1	5090490
1	1	1	5090490
1	0.480769	0.832869	4239710
1	1	1	5090490
1	1	1	5090490
0.308104	1	0.670841	3414910
1	1	1	5090490
1	1	1	5090490
1	0.482143	0.833873	4244820
1	1	1	5090490
1	0.473684	0.827628	4213030
0.130435	1	0.396115	2016420
1	0.454545	0.812935	4138240
1	1	1	5090490
1	1	1	5090490
1	1	1	5090490
1	1	1	5090490
1	0.487179	0.837521	4263390
0.140351	1	0.415945	2117370
0.0277778	1	0.12732	648121
1	1	1	5090490
1	0.468085	0.823411	4191570
0.135135	0.472973	0.239695	1220160
1	1	1	5090490
0.102564	1	0.33613	1711070
1	0.472727	0.826912	4209390
1	0.478261	0.831026	4230330
1	0.479167	0.831693	4233720
1	1	1	5090490
1	1	1	5090490
1	1	1	5090490
1	0.489796	0.839396	4272940
0.154595	1	0.443215	2256180
1	1	1	5090490
1	0.452055	0.810965	4128210
1	1	1	5090490
1	1	1	5090490
1	1	1	5090490
1	1	1	5090490
1	1	1	5090490
1	1	1	5090490
1	1	1	5090490
1	1	1	5090490
1	0.45098	0.81011	4123860
1	0.482759	0.834322	4247110
0.0655738	0.442623	0.13176	670723
1	0.491525	0.840627	4279210
1	0.45283	0.81158	4131340
1	1	1	5090490
1	1	1	5090490
0.0851064	0.446809	0.162352	826453
1	1	1	5090490
0.266667	0.466667	0.383774	1953600
1	0.475	0.828609	4218030
1	1	1	5090490
1	1	1	5090490
0.436729	1	0.798534	4064930
0.159836	1	0.452912	2305540
0.0264432	1	0.122505	623609
0.0577082	0.779915	0.184572	939564
0.138002	0.781268	0.347959	1771280
0.380282	1	0.747954	3807460
0.385093	1	0.752576	3830980
0.395083	1	0.761981	3878860
1	1	1	5090490
0.220588	1	0.553998	2820120
0.40929	0.762211	0.675362	3437920
0.0424964	0.762211	0.143489	730429
0.331955	0.762211	0.600742	3058070
0.0424964	0.762211	0.143489	730429
1	1	1	5090490
1	1	1	5090490
0.40929	1	0.774921	3944730
0.40349	1	0.769699	3918150
1	1	1	5090490
1	1	1	5090490
1	1	1	5090490
1	1	1	5090490
0.0286073	0.623096	0.0896092	456155
0.27787	1	0.633711	3225900
0.551203	1	0.879528	4477230
1	0.640946	0.926045	4714020
0.179101	0.502185	0.306575	1560620
0.232505	0.266201	0.234101	1191690
0.1848	0.263339	0.195769	996563
0.11965	0.375169	0.184205	937694
0.441456	0.498192	0.553002	2815050
0.16296	0.276747	0.184856	941006
0.52449	0.0832995	0.180467	918664
1	0.0832995	0.290325	1477900
0.489211	0.124551	0.231418	1178030
0.107241	0.148294	0.0817623	416210
0.152223	0.160002	0.114838	584583
0.118834	0.0943871	0.0615822	313484
0.317802	0.210337	0.247687	1260850
0.147948	0.139981	0.101006	514168
0.351317	0.276595	0.323708	1647830
0.238592	0.276595	0.245377	1249090
0.164848	0.276595	0.186394	948839
0.127977	0.276595	0.153666	782233
0.484545	0.276595	0.403375	2053380
0.467901	0.21302	0.329503	1677330
1	0.390697	0.757883	3858000
1	1	1	5090490
1	0.517464	0.858377	4369560
0.00369635	0.388895	0.0108457	55209.7
0.426487	0.408821	0.478898	2437820
1	1	1	5090490
1	0.656015	0.932572	4747250
0.571843	1	0.891441	4537870
1	0.630042	0.921102	4688860
1	0.652188	0.930948	4738980
0.0408163	0.818147	0.146912	747854
0.327591	0.818147	0.620917	3160770
0.171574	0.82164	0.417164	2123570
1	0.82164	0.983054	5004230
0.449857	1	0.809215	4119300
0.0623064	0.803828	0.200037	1018290
0.350079	0.795326	0.634424	3229530
0.246204	1	0.591282	3009920
0.234193	1	0.57415	2922700
0.302335	1	0.663995	3380060
0.388883	1	0.756174	3849290
0.388883	1	0.756174	3849290
0.387399	1	0.754769	3842150
1	1	1	5090490
0.123567	0.71598	0.303021	1542520
0.106406	1	0.344808	1755240
0.465381	1	0.82135	4181080
1	1	1	5090490
1	1	1	5090490
0.469512	0.726246	0.707853	3603320
0.531949	0.509056	0.624555	3179290
0.22619	0.50268	0.360909	1837200
1	0.507915	0.851998	4337090
0.248068	1	0.593888	3023180
0.459596	1	0.816889	4158370
1	1	1	5090490
1	1	1	5090490
0.263278	1	0.614635	3128790
0.439626	1	0.800924	4077100
0.293683	0.50464	0.43115	2194760
0.000187358	0.600186	0.00113496	5777.49
0.548363	0.240772	0.399356	2032920
0.247292	0.315067	0.276761	1408850
0.00526893	0.421319	0.0157841	80349.1
0.356887	0.547856	0.514632	2619730
1	0.77393	0.972268	4949320
0.196115	0.618332	0.377106	1919650
1	0.552971	0.880579	4482580
0.362503	0.297141	0.347732	1770120
1	0.460697	0.817744	4162720
0.217475	0.464038	0.332365	1691900
0.135056	0.379343	0.203464	1035730
1	0.302288	0.663938	3379770
1	0.218199	0.550374	2801670
0.0612061	0.218199	0.0709939	361394
0.394181	0.837525	0.69601	3543030
0.255399	0.66757	0.472112	2403280
0.0629352	0.53488	0.147825	752503
0.412221	0.619674	0.60406	3074960
1	0.619674	0.916226	4664040
1	0.741237	0.963189	4903110
0.439066	0.619674	0.626233	3187830
1	0.470199	0.825011	4199710
1	1	1	5090490
0.400718	0.807696	0.688766	3506160
0.200216	0.808337	0.456579	2324210
0.144332	1	0.423707	2156880
0.301168	0.643487	0.511808	2605350
0.325229	0.537118	0.479472	2440750
1	0.669009	0.937922	4774480
1	0.303693	0.665615	3388310
1	0.31643	0.680531	3464240
1	0.186133	0.499077	2540550
0.247882	0.189694	0.190774	971133
0.376864	0.56074	0.539796	2747820
1	0.561234	0.885413	4507190
0.0405184	0.562718	0.109008	554905
0.095944	0.560977	0.211095	1074580
1	0.560977	0.885264	4506430
0.174403	0.558125	0.324094	1649800
0.257369	1	0.606681	3088300
0.199351	1	0.520841	2651340
1	0.724278	0.957915	4876260
0.274768	0.65983	0.490889	2498860
0.448487	0.786085	0.720104	3665680
0.480146	0.790568	0.747283	3804040
0.478691	0.790781	0.746267	3798860
0.490011	0.832996	0.773926	3939660
0.159279	0.824543	0.39794	2025710
0.101974	0.661904	0.249446	1269800
1	0.339607	0.706371	3595780
1	0.391912	0.759023	3863800
0.248983	1	0.595161	3029660
0.135873	0.834222	0.360141	1833290
0.281654	0.680793	0.508434	2588180
1	0.682857	0.943346	4802100
1	0.836284	0.985801	5018210
0.424277	0.836284	0.72246	3677680
0.474457	0.510498	0.585651	2981250
0.34125	1	0.708141	3604790
0.427812	1	0.791055	4026860
1	1	1	5090490
0.336765	1	0.70329	3580090
1	1	1	5090490
1	0.209644	0.53718	2734510
1	0.196744	0.51662	2629850
0.115385	0.480769	0.215894	1099010
1	1	1	5090490
0.0277778	1	0.12732	648121
1	1	1	5090490
0.183508	1	0.494645	2517980
1	1	1	5090490
1	0.435484	0.797501	4059670
1	0.444444	0.804858	4097120
0.0392157	1	0.166223	846155
1	1	1	5090490
1	0.444444	0.804858	4097120
1	1	1	5090490
1	1	1	5090490
1	0.473684	0.827628	4213030
0.0661017	1	0.245671	1250590
1	1	1	5090490
1	1	1	5090490
1	1	1	5090490
0.0909091	1	0.3089	1572450
1	1	1	5090490
1	0.458333	0.815906	4153360
1	0.48	0.832305	4236840
1	0.483871	0.835131	4251230
1	0.474576	0.828294	4216420
1	1	1	5090490
0.172078	1	0.474902	2417480
1	0.456522	0.814489	4146150
1	1	1	5090490
1	1	1	5090490
1	0.486111	0.836752	4259480
1	1	1	5090490
0.197031	1	0.517087	2632230
1	0.426471	0.789914	4021050
1	0.490196	0.839681	4274390
1	1	1	5090490
1	1	1	5090490
1	0.47541	0.828914	4219580
1	1	1	5090490
1	0.387097	0.754483	3840690
1	0.387097	0.754483	3840690
1	0.375	0.742811	3781270
1	0.489362	0.839086	4271360
1	1	1	5090490
0.0638298	0.468085	0.134768	686035
1	0.483871	0.835131	4251230
1	1	1	5090490
1	1	1	5090490
1	0.208145	0.534832	2722560
1	1	1	5090490
1	1	1	5090490
1	0.469388	0.824398	4196590
1	1	1	5090490
1	0.492063	0.841009	4281150
1	0.491228	0.840416	4278130
1	0.474576	0.828294	4216420
1	1	1	5090490
1	1	1	5090490
0.172414	0.482759	0.290163	1477070
1	0.490909	0.840189	4276980
1	0.414634	0.779661	3968860
1	1	1	5090490
1	1	1	5090490
1	0.493061	0.841716	4284750
1	0.491228	0.840416	4278130
1	1	1	5090490
1	0.451653	0.810646	4126580
1	0.451653	0.810646	4126580
1	0.470588	0.825304	4201200
1	0.470588	0.825304	4201200
1	1	1	5090490
1	1	1	5090490
1	0.347561	0.714869	3639030
0.147059	0.347561	0.203105	1033910
1	0.347561	0.714869	3639030
1	1	1	5090490
1	0.459016	0.816438	4156070
1	1	1	5090490
1	1	1	5090490
1	0.444444	0.804858	4097120
1	0.425532	0.789113	4016970
1	0.470588	0.825304	4201200
1	0.45283	0.81158	4131340
1	0.490196	0.839681	4274390
1	0.462963	0.819495	4171630
1	1	1	5090490
0.0833333	1	0.290409	1478320
1	1	1	5090490
0.428571	0.624355	0.620341	3157840
1	0.620959	0.91684	4667160
1	0.619455	0.916121	4663510
0.201974	0.619455	0.385167	1960690
0.201974	0.619455	0.385167	1960690
1	0.470588	0.825304	4201200
1	1	1	5090490
1	1	1	5090490
0.205128	0.435897	0.305304	1554150
1	1	1	5090490
0.0731707	0.231707	0.0860805	438192
1	1	1	5090490
1	1	1	5090490
1	0.491525	0.840627	4279210
0.0666667	1	0.247203	1258390
1	1	1	5090490
0.0322581	1	0.143032	728102
0.0416667	1	0.174086	886181
0.212121	1	0.541036	2754140
1	1	1	5090490
1	0.483871	0.835131	4251230
1	1	1	5090490
1	1	1	5090490
1	0.470588	0.825304	4201200
1	1	1	5090490
1	1	1	5090490
0.136213	1	0.407758	2075690
1	0.47619	0.829494	4222530
0.138961	1	0.413209	2103440
1	0.484848	0.835839	4254830
1	0.459016	0.816438	4156070
1	1	1	5090490
1	0.409091	0.774744	3943830
1	1	1	5090490
1	0.466667	0.822332	4186070
0.0416667	1	0.174086	886181
1	1	1	5090490
1	0.508036	0.85208	4337500
1	1	1	5090490
1	0.462963	0.819495	4171630
1	1	1	5090490
1	0.431818	0.794438	4044080
1	0.466667	0.822332	4186070
1	1	1	5090490
1	0.470588	0.825304	4201200
1	0.492063	0.841009	4281150
1	1	1	5090490
1	1	1	5090490
0.0847458	1	0.293907	1496130
0.356522	1	0.724224	3686660
0.0967742	1	0.322778	1643100
1	1	1	5090490
1	0.551779	0.879871	4478970
1	1	1	5090490
1	0.459459	0.816783	4157830
1	0.447368	0.807219	4109140
1	1	1	5090490
1	1	1	5090490
0.169173	1	0.469765	2391340
1	0.485714	0.836465	4258020
1	0.491228	0.840416	4278130
1	1	1	5090490
0.116667	0.466667	0.212909	1083810
1	0.431034	0.793779	4040720
1	1	1	5090490
1	1	1	5090490
1	0.464286	0.820511	4176810
1	1	1	5090490
0.03125	0.46875	0.076515	389499
1	1	1	5090490
0.245161	1	0.589819	3002470
0.106383	1	0.344756	1754980
1	1	1	5090490
0.0859903	1	0.296969	1511720
1	0.234694	0.574876	2926400
1	1	1	5090490
1	1	1	5090490
1	0.496528	0.844155	4297160
1	1	1	5090490
1	1	1	5090490
1	0.444444	0.804858	4097120
1	1	1	5090490
0.0833333	0.4375	0.157193	800191
1	0.4375	0.799172	4068180
1	1	1	5090490
1	1	1	5090490
1	0.492774	0.841512	4283710
1	1	1	5090490
1	1	1	5090490
0.0695489	1	0.254947	1297810
0.142857	0.482143	0.253154	1288680
1	1	1	5090490
0.0851064	0.489362	0.174026	885876
0.0526316	1	0.207602	1056800
1	1	1	5090490
1	0.487805	0.837971	4265680
1	1	1	5090490
1	1	1	5090490
1	0.442308	0.80312	4088270
1	1	1	5090490
1	0.194525	0.513001	2611430
1	0.194525	0.513001	2611430
1	0.371429	0.739291	3763350
1	1	1	5090490
1	1	1	5090490
0.0666667	0.483333	0.142909	727476
0.117551	1	0.369214	1879480
1	0.460317	0.81745	4161220
0.271107	1	0.624967	3181390
1	1	1	5090490
1	1	1	5090490
1	1	1	5090490
1	1	1	5090490
1	0.169435	0.470231	2393710
1	1	1	5090490
1	0.4375	0.799172	4068180
1	1	1	5090490
0.0985915	0.422535	0.174059	886047
1	7.31103e-06	9.37722e-05	477.346
1	1	1	5090490
1	0.491228	0.840416	4278130
1	0.368421	0.7363	3748130
1	0.444444	0.804858	4097120
1	1	1	5090490
1	1	1	5090490
1	1	1	5090490
1	0.47541	0.828914	4219580
1	1	1	5090490
1	0.441176	0.802196	4083570
1	1	1	5090490
1	0.217391	0.549143	2795410
1	1	1	5090490
0.0909091	1	0.3089	1572450
1	1	1	5090490
1	1	1	5090490
1	0.419355	0.78379	3989880
1	0.466667	0.822332	4186070
1	1	1	5090490
1	0.471698	0.82614	4205460
1	0.477612	0.830546	4227890
1	1	1	5090490
1	1	1	5090490
0.0859903	1	0.296969	1511720
1	0.444444	0.804858	4097120
1	1	1	5090490
0.127152	0.465323	0.226454	1152760
0.0418033	0.463301	0.0957561	487445
1	0.463301	0.819755	4172950
0.521736	0.481302	0.598113	3044690
0.223783	0.761414	0.471926	2402340
0.0370129	1	0.159026	809518
1	1	1	5090490
0.0862069	1	0.2975	1514420
1	1	1	5090490
1	0.4	0.766516	3901940
1	1	1	5090490
1	1	1	5090490
1	1	1	5090490
1	1	1	5090490
1	0.440476	0.801622	4080650
1	0.431034	0.793779	4040720
1	0.416667	0.781445	3977940
0.0429448	0.478528	0.100386	511012
1	1	1	5090490
1	0.47561	0.829063	4220340
1	0.496	0.843785	4295280
1	0.458333	0.815906	4153360
1	1	1	5090490
1	0.472826	0.826986	4209760
1	1	1	5090490
1	0.464968	0.821034	4179470
1	0.464968	0.821034	4179470
1	0.464968	0.821034	4179470
1	0.464968	0.821034	4179470
1	0.500548	0.846953	4311410
1	1	1	5090490
1	0.445255	0.805515	4100470
1	1	1	5090490
1	1	1	5090490
1	1	1	5090490
1	1	1	5090490
0.171123	1	0.473219	2408920
1	0.460317	0.81745	4161220
0.136591	1	0.408512	2079530
1	0.403846	0.770022	3919790
1	0.462963	0.819495	4171630
1	1	1	5090490
1	0.492063	0.841009	4281150
1	1	1	5090490
1	1	1	5090490
1	0.198606	0.51964	2645220
1	1	1	5090490
1	1	1	5090490
1	0.468085	0.823411	4191570
1	0.471698	0.82614	4205460
1	1	1	5090490
1	1	1	5090490
1	1	1	5090490
1	1	1	5090490
0.0384615	1	0.163773	833685
1	1	1	5090490
1	1	1	5090490
0.0816327	1	0.286165	1456720
1	1	1	5090490
1	1	1	5090490
1	1	1	5090490
1	0.456522	0.814489	4146150
0.0681818	0.477273	0.144003	733048
1	0.478261	0.831026	4230330
1	1	1	5090490
1	0.218855	0.551372	2806750
1	0.468085	0.823411	4191570
0.113636	1	0.360767	1836480
1	0.461538	0.818395	4166030
1	0.488889	0.838748	4269640
1	1	1	5090490
1	0.486486	0.837022	4260860
1	1	1	5090490
1	1	1	5090490
1	0.485057	0.835991	4255600
1	1	1	5090490
1	0.489362	0.839086	4271360
1	0.489796	0.839396	4272940
1	1	1	5090490
1	0.234694	0.574876	2926400
1	0.495122	0.843169	4292140
0.02	1	0.0982405	500092
0.152174	1	0.438676	2233080
1	1	1	5090490
1	1	1	5090490
1	1	1	5090490
1	0.466667	0.822332	4186070
1	0.492308	0.841182	4282030
1	1	1	5090490
1	0.481481	0.83339	4242370
0.0833333	1	0.290409	1478320
1	1	1	5090490
0.0317023	0.771077	0.115168	586263
1	0.473684	0.827628	4213030
1	0.602768	0.907903	4621670
1	0.448276	0.807948	4112850
1	0.446809	0.806769	4106850
1	0.489796	0.839396	4272940
1	0.490909	0.840189	4276980
1	1	1	5090490
1	1	1	5090490
1	0.474576	0.828294	4216420
1	1	1	5090490
0.0714286	0.446429	0.141758	721618
0.1	0.46	0.187639	955176
1	0.489362	0.839086	4271360
1	1	1	5090490
1	1	1	5090490
1	1	1	5090490
1	0.504348	0.849568	4324720
1	1	1	5090490
1	0.441176	0.802196	4083570
0.207729	1	0.53418	2719240
1	0.484375	0.835496	4253090
1	0.469697	0.824632	4197780
1	1	1	5090490
1	1	1	5090490
1	1	1	5090490
1	1	1	5090490
1	0.491228	0.840416	4278130
1	0.223558	0.558466	2842870
1	1	1	5090490
0.0454545	0.477273	0.104798	533476
0.621572	0.627178	0.757073	3853870
1	0.34375	0.71082	3618420
1	0.378378	0.746109	3798060
0.0810811	0.351351	0.129856	661030
1	0.479167	0.831693	4233720
0.0769231	1	0.274227	1395950
0.148936	1	0.432546	2201870
0.291667	0.458333	0.402686	2049870
0.0677966	0.491525	0.146674	746643
1	0.487805	0.837971	4265680
1	0.483871	0.835131	4251230
1	1	1	5090490
1	1	1	5090490
1	0.456522	0.814489	4146150
1	0.478261	0.831026	4230330
1	0.472727	0.826912	4209390
1	0.128959	0.393101	2001080
1	0.492063	0.841009	4281150
1	0.448276	0.807948	4112850
1	0.465517	0.821455	4181610
1	1	1	5090490
1	1	1	5090490
1	1	1	5090490
1	1	1	5090490
1	1	1	5090490
1	1	1	5090490
1	0.229379	0.567111	2886870
1	1	1	5090490
0.0181818	0.490909	0.0510441	259840
1	0.4375	0.799172	4068180
0.392157	0.470588	0.4964	2526920
1	1	1	5090490
1	1	1	5090490
1	0.117656	0.369438	1880620
1	0.444444	0.804858	4097120
1	1	1	5090490
1	1	1	5090490
0.119048	1	0.372409	1895740
1	1	1	5090490
1	1	1	5090490
1	1	1	5090490
1	0.459016	0.816438	4156070
1	0.481481	0.83339	4242370
1	1	1	5090490
0.0227273	0.454545	0.0575687	293053
0.0540541	1	0.211771	1078020
1	1	1	5090490
1	0.493827	0.842257	4287500
1	0.434783	0.796917	4056700
1	1	1	5090490
1	0.452381	0.811223	4129530
1	1	1	5090490
1	1	1	5090490
0.0888889	1	0.304033	1547680
1	0.413793	0.77892	3965080
1	1	1	5090490
0.420879	1	0.785112	3996600
1	1	1	5090490
0.0638792	1	0.239596	1219660
1	1	1	5090490
1	1	1	5090490
1	0.491803	0.840824	4280210
1	1	1	5090490
1	0.493349	0.841919	4285780
1	0.493521	0.84204	4286400
1	0.45614	0.81419	4144630
1	0.461538	0.818395	4166030
1	1	1	5090490
1	1	1	5090490
1	1	1	5090490
1	1	1	5090490
1	1	1	5090490
1	0.347826	0.715149	3640460
1	0.375	0.742811	3781270
1	1	1	5090490
1	1	1	5090490
1	0.487179	0.837521	4263390
0.0545455	0.490909	0.123715	629770
1	1	1	5090490
1	1	1	5090490
1	0.481481	0.83339	4242370
1	1	1	5090490
1	1	1	5090490
1	1	1	5090490
1	1	1	5090490
1	1	1	5090490
1	0.428571	0.791699	4030140
1	0.469388	0.824398	4196590
1	1	1	5090490
0.031746	0.492063	0.0805912	410249
1	0.485294	0.836162	4256470
0.108696	0.478261	0.205694	1047080
0.142857	1	0.420844	2142300
1	0.154545	0.443123	2255710
1	1	1	5090490
0.0606061	0.484848	0.133033	677203
1	0.47619	0.829494	4222530
1	1	1	5090490
0.0731707	1	0.264509	1346480
1	1	1	5090490
1	0.461538	0.818395	4166030
1	1	1	5090490
1	1	1	5090490
1	1	1	5090490
1	1	1	5090490
1	1	1	5090490
0.265306	1	0.617333	3142530
1	0.491525	0.840627	4279210
1	0.466667	0.822332	4186070
1	0.467742	0.82315	4190240
0.0163934	0.47541	0.0456273	232265
0.0434783	1	0.179804	915291
0.115294	1	0.36436	1854770
1	1	1	5090490
1	1	1	5090490
0.0512821	0.487179	0.117161	596409
1	1	1	5090490
1	1	1	5090490
1	0.471698	0.82614	4205460
0.0566038	0.471698	0.123436	628351
1	0.122807	0.380351	1936170
0.170213	1	0.47161	2400720
0.102564	1	0.33613	1711070
0.222222	0.361111	0.282682	1438990
0.124884	1	0.38469	1958260
0.281567	1	0.638421	3249880
1	1	1	5090490
1	0.490196	0.839681	4274390
1	0.46875	0.823915	4194130
1	1	1	5090490
1	0.46	0.817203	4159970
1	0.461538	0.818395	4166030
1	1	1	5090490
1	1	1	5090490
1	0.490196	0.839681	4274390
1	0.468085	0.823411	4191570
1	1	1	5090490
1	1	1	5090490
1	1	1	5090490
0.0655738	1	0.244235	1243270
1	1	1	5090490
1	1	1	5090490
0.0363636	1	0.156879	798594
1	1	1	5090490
0.0363636	1	0.156879	798594
1	1	1	5090490
1	1	1	5090490
1	1	1	5090490
0.258039	1	0.60759	3092930
0.137255	1	0.409832	2086240
1	1	1	5090490
0.364034	1	0.731893	3725690
0.203048	1	0.52677	2681520
1	1	1	5090490
1	1	1	5090490
1	1	1	5090490
1	0.387097	0.754483	3840690
1	0.476923	0.830037	4225300
0.0344828	0.431034	0.0774207	394109
1	1	1	5090490
1	0.477273	0.830296	4226610
1	1	1	5090490
1	1	1	5090490
1	0.461538	0.818395	4166030
1	0.418605	0.783137	3986550
1	0.461538	0.818395	4166030
1	0.46875	0.823915	4194130
1	0.4926	0.84139	4283090
1	1	1	5090490
0.101633	1	0.334006	1700260
0.111111	1	0.355247	1808380
1	0.492017	0.840976	4280980
1	0.479167	0.831693	4233720
1	0.479167	0.831693	4233720
1	1	1	5090490
0.106061	1	0.344034	1751300
1	0.435484	0.797501	4059670
1	0.491765	0.840797	4280070
1	0.466667	0.822332	4186070
0.15	1	0.434568	2212160
1	1	1	5090490
0.177404	1	0.484193	2464780
0.0444444	1	0.182823	930658
0.0175439	1	0.0884746	450379
1	1	1	5090490
1	1	1	5090490
1	0.4375	0.799172	4068180
1	1	1	5090490
1	1	1	5090490
1	1	1	5090490
1	1	1	5090490
1	0.490196	0.839681	4274390
1	0.406522	0.772439	3932090
0.102564	0.682838	0.25624	1304390
1	0.682838	0.943339	4802060
0.333333	0.682838	0.564504	2873600
1	0.452381	0.811223	4129530
1	0.492176	0.841089	4281560
1	1	1	5090490
1	1	1	5090490
1	1	1	5090490
1	0.481481	0.83339	4242370
0.0425532	1	0.176894	900475
1	1	1	5090490
1	0.473684	0.827628	4213030
1	1	1	5090490
1	1	1	5090490
1	1	1	5090490
1	0.474576	0.828294	4216420
1	0.466667	0.822332	4186070
1	1	1	5090490
1	1	1	5090490
1	0.475	0.828609	4218030
1	1	1	5090490
1	0.487179	0.837521	4263390
1	0.466667	0.822332	4186070
1	0.416667	0.781445	3977940
1	0.435897	0.797844	4061420
1	1	1	5090490
1	1	1	5090490
1	0.0750988	0.269526	1372020
0.0714286	1	0.259933	1323180
1	1	1	5090490
1	1	1	5090490
1	0.415094	0.780066	3970920
0.0859903	1	0.296969	1511720
1	1	1	5090490
1	0.473684	0.827628	4213030
1	1	1	5090490
1	1	1	5090490
1	1	1	5090490
1	0.431818	0.794438	4044080
1	1	1	5090490
1	1	1	5090490
1	0.408163	0.773913	3939600
1	0.491228	0.840416	4278130
1	1	1	5090490
0.0238095	0.428571	0.0569895	290104
1	1	1	5090490
1	0.480769	0.832869	4239710
1	0.491833	0.840846	4280320
1	0.208537	0.535447	2725690
1	1	1	5090490
1	1	1	5090490
0.0327869	1	0.144843	737325
0.195578	1	0.514722	2620190
1	1	1	5090490
1	0.488372	0.838377	4267750
0.102941	0.485294	0.199657	1016350
1	1	1	5090490
1	1	1	5090490
0.108696	1	0.349913	1781230
1	0.425	0.788658	4014660
1	1	1	5090490
1	0.483871	0.835131	4251230
1	0.488889	0.838748	4269640
1	1	1	5090490
1	0.238806	0.580801	2956560
1	1	1	5090490
1	1	1	5090490
1	0.45098	0.81011	4123860
1	1	1	5090490
1	1	1	5090490
1	1	1	5090490
1	1	1	5090490
1	0.469388	0.824398	4196590
1	1	1	5090490
0.142857	1	0.420844	2142300
0.142857	1	0.420844	2142300
0.142857	1	0.420844	2142300
1	1	1	5090490
1	1	1	5090490
1	0.384615	0.75212	3828660
1	0.477273	0.830296	4226610
0.0697674	0.418605	0.132398	673972
1	1	1	5090490
1	1	1	5090490
1	1	1	5090490
1	1	1	5090490
1	1	1	5090490
0.0833333	0.416667	0.151402	770710
1	0.416667	0.781445	3977940
1	1	1	5090490
1	1	1	5090490
1	0.488889	0.838748	4269640
1	0.451613	0.810613	4126420
1	1	1	5090490
1	1	1	5090490
1	1	1	5090490
1	1	1	5090490
1	1	1	5090490
1	1	1	5090490
0.0892857	1	0.304992	1552560
1	1	1	5090490
1	0.410256	0.775784	3949120
1	0.487302	0.837609	4263840
1	1	1	5090490
0.212121	1	0.541036	2754140
1	0.482759	0.834322	4247110
1	0.452381	0.811223	4129530
1	0.479167	0.831693	4233720
0.0793651	0.47619	0.161589	822565
1	1	1	5090490
1	0.489362	0.839086	4271360
0.0961538	1	0.321327	1635710
1	0.491525	0.840627	4279210
1	1	1	5090490
1	0.409091	0.774744	3943830
1	1	1	5090490
1	1	1	5090490
1	0.48	0.832305	4236840
1	0.483871	0.835131	4251230
0.0882353	1	0.302448	1539610
0.0882353	1	0.302448	1539610
0.284058	1	0.641567	3265890
0.0666667	0.488889	0.144179	733941
1	1	1	5090490
1	1	1	5090490
1	0.482143	0.833873	4244820
0.0454545	1	0.185956	946610
1	1	1	5090490
1	1	1	5090490
1	1	1	5090490
1	1	1	5090490
1	0.442308	0.80312	4088270
1	1	1	5090490
1	0.442308	0.80312	4088270
1	1	1	5090490
1	1	1	5090490
1	0.404762	0.770851	3924010
1	0.265038	0.616977	3140710
1	0.252621	0.600193	3055280
0.106785	1	0.345657	1759560
1	0.425	0.788658	4014660
1	0.478873	0.831477	4232630
1	1	1	5090490
1	0.484848	0.835839	4254830
1	0.492063	0.841009	4281150
0.0333333	1	0.146707	746809
0.05	1	0.199787	1017010
0.0327869	1	0.144843	737325
0.0733753	1	0.265044	1349200
1	1	1	5090490
1	0.489362	0.839086	4271360
1	0.471698	0.82614	4205460
1	0.425532	0.789113	4016970
1	0.475	0.828609	4218030
1	0.486486	0.837022	4260860
1	0.464286	0.820511	4176810
1	0.464286	0.820511	4176810
1	0.444444	0.804858	4097120
1	1	1	5090490
1	1	1	5090490
1	1	1	5090490
1	1	1	5090490
1	0.499274	0.84607	4306910
1	1	1	5090490
0.161905	1	0.456692	2324790
0.0776471	1	0.27608	1405390
1	0.45	0.809328	4119880
1	1	1	5090490
1	1	1	5090490
1	1	1	5090490
1	1	1	5090490
1	1	1	5090490
1	1	1	5090490
0.0408163	1	0.171374	872380
1	1	1	5090490
1	0.489796	0.839396	4272940
1	0.466667	0.822332	4186070
1	0.489362	0.839086	4271360
1	0.495017	0.843094	4291760
1	1	1	5090490
1	0.423729	0.787568	4009110
1	0.435897	0.797844	4061420
1	0.458333	0.815906	4153360
1	1	1	5090490
1	1	1	5090490
0.0289855	1	0.131622	670021
1	0.473684	0.827628	4213030
1	1	1	5090490
1	0.491228	0.840416	4278130
1	0.458333	0.815906	4153360
1	0.465517	0.821455	4181610
1	1	1	5090490
1	1	1	5090490
1	0.491803	0.840824	4280210
1	1	1	5090490
1	1	1	5090490
1	1	1	5090490
1	0.444444	0.804858	4097120
1	1	1	5090490
0.0545455	1	0.213203	1085310
1	1	1	5090490
1	0.465517	0.821455	4181610
1	1	1	5090490
0.133192	1	0.401703	2044870
1	1	1	5090490
1	1	1	5090490
1	1	1	5090490
1	1	1	5090490
0.0416667	1	0.174086	886181
1	1	1	5090490
1	0.456522	0.814489	4146150
1	1	1	5090490
1	0.432432	0.794953	4046700
1	1	1	5090490
1	1	1	5090490
0.267532	1	0.620278	3157520
1	0.45098	0.81011	4123860
1	0.433962	0.796233	4053220
1	1	1	5090490
1	0.444444	0.804858	4097120
1	0.42	0.78435	3992730
1	1	1	5090490
1	0.605263	0.909161	4628080
1	1	1	5090490
1	0.473684	0.827628	4213030
1	1	1	5090490
0.11103	1	0.35507	1807480
1	1	1	5090490
0.104167	1	0.339767	1729580
1	0.470588	0.825304	4201200
0.179402	1	0.487637	2482310
1	0.492308	0.841182	4282030
1	0.191803	0.508525	2588640
1	0.441176	0.802196	4083570
1	0.472222	0.826533	4207460
1	0.425	0.788658	4014660
1	0.454545	0.812935	4138240
0.0512821	1	0.203611	1036480
1	0.480769	0.832869	4239710
1	1	1	5090490
0.203515	1	0.527514	2685310
0.0444444	1	0.182823	930658
1	0.403846	0.770022	3919790
1	1	1	5090490
1	1	1	5090490
0.0408163	1	0.171374	872380
1	0.361702	0.729529	3713660
1	0.242704	0.586351	2984810
1	1	1	5090490
1	0.447368	0.807219	4109140
0.104167	0.458333	0.192974	982331
1	0.454545	0.812935	4138240
1	1	1	5090490
1	0.454545	0.812935	4138240
1	0.211424	0.539953	2748630
1	1	1	5090490
1	0.489362	0.839086	4271360
1	0.458333	0.815906	4153360
1	1	1	5090490
1	1	1	5090490
0.131579	1	0.398441	2028260
1	0.481481	0.83339	4242370
0.12069	1	0.375892	1913470
1	1	1	5090490
1	1	1	5090490
1	1	1	5090490
0.0178571	1	0.0897384	456813
1	0.433333	0.795707	4050540
1	0.217707	0.549624	2797860
1	1	1	5090490
1	0.416667	0.781445	3977940
1	0.438596	0.800077	4072780
1	1	1	5090490
1	1	1	5090490
1	1	1	5090490
1	1	1	5090490
1	1	1	5090490
1	0.491803	0.840824	4280210
1	1	1	5090490
1	1	1	5090490
1	0.746988	0.964889	4911760
1	1	1	5090490
1	0.444444	0.804858	4097120
1	1	1	5090490
1	1	1	5090490
1	0.659881	0.934191	4755490
1	1	1	5090490
1	0.489796	0.839396	4272940
1	1	1	5090490
1	1	1	5090490
1	1	1	5090490
0.244584	1	0.589007	2998330
1	1	1	5090490
0.0652174	0.434783	0.129384	658627
0.0833333	1	0.290409	1478320
1	0.444444	0.804858	4097120
1	0.484848	0.835839	4254830
1	0.458333	0.815906	4153360
1	1	1	5090490
1	1	1	5090490
1	1	1	5090490
1	0.380186	0.747862	3806980
0.0769231	0.461538	0.154017	784021
0.0769231	0.461538	0.154017	784021
1	0.413793	0.77892	3965080
1	0.491228	0.840416	4278130
1	1	1	5090490
1	0.489796	0.839396	4272940
1	1	1	5090490
1	1	1	5090490
1	0.416667	0.781445	3977940
1	1	1	5090490
0.0859903	1	0.296969	1511720
1	0.474576	0.828294	4216420
1	1	1	5090490
1	0.480769	0.832869	4239710
0.146853	1	0.428565	2181610
0.116279	0.44186	0.203899	1037950
0.137255	0.431373	0.226571	1153360
0.0761689	1	0.272289	1386080
1	1	1	5090490
1	0.428571	0.791699	4030140
1	0.477273	0.830296	4226610
1	1	1	5090490
1	0.47619	0.829494	4222530
1	1	1	5090490
1	1	1	5090490
1	1	1	5090490
1	1	1	5090490
1	1	1	5090490
1	1	1	5090490
1	1	1	5090490
1	1	1	5090490
1	1	1	5090490
1	0.466667	0.822332	4186070
1	0.4375	0.799172	4068180
1	0.490196	0.839681	4274390
1	1	1	5090490
1	0.40625	0.772195	3930850
1	1	1	5090490
0.0869565	1	0.299335	1523760
1	1	1	5090490
1	0.482143	0.833873	4244820
1	1	1	5090490
1	1	1	5090490
1	1	1	5090490
0.0689655	1	0.25339	1289880
1	0.186585	0.499837	2544420
1	0.478261	0.831026	4230330
0.341085	1	0.707964	3603890
1	1	1	5090490
1	1	1	5090490
0.0363636	1	0.156879	798594
1	1	1	5090490
1	1	1	5090490
1	0.490566	0.839945	4275730
0.119898	1	0.374215	1904940
1	1	1	5090490
0.292339	1	0.651869	3318330
1	0.416667	0.781445	3977940
1	1	1	5090490
1	0.425	0.788658	4014660
1	0.460317	0.81745	4161220
1	0.431818	0.794438	4044080
1	1	1	5090490
0.127536	0.223188	0.129773	660607
1	0.462963	0.819495	4171630
1	1	1	5090490
1	1	1	5090490
1	1	1	5090490
1	0.453333	0.811978	4133370
1	1	1	5090490
0.0344828	1	0.150596	766610
1	1	1	5090490
1	1	1	5090490
1	0.471698	0.82614	4205460
1	1	1	5090490
1	1	1	5090490
0.0857143	1	0.296292	1508270
1	0.492063	0.841009	4281150
1	0.483871	0.835131	4251230
1	0.493213	0.841823	4285290
1	1	1	5090490
1	0.490248	0.839718	4274580
1	0.0210526	0.102331	520916
0.171429	0.0210526	0.0239073	121700
0.0631579	0.0210526	0.0101356	51595.4
0.428571	0.0210526	0.051501	262165
0.428571	0.0210526	0.051501	262165
0.0210526	0.0210526	0.00386547	19677.1
1	0.446809	0.806769	4106850
1	1	1	5090490
1	1	1	5090490
1	0.440678	0.801788	4081490
0.0681818	1	0.251289	1279190
1	1	1	5090490
1	1	1	5090490
1	0.488889	0.838748	4269640
1	1	1	5090490
1	0.464286	0.820511	4176810
0.101215	1	0.333048	1695380
1	0.0506202	0.201641	1026450
1	0.4	0.766516	3901940
1	0.461538	0.818395	4166030
0.0444444	0.444444	0.097273	495167
0.016129	1	0.0826957	420962
1	1	1	5090490
1	0.396552	0.763342	3885780
1	1	1	5090490
1	0.423077	0.787008	4006260
1	0.444444	0.804858	4097120
1	0.154545	0.443123	2255710
0.156863	1	0.447433	2277650
0.129032	0.419355	0.211935	1078860
0.419355	0.419355	0.481514	2451140
1	1	1	5090490
1	1	1	5090490
1	0.423077	0.787008	4006260
1	0.518272	0.858909	4372270
0.047619	0.47619	0.108537	552504
0.047619	0.47619	0.108537	552504
1	0.47619	0.829494	4222530
0.199468	1	0.521031	2652300
0.137255	0.490196	0.248866	1266850
1	0.410256	0.775784	3949120
1	1	1	5090490
1	1	1	5090490
1	0.483871	0.835131	4251230
1	1	1	5090490
1	1	1	5090490
1	1	1	5090490
1	1	1	5090490
1	1	1	5090490
1	0.461538	0.818395	4166030
1	0.405405	0.771433	3926970
0.0672122	1	0.248678	1265890
0.06298	1	0.237116	1207040
0.167519	1	0.466819	2376340
0.0869183	1	0.299241	1523290
1	1	1	5090490
1	1	1	5090490
1	1	1	5090490
1	1	1	5090490
0.0625	1	0.235787	1200270
0.333333	1	0.699537	3560990
1	1	1	5090490
1	1	1	5090490
1	0.482759	0.834322	4247110
1	0.4	0.766516	3901940
1	0.488889	0.838748	4269640
1	0.488889	0.838748	4269640
1	1	1	5090490
1	0.457627	0.815355	4150550
1	0.46	0.817203	4159970
0.134301	1	0.403934	2056220
1	1	1	5090490
1	1	1	5090490
1	0.46875	0.823915	4194130
1	0.249412	0.595757	3032700
1	1	1	5090490
1	0.433333	0.795707	4050540
0.0350877	1	0.152628	776953
0.0566038	0.490566	0.127285	647941
1	0.227114	0.563766	2869840
1	0.482143	0.833873	4244820
1	1	1	5090490
1	1	1	5090490
1	1	1	5090490
1	0.486486	0.837022	4260860
1	1	1	5090490
0.0672122	1	0.248678	1265890
1	1	1	5090490
1	1	1	5090490
1	1	1	5090490
0.179487	0.435897	0.277588	1413060
1	1	1	5090490
1	1	1	5090490
1	0.482759	0.834322	4247110
1	1	1	5090490
1	1	1	5090490
1	0.456522	0.814489	4146150
1	1	1	5090490
1	1	1	5090490
1	1	1	5090490
1	0.471429	0.825937	4204430
1	1	1	5090490
0.0222222	1	0.106815	543739
1	0.490909	0.840189	4276980
1	1	1	5090490
1	1	1	5090490
1	0.237705	0.579222	2948520
0.0517241	1	0.204922	1043160
1	1	1	5090490
1	1	1	5090490
1	1	1	5090490
0.145455	0.490909	0.25987	1322870
0.178197	0.491265	0.300762	1531030
1	1	1	5090490
1	1	1	5090490
0.0181818	1	0.0910424	463451
1	1	1	5090490
1	1	1	5090490
1	0.490566	0.839945	4275730
1	0.431034	0.793779	4040720
1	1	1	5090490
1	1	1	5090490
1	1	1	5090490
0.136591	1	0.408512	2079530
1	1	1	5090490
0.324128	0.365895	0.371448	1890850
1	0.378305	0.746038	3797700
1	0.568465	0.889543	4528210
1	0.752371	0.96644	4919650
1	0.752371	0.96644	4919650
1	0.752371	0.96644	4919650
1	0.752371	0.96644	4919650
0.001638	0.752371	0.00948789	48298
0.0592334	0.346206	0.100217	510155
1	0.47619	0.829494	4222530
1	0.460317	0.81745	4161220
1	1	1	5090490
1	1	1	5090490
0.0096042	1	0.054221	276012
1	1	1	5090490
1	1	1	5090490
1	0.477273	0.830296	4226610
1	0.457143	0.814976	4148630
1	1	1	5090490
1	1	1	5090490
0.102041	1	0.334937	1704990
1	1	1	5090490
1	1	1	5090490
0.0491803	1	0.197324	1004480
1	1	1	5090490
1	1	1	5090490
0.137255	1	0.409832	2086240
0.117647	1	0.36942	1880530
0.111111	1	0.355247	1808380
1	1	1	5090490
1	0.486486	0.837022	4260860
1	1	1	5090490
1	0.471698	0.82614	4205460
1	1	1	5090490
1	1	1	5090490
1	1	1	5090490
1	1	1	5090490
1	1	1	5090490
1	1	1	5090490
1	0.482759	0.834322	4247110
1	0.49661	0.844212	4297460
1	1	1	5090490
1	1	1	5090490
1	1	1	5090490
1	1	1	5090490
1	0.408163	0.773913	3939600
1	1	1	5090490
1	0.462963	0.819495	4171630
1	1	1	5090490
1	1	1	5090490
1	1	1	5090490
1	1	1	5090490
1	1	1	5090490
1	1	1	5090490
1	1	1	5090490
1	0.444444	0.804858	4097120
1	0.468085	0.823411	4191570
1	1	1	5090490
1	0.42623	0.789708	4020000
1	1	1	5090490
1	0.489076	0.838881	4270320
1	1	1	5090490
1	1	1	5090490
0.025	1	0.117222	596717
1	1	1	5090490
1	1	1	5090490
1	0.465116	0.821148	4180050
1	0.465517	0.821455	4181610
1	0.4375	0.799172	4068180
1	0.410256	0.775784	3949120
1	0.487805	0.837971	4265680
1	0.435897	0.797844	4061420
1	0.482759	0.834322	4247110
1	0.465116	0.821148	4180050
1	0.488889	0.838748	4269640
1	0.196429	0.516108	2627240
1	1	1	5090490
1	1	1	5090490
1	1	1	5090490
1	1	1	5090490
1	1	1	5090490
1	0.49899	0.845872	4305910
1	1	1	5090490
1	1	1	5090490
1	1	1	5090490
1	1	1	5090490
0.10084	0.453782	0.186898	951403
1	0.454545	0.812935	4138240
1	0.428571	0.791699	4030140
1	0.443038	0.803715	4091300
1	0.44	0.801231	4078660
0.247671	0.705605	0.479597	2441380
0.566118	0.286421	0.457135	2327040
1	1	1	5090490
1	0.242525	0.586098	2983530
1	1	1	5090490
1	1	1	5090490
1	1	1	5090490
1	1	1	5090490
1	0.183599	0.4948	2518780
1	0.0417933	0.174488	888229
1	1	1	5090490
0.05	1	0.199787	1017010
1	1	1	5090490
0.0344828	1	0.150596	766610
1	1	1	5090490
0.0985915	1	0.327005	1664620
0.101215	1	0.333048	1695380
0.0526316	1	0.207602	1056800
1	0.414634	0.779661	3968860
0.0588235	1	0.225483	1147820
0.117647	1	0.36942	1880530
0.117647	1	0.36942	1880530
1	1	1	5090490
1	1	1	5090490
1	0.409091	0.774744	3943830
1	0.491803	0.840824	4280210
1	1	1	5090490
0.0447761	1	0.183854	935909
1	0.413043	0.778258	3961710
1	1	1	5090490
1	1	1	5090490
0.0833333	1	0.290409	1478320
0.0277778	0.333333	0.0526123	267823
1	1	1	5090490
1	1	1	5090490
1	0.487805	0.837971	4265680
1	1	1	5090490
1	0.384615	0.75212	3828660
1	1	1	5090490
1	0.463415	0.819842	4173400
1	1	1	5090490
1	1	1	5090490
1	1	1	5090490
1	0.421053	0.785262	3997370
1	1	1	5090490
1	0.431373	0.794063	4042170
0.105263	1	0.342241	1742180
1	1.09988e-06	1.61906e-05	82.4181
1	0.488889	0.838748	4269640
0.108696	0.478261	0.205694	1047080
1	1	1	5090490
1	0.18018	0.488973	2489110
1	1	1	5090490
1	1	1	5090490
0.0285714	1	0.130153	662542
1	1	1	5090490
0.132075	0.45283	0.228263	1161970
1	1	1	5090490
1	1	1	5090490
0.12	1	0.374432	1906040
0.08	1	0.282058	1435820
1	0.479167	0.831693	4233720
1	0.452381	0.811223	4129530
1	0.478947	0.831531	4232900
1	0.047124	0.191087	972725
1	1	1	5090490
1	1	1	5090490
1	1	1	5090490
0.163265	1	0.459164	2337370
1	0.481481	0.83339	4242370
1	1	1	5090490
1	0.470588	0.825304	4201200
1	0.225064	0.560718	2854330
1	1	1	5090490
0.151515	1	0.437435	2226760
0.334038	1	0.700311	3564930
1	0.0980769	0.325812	1658540
1	0.489362	0.839086	4271360
1	0.433962	0.796233	4053220
1	0.416667	0.781445	3977940
1	1	1	5090490
1	1	1	5090490
1	0.491265	0.840442	4278260
1	0.446429	0.806462	4105290
0.047619	1	0.192596	980410
1	1	1	5090490
1	0.45283	0.81158	4131340
1	0.0720029	0.261446	1330890
1	0.221987	0.556108	2830860
1	1	1	5090490
1	1	1	5090490
1	1	1	5090490
1	0.454545	0.812935	4138240
1	0.454545	0.812935	4138240
0.319102	0.417933	0.402048	2046620
1	0.572375	0.891738	4539380
0.169173	0.372168	0.237062	1206760
1	0.212121	0.541036	2754140
1	0.0517534	0.205009	1043600
1	0.418605	0.783137	3986550
1	1	1	5090490
1	0.477273	0.830296	4226610
0.0963415	1	0.321767	1637950
1	0.435484	0.797501	4059670
1	1	1	5090490
1	1	1	5090490
1	0.4375	0.799172	4068180
0.0952381	0.452381	0.178566	908988
1	1	1	5090490
1	1	1	5090490
1	0.0162322	0.0831212	423128
1	1	1	5090490
0.02	1	0.0982405	500092
1	1	1	5090490
1	0.235294	0.575746	2930830
1	1	1	5090490
1	0.492063	0.841009	4281150
1	0.4375	0.799172	4068180
1	1	1	5090490
1	1	1	5090490
1	0.492063	0.841009	4281150
1	0.198606	0.51964	2645220
1	0.489796	0.839396	4272940
0.135802	1	0.406939	2071520
1	0.425532	0.789113	4016970
1	1	1	5090490
1	0.479167	0.831693	4233720
1	1	1	5090490
1	1	1	5090490
1	0.470588	0.825304	4201200
1	0.111552	0.356216	1813310
1	0.619725	0.916251	4664170
1	1	1	5090490
1	1	1	5090490
1	0.490196	0.839681	4274390
1	0.491833	0.840846	4280320
0.131148	0.47541	0.235367	1198140
1	0.461538	0.818395	4166030
1	0.428571	0.791699	4030140
1	1	1	5090490
1	1	1	5090490
1	1	1	5090490
0.0508475	1	0.202318	1029900
0.0357143	1	0.154722	787609
1	1	1	5090490
1	1	1	5090490
1	1	1	5090490
1	1	1	5090490
1	0.508036	0.85208	4337500
1	0.425926	0.789449	4018680
1	1	1	5090490
1	0.452381	0.811223	4129530
1	1	1	5090490
0.219949	1	0.553031	2815200
1	1	1	5090490
1	0.459459	0.816783	4157830
1	1	1	5090490
1	1	1	5090490
1	1	1	5090490
1	1	1	5090490
1	0.473684	0.827628	4213030
0.0847458	0.474576	0.169457	862620
1	0.442623	0.803377	4089580
1	0.490196	0.839681	4274390
1	1	1	5090490
1	1	1	5090490
1	0.00836132	0.048363	246192
1	1	1	5090490
1	1	1	5090490
1	0.45283	0.81158	4131340
0.0175439	1	0.0884746	450379
0.125	1	0.38493	1959480
0.125	1	0.38493	1959480
0.417954	1	0.78257	3983670
0.0877193	1	0.301194	1533230
0.123209	0.643449	0.280234	1426530
0.0780435	1	0.277093	1410540
0.190378	0.490543	0.314812	1602550
1	0.454545	0.812935	4138240
1	0.467742	0.82315	4190240
1	1	1	5090490
1	1	1	5090490
1	1	1	5090490
0.0625	0.375	0.111408	567123
1	0.73159	0.960238	4888080
0.322682	0.733587	0.577798	2941270
1	1	1	5090490
0.123907	1	0.382653	1947890
0.605364	1	0.909211	4628330
0.0351666	1	0.152892	778297
0.549125	1	0.878286	4470910
0.0419331	1	0.174931	890487
1	1	1	5090490
0.530125	1	0.866565	4411240
0.50061	0.481437	0.583951	2972600
1	0.481437	0.833358	4242200
0.262224	0.716291	0.501921	2555020
0.288566	0.481437	0.413141	2103090
0.380592	0.482593	0.494922	2519400
1	0.49095	0.840218	4277120
1	1	1	5090490
1	1	1	5090490
1	0.478261	0.831026	4230330
1	1	1	5090490
1	0.490196	0.839681	4274390
1	1	1	5090490
1	0.492063	0.841009	4281150
1	0.1079	0.348145	1772230
1	1	1	5090490
1	1	1	5090490
0.15361	1	0.441373	2246810
1	0.442623	0.803377	4089580
1	0.492063	0.841009	4281150
0.0322581	1	0.143032	728102
1	0.481481	0.83339	4242370
1	0.46	0.817203	4159970
1	1	1	5090490
1	0.40625	0.772195	3930850
1	1	1	5090490
0.159091	1	0.451544	2298580
1	1	1	5090490
1	0.489796	0.839396	4272940
1	1	1	5090490
1	0.484375	0.835496	4253090
1	1	1	5090490
1	0.448276	0.807948	4112850
1	1	1	5090490
1	0.481481	0.83339	4242370
1	1	1	5090490
0.0824468	1	0.288201	1467090
1	1	1	5090490
1	1	1	5090490
1	0.465116	0.821148	4180050
1	1	1	5090490
1	0.476923	0.830037	4225300
1	0.44898	0.808513	4115730
1	1	1	5090490
1	1	1	5090490
1	1	1	5090490
1	1	1	5090490
0.0363636	1	0.156879	798594
1	0.438596	0.800077	4072780
0.12963	0.462963	0.228843	1164920
1	1	1	5090490
1	1	1	5090490
0.0592492	0.492537	0.132319	673567
1	1	1	5090490
1	0.454545	0.812935	4138240
1	0.525082	0.86334	4394830
0.592857	0.525082	0.674585	3433970
0.0208333	1	0.101483	516600
1	1	1	5090490
1	0.478261	0.831026	4230330
1	0.0752137	0.269823	1373530
1	0.464286	0.820511	4176810
1	1	1	5090490
1	0.444444	0.804858	4097120
0.111111	0.444444	0.197934	1007580
1	0.199598	0.52124	2653370
0.0645161	0.467742	0.135817	691373
1	0.457143	0.814976	4148630
1	0.461538	0.818395	4166030
1	1	1	5090490
1	1	1	5090490
1	1	1	5090490
1	0.492063	0.841009	4281150
1	0.493671	0.842146	4286940
0.0588235	0.485294	0.130065	662094
0.103448	0.465517	0.194231	988731
1	1	1	5090490
1	1	1	5090490
1	1	1	5090490
1	1	1	5090490
0.0892857	0.428571	0.163133	830428
1	0.448276	0.807948	4112850
1	1	1	5090490
1	0.490196	0.839681	4274390
1	1	1	5090490
1	0.38	0.747682	3806070
1	0.409091	0.774744	3943830
1	0.451613	0.810613	4126420
0.154906	1	0.443796	2259140
1	0.481481	0.83339	4242370
1	0.493506	0.84203	4286350
1	0.489796	0.839396	4272940
1	0.479167	0.831693	4233720
0.0512821	0.358974	0.0919512	468077
1	0.431034	0.793779	4040720
1	1	1	5090490
1	0.451613	0.810613	4126420
1	0.491803	0.840824	4280210
1	0.42	0.78435	3992730
1	1	1	5090490
1	0.494898	0.843011	4291340
0.0859903	1	0.296969	1511720
0.0208333	0.416667	0.0498843	253936
1	1	1	5090490
1	1	1	5090490
1	1	1	5090490
1	0.436364	0.798231	4063390
1	1	1	5090490
1	1	1	5090490
1	0.474576	0.828294	4216420
1	0.381818	0.749437	3815000
1	1	1	5090490
1	0.396226	0.763041	3884250
0.0408163	1	0.171374	872380
1	0.488889	0.838748	4269640
0.130303	1	0.395847	2015050
0.238095	1	0.579782	2951380
1	0.480769	0.832869	4239710
1	1	1	5090490
1	0.444444	0.804858	4097120
0.200672	0.249412	0.199936	1017770
1	0.249412	0.595757	3032700
1	0.491525	0.840627	4279210
1	1	1	5090490
1	1	1	5090490
0.130435	1	0.396115	2016420
1	0.45283	0.81158	4131340
1	0.456522	0.814489	4146150
1	0.460317	0.81745	4161220
0.286482	1	0.644608	3281370
0.106383	1	0.344756	1754980
0.208333	1	0.535128	2724070
1	1	1	5090490
1	0.491525	0.840627	4279210
0.135135	0.432432	0.224386	1142240
0.0666667	1	0.247203	1258390
1	1	1	5090490
1	0.414634	0.779661	3968860
0.0444444	0.488889	0.104929	534142
1	1	1	5090490
0.037037	0.481481	0.0896398	456311
0.0634921	0.47619	0.136017	692396
0.0333333	0.466667	0.0803186	408861
1	0.395833	0.762677	3882400
1	0.47619	0.829494	4222530
1	1	1	5090490
1	1	1	5090490
0.0350877	0.473684	0.0847167	431249
1	0.487179	0.837521	4263390
1	0.490196	0.839681	4274390
1	1	1	5090490
1	0.442623	0.803377	4089580
1	1	1	5090490
0.0645161	1	0.241345	1228560
1	0.418182	0.782769	3984680
0.0833333	1	0.290409	1478320
1	0.238462	0.580307	2954050
1	1	1	5090490
1	1	1	5090490
1	1	1	5090490
1	1	1	5090490
1	0.45	0.809328	4119880
1	0.45	0.809328	4119880
1	0.462687	0.819282	4170550
0.0733753	1	0.265044	1349200
1	1	1	5090490
1	0.492958	0.841642	4284370
1	1	1	5090490
1	0.488889	0.838748	4269640
1	1	1	5090490
1	1	1	5090490
1	1	1	5090490
0.1	1	0.330259	1681180
1	1	1	5090490
1	0.45098	0.81011	4123860
1	0.451613	0.810613	4126420
0.362963	1	0.730809	3720180
1	1	1	5090490
1	0.481481	0.83339	4242370
1	0.490196	0.839681	4274390
0.125859	1	0.386714	1968570
1	0.45	0.809328	4119880
1	0.466667	0.822332	4186070
1	0.481481	0.83339	4242370
1	0.458333	0.815906	4153360
1	1	1	5090490
1	0.434783	0.796917	4056700
1	1	1	5090490
0.0612245	1	0.232237	1182200
1	1	1	5090490
1	1	1	5090490
1	0.482143	0.833873	4244820
1	1	1	5090490
1	0.415094	0.780066	3970920
1	1	1	5090490
1	0.440678	0.801788	4081490
1	0.44186	0.802755	4086420
1	0.488372	0.838377	4267750
0.112903	1	0.35917	1828350
1	1	1	5090490
1	1	1	5090490
0.101633	1	0.334006	1700260
1	0.45	0.809328	4119880
1	0.490909	0.840189	4276980
1	0.491525	0.840627	4279210
0.0862069	0.344828	0.134236	683330
1	1	1	5090490
1	1	1	5090490
1	1	1	5090490
1	1	1	5090490
1	0.490909	0.840189	4276980
0.109091	0.472727	0.204466	1040830
0.0816327	1	0.286165	1456720
0.0869565	0.478261	0.173835	884906
1	1	1	5090490
1	0.489362	0.839086	4271360
1	1	1	5090490
1	1	1	5090490
1	1	1	5090490
1	0.498258	0.845363	4303310
1	1	1	5090490
1	1	1	5090490
1	0.434783	0.796917	4056700
1	1	1	5090490
1	1	1	5090490
1	1	1	5090490
1	0.416667	0.781445	3977940
0.14	1	0.415256	2113860
1	0.416667	0.781445	3977940
1	0.382979	0.750552	3820680
1	1	1	5090490
1	1	1	5090490
1	1	1	5090490
1	0.416667	0.781445	3977940
1	1	1	5090490
1	1	1	5090490
0.0208333	1	0.101483	516600
1	1	1	5090490
1	1	1	5090490
1	0.605838	0.909449	4629540
0.08	1	0.282058	1435820
1	0.58042	0.89617	4561950
0.315018	0.604396	0.506196	2576780
0.477687	0.460088	0.552772	2813880
0.454398	0.223098	0.333415	1697250
0.304646	0.517653	0.448983	2285540
0.0978025	0.509788	0.199363	1014850
0.043927	0.520397	0.109232	556042
0.047619	1	0.192596	980410
0.271429	1	0.625387	3183530
0.3118	0.738473	0.568401	2893440
0.36155	0.73604	0.618405	3147990
1	1	1	5090490
0.151515	1	0.437435	2226760
1	1	1	5090490
0.0642415	0.0990712	0.0385498	196237
0.097561	0.609944	0.227415	1157650
0.234043	1	0.573931	2921590
0.156028	0.747108	0.36711	1868770
0.201489	1	0.524279	2668840
0.157895	0.473684	0.268732	1367980
0.148148	1	0.431043	2194220
0.0408163	0.44898	0.0916184	466383
1	1	1	5090490
1	1	1	5090490
1	1	1	5090490
1	0.48	0.832305	4236840
1	1	1	5090490
1	1	1	5090490
1	0.465517	0.821455	4181610
1	0.465517	0.821455	4181610
1	1	1	5090490
0.169173	1	0.469765	2391340
1	1	1	5090490
1	1	1	5090490
0.0392157	0.45098	0.0890467	453291
1	1	1	5090490
1	0.454545	0.812935	4138240
1	1	1	5090490
1	1	1	5090490
1	0.454545	0.812935	4138240
1	1	1	5090490
1	1	1	5090490
1	1	1	5090490
1	1	1	5090490
1	1	1	5090490
0.0625	1	0.235787	1200270
1	1	1	5090490
1	1	1	5090490
0.170213	0.468085	0.281234	1431620
0.125	1	0.38493	1959480
1	0.488889	0.838748	4269640
0.134615	0.480769	0.2419	1231390
0.0307692	1	0.137884	701899
1	0.472727	0.826912	4209390
1	1	1	5090490
0.0980392	1	0.325724	1658100
1	1	1	5090490
1	1	1	5090490
1	1	1	5090490
1	0.489489	0.839177	4271820
0.139535	1	0.414341	2109200
1	0.234099	0.574014	2922010
1	1	1	5090490
1	0.46	0.817203	4159970
1	1	1	5090490
0.142857	1	0.420844	2142300
1	0.444444	0.804858	4097120
1	1	1	5090490
1	1	1	5090490
1	1	1	5090490
0.125	0.475	0.227043	1155760
1	1	1	5090490
1	1	1	5090490
1	1	1	5090490
1	1	1	5090490
1	1	1	5090490
1	1	1	5090490
1	1	1	5090490
1	1	1	5090490
1	0.491803	0.840824	4280210
1	1	1	5090490
1	1	1	5090490
0.0348837	1	0.151944	773471
1	1	1	5090490
1	0.459459	0.816783	4157830
0.163934	0.47541	0.276818	1409140
1	1	1	5090490
0.112903	1	0.35917	1828350
1	0.478261	0.831026	4230330
1	0.444444	0.804858	4097120
1	1	1	5090490
0.0416667	0.416667	0.0877348	446613
1	1	1	5090490
1	0.478261	0.831026	4230330
1	1	1	5090490
1	1	1	5090490
0.0425532	0.404255	0.0870905	443333
1	0.466667	0.822332	4186070
1	1	1	5090490
1	1	1	5090490
1	1	1	5090490
0.0392157	1	0.166223	846155
1	0.484848	0.835839	4254830
1	1	1	5090490
0.130303	1	0.395847	2015050
1	0.478261	0.831026	4230330
1	1	1	5090490
1	0.492308	0.841182	4282030
1	0.43662	0.798443	4064470
1	1	1	5090490
1	0.104822	0.341247	1737110
1	0.478261	0.831026	4230330
1	0.413043	0.778258	3961710
1	1	1	5090490
1	0.489796	0.839396	4272940
0.241379	1	0.584472	2975250
1	0.498258	0.845363	4303310
0.0384615	0.480769	0.0922793	469747
1	1	1	5090490
1	1	1	5090490
1	1	1	5090490
0.182796	1	0.493436	2511830
1	1	1	5090490
0.246377	1	0.591524	3011150
1	1	1	5090490
1	0.415094	0.780066	3970920
0.267857	1	0.620706	3159700
0.11103	1	0.35507	1807480
1	0.492754	0.841498	4283640
1	1	1	5090490
1	1	1	5090490
1	0.421053	0.785262	3997370
1	0.414634	0.779661	3968860
1	0.452381	0.811223	4129530
0.0980392	0.470588	0.188058	957308
1	1	1	5090490
1	1	1	5090490
0.0638298	1	0.23946	1218970
1	0.46875	0.823915	4194130
1	0.48	0.832305	4236840
1	0.0877371	0.301238	1533450
1	1	1	5090490
1	1	1	5090490
1	0.435897	0.797844	4061420
1	1	1	5090490
1	0.498208	0.845328	4303140
1	0.481481	0.83339	4242370
1	1	1	5090490
1	1	1	5090490
0.229167	1	0.566799	2885290
1	1	1	5090490
1	1	1	5090490
1	0.490909	0.840189	4276980
1	1	1	5090490
1	1	1	5090490
1	1	1	5090490
1	1	1	5090490
0.225015	1	0.560644	2853950
1	1	1	5090490
1	0.469388	0.824398	4196590
1	1	1	5090490
1	1	1	5090490
1	1	1	5090490
1	1	1	5090490
1	0.454545	0.812935	4138240
1	1	1	5090490
1	1	1	5090490
1	0.464286	0.820511	4176810
1	1	1	5090490
1	0.164706	0.461768	2350630
1	0.481481	0.83339	4242370
0.142857	1	0.420844	2142300
1	0.229379	0.567111	2886870
1	0.46875	0.823915	4194130
1	0.472222	0.826533	4207460
0.396945	0.775684	0.670605	3413710
0.0714286	0.47619	0.149013	758551
1	0.45283	0.81158	4131340
1	0.442308	0.80312	4088270
0.0232558	1	0.110726	563648
0.0909091	1	0.3089	1572450
1	1	1	5090490
1	1	1	5090490
1	0.46	0.817203	4159970
0.0384615	1	0.163773	833685
1	1	1	5090490
1	0.132434	0.400172	2037070
1	1	1	5090490
1	0.490196	0.839681	4274390
1	1	1	5090490
1	1	1	5090490
1	1	1	5090490
1	1	1	5090490
1	1	1	5090490
0.074746	1	0.268612	1367370
0.0857143	1	0.296292	1508270
1	0.432432	0.794953	4046700
1	1	1	5090490
1	0.500907	0.847202	4312670
1	1	1	5090490
0.228675	1	0.566075	2881600
1	0.4375	0.799172	4068180
0.05	1	0.199787	1017010
0.0212766	1	0.103195	525311
0.116667	1	0.367317	1869830
0.113122	1	0.359648	1830780
1	1	1	5090490
1	1	1	5090490
1	0.487805	0.837971	4265680
1	0.479167	0.831693	4233720
1	0.425532	0.789113	4016970
1	1	1	5090490
1	0.454545	0.812935	4138240
0.281567	1	0.638421	3249880
1	0.464789	0.820897	4178770
1	0.458333	0.815906	4153360
1	0.490566	0.839945	4275730
1	0.471698	0.82614	4205460
1	1	1	5090490
1	1	1	5090490
1	1	1	5090490
1	1	1	5090490
1	1	1	5090490
1	1	1	5090490
1	0.213691	0.543464	2766500
0.0298507	1	0.134673	685552
1	1	1	5090490
1	1	1	5090490
1	1	1	5090490
1	1	1	5090490
0.190476	1	0.506329	2577460
1	0.375	0.742811	3781270
1	1	1	5090490
1	0.492063	0.841009	4281150
1	1	1	5090490
0.0877193	0.491228	0.178586	909088
0.06	1	0.228805	1164730
0.0263158	1	0.122042	621252
1	1	1	5090490
1	1	1	5090490
0.207207	1	0.533359	2715060
1	0.466667	0.822332	4186070
1	0.469388	0.824398	4196590
1	1	1	5090490
1	1	1	5090490
1	0.409091	0.774744	3943830
1	1	1	5090490
0.1	0.46	0.187639	955176
1	0.471698	0.82614	4205460
1	1	1	5090490
1	1	1	5090490
0.0615385	0.461538	0.129551	659479
1	0.42623	0.789708	4020000
0.0727273	0.454545	0.145768	742033
1	0.470588	0.825304	4201200
