ks_quality_p_value	fisher_strand_p_value	bias_p_value	bias_e_value
0.166667	1	0.465293	2368570
1	1	1	5090490
1	0.478261	0.831026	4230330
1	0.499379	0.846143	4307280
1	1	1	5090490
1	1	1	5090490
1	1	1	5090490
0.101846	1	0.334491	1702720
0.114943	1	0.3636	1850900
1	1	1	5090490
1	1	1	5090490
1	0.482759	0.834322	4247110
0.212698	1	0.54193	2758690
1	1	1	5090490
0.109524	1	0.351748	1790570
0.212698	1	0.54193	2758690
1	1	1	5090490
0.0555556	1	0.216132	1100220
1	1	1	5090490
1	1	1	5090490
1	1	1	5090490
1	0.430556	0.793376	4038670
1	1	1	5090490
1	0.45	0.809328	4119880
0.125	0.40625	0.202121	1028890
1	1	1	5090490
1	0.490196	0.839681	4274390
1	0.46875	0.823915	4194130
0.0952381	0.488095	0.189131	962769
1	1	1	5090490
0.292632	1	0.652229	3320170
1	0.434211	0.79644	4054270
1	0.466667	0.822332	4186070
1	1	1	5090490
1	1	1	5090490
0.109589	0.410959	0.184663	940023
1	1	1	5090490
1	1	1	5090490
1	1	1	5090490
0.0625	1	0.235787	1200270
0.203704	0.481481	0.325818	1658570
1	1	1	5090490
0.299416	1	0.660488	3362210
1	0.485714	0.836465	4258020
1	0.492754	0.841498	4283640
1	1	1	5090490
1	1	1	5090490
0.0701754	1	0.256615	1306290
1	1	1	5090490
1	1	1	5090490
1	0.447368	0.807219	4109140
0.0881954	1	0.302351	1539120
1	1	1	5090490
1	1	1	5090490
1	1	1	5090490
1	0.416667	0.781445	3977940
1	1	1	5090490
1	1	1	5090490
1	0.444444	0.804858	4097120
1	1	1	5090490
0.0298507	0.462687	0.072956	371382
1	0.487179	0.837521	4263390
1	0.469697	0.824632	4197780
1	1	1	5090490
1	0.502304	0.848165	4317580
1	0.441176	0.802196	4083570
1	1	1	5090490
1	0.494118	0.842462	4288540
1	1	1	5090490
1	0.475	0.828609	4218030
1	0.458333	0.815906	4153360
1	1	1	5090490
1	0.430769	0.793556	4039590
1	0.270353	0.623982	3176380
1	1	1	5090490
1	1	1	5090490
1	0.487179	0.837521	4263390
1	0.230655	0.568987	2896420
0.0441176	1	0.181804	925473
1	1	1	5090490
1	0.489796	0.839396	4272940
1	1	1	5090490
1	1	1	5090490
1	1	1	5090490
1	0.45	0.809328	4119880
1	0.477273	0.830296	4226610
0.0645161	0.483871	0.139442	709826
1	1	1	5090490
1	1	1	5090490
1	1	1	5090490
1	1	1	5090490
1	0.453333	0.811978	4133370
1	1.40224e-07	2.35295e-06	11.9777
1	0.461538	0.818395	4166030
0.111111	0.428571	0.192596	980410
0.05	1	0.199787	1017010
0.0338983	0.474576	0.0825236	420085
1	1	1	5090490
0.0461538	1	0.188113	957586
1	1	1	5090490
1	0.4	0.766516	3901940
1	0.483333	0.83474	4249240
1	0.491833	0.840846	4280320
1	1	1	5090490
1	1	1	5090490
1	0.454545	0.812935	4138240
0.152174	1	0.438676	2233080
0.0877193	0.403509	0.153658	782194
1	0.457627	0.815355	4150550
0.0675676	1	0.249637	1270770
1	1	1	5090490
1	0.421053	0.785262	3997370
1	1	1	5090490
1	0.409836	0.775409	3947210
1	1	1	5090490
0.0632911	1	0.237975	1211410
0.111111	0.412698	0.187194	952908
1	1	1	5090490
1	1	1	5090490
0.15873	0.492063	0.27725	1411340
0.206115	0.648356	0.402596	2049410
0.199041	0.65027	0.394065	2005990
1	0.49209	0.841028	4281250
1	0.236842	0.57798	2942200
1	1	1	5090490
1	1	1	5090490
0.084619	1	0.293594	1494540
1	1	1	5090490
1	1	1	5090490
0.15493	1	0.44384	2259360
1	1	1	5090490
1	1	1	5090490
1	1	1	5090490
0.199224	1	0.520638	2650300
0.57774	0.793842	0.816141	4154560
0.00690337	1	0.0412528	209997
1	1	1	5090490
0.328355	0.839105	0.630697	3210560
0.236952	0.841609	0.520955	2651920
0.570273	0.687017	0.758906	3863200
1	0.567113	0.888777	4524310
1	1	1	5090490
1	0.333333	0.699537	3560990
1	0.416667	0.781445	3977940
1	0.377778	0.745525	3795090
1	1	1	5090490
1	1	1	5090490
1	0.490196	0.839681	4274390
1	1	1	5090490
1	1	1	5090490
1	1	1	5090490
1	1	1	5090490
1	1	1	5090490
1	0.477612	0.830546	4227890
0.305084	1	0.66727	3396730
1	1	1	5090490
1	0.470588	0.825304	4201200
1	1	1	5090490
1	0.464789	0.820897	4178770
1	1	1	5090490
1	0.47191	0.826299	4206270
1	1	1	5090490
1	0.462687	0.819282	4170550
1	1	1	5090490
1	1	1	5090490
1	1	1	5090490
1	0.239437	0.581703	2961160
0.21174	1	0.540444	2751130
1	1	1	5090490
1	1	1	5090490
1	0.1417	0.418589	2130820
1	0.0187517	0.0933174	475031
0.142857	0.357143	0.202833	1032520
1	1	1	5090490
1	0.223126	0.557819	2839570
1	1	1	5090490
1	0.454545	0.812935	4138240
1	1	1	5090490
1	1	1	5090490
1	0.48	0.832305	4236840
1	0.469136	0.824207	4195620
1	0.445946	0.806073	4103310
0.125	0.4375	0.213616	1087410
1	1	1	5090490
1	0.472727	0.826912	4209390
1	1	1	5090490
1	1	1	5090490
1	0.494838	0.842969	4291130
1	0.23913	0.581265	2958930
0.214701	1	0.545021	2774420
0.0695489	1	0.254947	1297810
0.0895522	1	0.305636	1555840
1	0.447368	0.807219	4109140
1	0.44	0.801231	4078660
1	1	1	5090490
0.0192308	1	0.0952162	484697
1	0.481481	0.83339	4242370
1	1	1	5090490
1	1	1	5090490
1	1	1	5090490
1	0.199894	0.521717	2655800
0.0941176	1	0.316537	1611330
1	1	1	5090490
1	1	1	5090490
1	0.465753	0.821635	4182530
1	1	1	5090490
1	0.422535	0.786542	4003880
1	1	1	5090490
0.117647	1	0.36942	1880530
1	1	1	5090490
1	1	1	5090490
1	0.472973	0.827096	4210320
1	1	1	5090490
1	1	1	5090490
0.113384	1	0.360219	1833690
1	1	1	5090490
1	1	1	5090490
1	1	1	5090490
1	1	1	5090490
1	1	1	5090490
1	0.433333	0.795707	4050540
1	0.465909	0.821754	4183130
1	1	1	5090490
1	1	1	5090490
1	1	1	5090490
1	0.488095	0.838179	4266740
1	1	1	5090490
1	1	1	5090490
0.150718	1	0.435928	2219090
1	1	1	5090490
1	0.486486	0.837022	4260860
1	0.413793	0.77892	3965080
1	1	1	5090490
1	0.462687	0.819282	4170550
1	0.480519	0.832686	4238780
1	0.213559	0.543261	2765460
1	1	1	5090490
1	1	1	5090490
1	1	1	5090490
1	0.492063	0.841009	4281150
0.107306	1	0.34682	1765490
1	0.4375	0.799172	4068180
1	0.5	0.846574	4309480
0.0571429	1	0.220697	1123460
1	0.473684	0.827628	4213030
1	0.490566	0.839945	4275730
1	0.481481	0.83339	4242370
1	1	1	5090490
1	1	1	5090490
1	1	1	5090490
1	1	1	5090490
1	1	1	5090490
1	1	1	5090490
0.1	0.485714	0.195486	995122
0.235294	0.485294	0.361963	1842570
1	0.492537	0.841345	4282860
1	0.458333	0.815906	4153360
1	0.418919	0.783411	3987950
1	1	1	5090490
1	0.494118	0.842462	4288540
0.1	1	0.330259	1681180
0.208081	1	0.534732	2722050
1	0.452055	0.810965	4128210
1	0.440476	0.801622	4080650
0.0379747	1	0.162184	825594
1	0.484375	0.835496	4253090
1	0.493349	0.841919	4285780
1	0.239161	0.581309	2959150
1	0.45	0.809328	4119880
1	1	1	5090490
1	1	1	5090490
1	1	1	5090490
1	1	1	5090490
1	1	1	5090490
1	1	1	5090490
0.0873016	1	0.300177	1528050
1	1	1	5090490
0.392857	1	0.759907	3868300
1	1	1	5090490
1	1	1	5090490
0.44	1	0.801231	4078660
1	1	1	5090490
0.565789	1	0.888025	4520490
1	1	1	5090490
1	0.710382	0.953299	4852760
0.335775	1	0.702211	3574600
0.0150454	0.768813	0.0631516	321473
0.167037	1	0.465956	2371940
1	1	1	5090490
1	0.459016	0.816438	4156070
0.19403	1	0.512189	2607290
1	0.493168	0.841791	4285130
1	0.472973	0.827096	4210320
1	1	1	5090490
1	1	1	5090490
1	1	1	5090490
1	1	1	5090490
1	0.464286	0.820511	4176810
0.0980392	0.45098	0.182104	926999
1	1	1	5090490
1	0.495557	0.843474	4293700
0.0559356	1	0.217229	1105800
1	1	1	5090490
1	0.492754	0.841498	4283640
1	1	1	5090490
1	1	1	5090490
1	1	1	5090490
1	1	1	5090490
1	1	1	5090490
1	1	1	5090490
0.0641026	1	0.24021	1222790
1	1	1	5090490
1	0.465753	0.821635	4182530
0.0384615	1	0.163773	833685
0.0761689	1	0.272289	1386080
0.402414	1	0.768721	3913170
0.0106383	1	0.0589712	300192
1	0.489796	0.839396	4272940
1	0.232298	0.571392	2908660
1	0.447761	0.807535	4110750
1	0.45614	0.81419	4144630
1	0.467532	0.822991	4189430
1	1	1	5090490
1	0.647166	0.928782	4727960
0.188235	0.647166	0.378276	1925610
1	1	1	5090490
1	1	1	5090490
1	0.419355	0.78379	3989880
0.0610577	1	0.231771	1179830
1	0.492754	0.841498	4283640
1	1	1	5090490
1	0.43038	0.793227	4037920
1	1	1	5090490
1	1	1	5090490
1	1	1	5090490
1	0.491833	0.840846	4280320
0.0813953	1	0.28557	1453690
1	0.460317	0.81745	4161220
0.0123996	0.854021	0.0587495	299064
1	1	1	5090490
0.206115	0.183035	0.16137	821452
0.0890169	0.192869	0.0869532	442635
1	0.492308	0.841182	4282030
1	0.493606	0.842101	4286710
1	1	1	5090490
1	0.484848	0.835839	4254830
1	1	1	5090490
1	1	1	5090490
1	1	1	5090490
1	0.492176	0.841089	4281560
1	0.452381	0.811223	4129530
1	0.466667	0.822332	4186070
1	0.490909	0.840189	4276980
1	1	1	5090490
1	1	1	5090490
1	1	1	5090490
1	1	1	5090490
1	1	1	5090490
1	1	1	5090490
0.0714286	1	0.259933	1323180
0.279904	1	0.636309	3239120
1	0.447761	0.807535	4110750
1	0.485294	0.836162	4256470
1	1	1	5090490
1	0.482143	0.833873	4244820
1	0.00788944	0.0460919	234631
0.0536838	0.493521	0.12269	624551
1	0.47619	0.829494	4222530
1	0.487179	0.837521	4263390
1	0.492308	0.841182	4282030
1	1	1	5090490
1	1	1	5090490
1	1	1	5090490
1	0.487179	0.837521	4263390
1	0.461538	0.818395	4166030
1	1	1	5090490
1	1	1	5090490
1	1	1	5090490
1	1	1	5090490
1	1	1	5090490
1	0.43662	0.798443	4064470
1	0.49648	0.844122	4296990
1	1	1	5090490
1	1	1	5090490
1	1	1	5090490
1	1	1	5090490
1	0.0752137	0.269823	1373530
1	0.474576	0.828294	4216420
1	0.493671	0.842146	4286940
1	1	1	5090490
1	1	1	5090490
1	1	1	5090490
1	1	1	5090490
0.123337	1	0.38146	1941820
0.025	1	0.117222	596717
1	0.492958	0.841642	4284370
0.157143	0.428571	0.249042	1267750
1	1	1	5090490
1	1	1	5090490
1	0.473684	0.827628	4213030
1	0.222764	0.557276	2836810
1	0.479167	0.831693	4233720
1	0.493506	0.84203	4286350
1	1	1	5090490
1	0.483871	0.835131	4251230
0.103448	1	0.33814	1721300
1	0.490196	0.839681	4274390
0.458758	0.787081	0.728896	3710440
1	0.787081	0.975527	4965910
1	1	1	5090490
1	0.204126	0.528487	2690260
1	0.483333	0.83474	4249240
1	0.43038	0.793227	4037920
0.0327869	1	0.144843	737325
1	0.467742	0.82315	4190240
1	0.492958	0.841642	4284370
1	1	1	5090490
1	0.479167	0.831693	4233720
0.300411	0.781298	0.574901	2926530
0.307692	1	0.670355	3412440
1	0.473684	0.827628	4213030
1	0.472973	0.827096	4210320
1	0.485294	0.836162	4256470
1	0.462687	0.819282	4170550
1	1	1	5090490
1	0.496503	0.844138	4297080
1	1	1	5090490
1	1	1	5090490
0.0675676	1	0.249637	1270770
1	1	1	5090490
1	0.47619	0.829494	4222530
1	1	1	5090490
1	1	1	5090490
1	1	1	5090490
1	0.478261	0.831026	4230330
1	1	1	5090490
1	1	1	5090490
1	0.469697	0.824632	4197780
1	0.424658	0.788365	4013160
0.0588235	1	0.225483	1147820
1	0.241379	0.584472	2975250
1	1	1	5090490
1	0.466667	0.822332	4186070
1	0.46875	0.823915	4194130
1	1	1	5090490
1	0.494523	0.842747	4290000
1	1	1	5090490
1	1	1	5090490
1	1	1	5090490
0.179104	0.447761	0.282553	1438330
0.0266667	0.453333	0.065467	333259
0.115013	1	0.363753	1851680
0.182796	1	0.493436	2511830
1	0.493671	0.842146	4286940
1	0.465517	0.821455	4181610
1	1	1	5090490
1	0.460526	0.817612	4162040
0.0277778	1	0.12732	648121
1	1	1	5090490
1	1	1	5090490
1	1	1	5090490
1	1	1	5090490
0.0612245	1	0.232237	1182200
1	1	1	5090490
1	1	1	5090490
1	1	1	5090490
1	1	1	5090490
1	0.24026	0.582878	2967140
1	1	1	5090490
1	0.455882	0.813987	4143590
1	0.149353	0.433338	2205910
1	0.461538	0.818395	4166030
1	0.428571	0.791699	4030140
0.0952381	1	0.319179	1624780
1	0.471429	0.825937	4204430
0.027027	1	0.124619	634374
1	0.428571	0.791699	4030140
1	1	1	5090490
1	1	1	5090490
0.135593	1	0.406521	2069390
1	1	1	5090490
1	0.478873	0.831477	4232630
1	1	1	5090490
1	0.492308	0.841182	4282030
1	0.220923	0.554504	2822700
1	0.467742	0.82315	4190240
1	1	1	5090490
1	1	1	5090490
1	1	1	5090490
1	0.37931	0.747014	3802670
1	1	1	5090490
0.0416667	1	0.174086	886181
1	0.230655	0.568987	2896420
0.056338	1	0.218388	1111700
1	0.466667	0.822332	4186070
1	1	1	5090490
1	1	1	5090490
1	0.484848	0.835839	4254830
1	0.465517	0.821455	4181610
1	1	1	5090490
0.1875	1	0.501371	2552220
1	0.196612	0.516406	2628760
1	1	1	5090490
1	1	1	5090490
1	0.425926	0.789449	4018680
1	0.48913	0.83892	4270520
1	0.486111	0.836752	4259480
1	0.488095	0.838179	4266740
1	1	1	5090490
1	1	1	5090490
1	1	1	5090490
1	1	1	5090490
1	1	1	5090490
1	0.485714	0.836465	4258020
0.120482	1	0.375452	1911240
1	0.440678	0.801788	4081490
0.0961538	1	0.321327	1635710
1	0.0696833	0.255305	1299630
1	1	1	5090490
1	0.181925	0.491954	2504290
1	0.465517	0.821455	4181610
1	0.110444	0.35378	1800910
1	0.481013	0.833047	4240620
1	1	1	5090490
1	1	1	5090490
1	1	1	5090490
1	1	1	5090490
1	1	1	5090490
1	0.457831	0.815514	4151370
1	1	1	5090490
1	1	1	5090490
1	1	1	5090490
0.0952381	0.492063	0.190289	968665
1	0.470588	0.825304	4201200
1	1	1	5090490
0.197183	1	0.517334	2633480
0.0612245	0.428571	0.121763	619831
0.258923	1	0.608786	3099020
0.132086	1	0.399469	2033490
0.0327869	1	0.144843	737325
1	1	1	5090490
0.0652174	1	0.243263	1238330
1	1	1	5090490
1	1	1	5090490
0.0526316	1	0.207602	1056800
1	1	1	5090490
1	0.483333	0.83474	4249240
1	0.445946	0.806073	4103310
1	1	1	5090490
1	1	1	5090490
1	0.107771	0.347857	1770760
1	0.492063	0.841009	4281150
1	1	1	5090490
1	1	1	5090490
1	0.424242	0.788009	4011350
1	0.47619	0.829494	4222530
0.0416667	1	0.174086	886181
1	0.486111	0.836752	4259480
1	0.459459	0.816783	4157830
1	1	1	5090490
1	1	1	5090490
1	1	1	5090490
0.06	0.46	0.126682	644875
0.115385	0.480769	0.215894	1099010
1	0.240526	0.583258	2969070
1	1	1	5090490
1	0.477273	0.830296	4226610
1	1	1	5090490
1	0.47561	0.829063	4220340
1	1	1	5090490
1	0.493976	0.842362	4288030
1	0.49441	0.842667	4289590
1	1	1	5090490
0.047619	1	0.192596	980410
1	1	1	5090490
0.0508475	0.474576	0.114001	580321
1	1	1	5090490
1	0.470588	0.825304	4201200
1	0.485294	0.836162	4256470
1	0.480519	0.832686	4238780
0.0641026	0.487179	0.139483	710037
1	0.500342	0.84681	4310680
0.173913	0.434783	0.270859	1378800
1	0.492537	0.841345	4282860
1	1	1	5090490
0.514036	0.500008	0.606211	3085910
0.217942	1	0.549983	2799680
1	1	1	5090490
0.101266	1	0.333165	1695970
1	1	1	5090490
1	0.496768	0.844323	4298020
1	1	1	5090490
1	0.474576	0.828294	4216420
1	0.490909	0.840189	4276980
1	1	1	5090490
1	1	1	5090490
1	0.472973	0.827096	4210320
0.158537	0.463415	0.265286	1350440
1	0.474359	0.828132	4215600
1	0.415385	0.780321	3972220
0.145455	0.490909	0.25987	1322870
1	0.480519	0.832686	4238780
1	1	1	5090490
1	1	1	5090490
0.140845	1	0.416915	2122300
1	1	1	5090490
1	0.238384	0.580196	2953480
1	0.219193	0.551884	2809360
0.0952381	0.47619	0.185638	944987
1	0.491525	0.840627	4279210
1	0.486486	0.837022	4260860
1	0.487179	0.837521	4263390
0.04	1	0.168755	859046
1	1	1	5090490
1	1	1	5090490
1	0.442308	0.80312	4088270
1	1	1	5090490
1	1	1	5090490
0.165217	1	0.46269	2355320
1	0.44898	0.808513	4115730
1	0.491525	0.840627	4279210
1	0.460317	0.81745	4161220
1	1	1	5090490
1	0.469697	0.824632	4197780
0.186047	1	0.498932	2539810
1	0.0162602	0.0832364	423714
0.209302	1	0.536646	2731790
0.325581	1	0.69093	3517170
1	1	1	5090490
1	1	1	5090490
1	1	1	5090490
1	0.457143	0.814976	4148630
1	0.467742	0.82315	4190240
1	0.4375	0.799172	4068180
0.0655738	0.47541	0.139292	709066
1	0.458333	0.815906	4153360
1	1	1	5090490
0.191837	1	0.50858	2588920
0.191837	1	0.50858	2588920
0.473698	1	0.827638	4213080
0.206688	0.773183	0.452861	2305280
1	1	1	5090490
0.152924	1	0.440087	2240260
0.419178	1	0.783636	3989090
0.0248739	1	0.116757	594349
0.231468	1	0.570179	2902490
1	0.507528	0.851735	4335750
0.238177	1	0.5799	2951980
1	0.46988	0.82477	4198480
1	0.494505	0.842735	4289930
0.141414	1	0.418029	2127970
1	1	1	5090490
1	1	1	5090490
1	1	1	5090490
1	0.479452	0.831903	4234790
1	0.235849	0.576548	2934910
1	0.457143	0.814976	4148630
1	1	1	5090490
1	1	1	5090490
0.556951	1	0.882922	4494510
1	1	1	5090490
1	0.444444	0.804858	4097120
1	1	1	5090490
1	0.467742	0.82315	4190240
1	0.467742	0.82315	4190240
1	1	1	5090490
1	1	1	5090490
1	1	1	5090490
1	1	1	5090490
0.243066	1	0.586863	2987420
1	0.493151	0.841779	4285070
1	0.484375	0.835496	4253090
1	0.247541	0.593153	3019440
1	0.0103819	0.0578031	294246
1	1	1	5090490
0.0933333	1	0.314681	1601880
1	1	1	5090490
1	0.474359	0.828132	4215600
1	1	1	5090490
1	1	1	5090490
1	1	1	5090490
1	0.470588	0.825304	4201200
1	0.485714	0.836465	4258020
1	1	1	5090490
1	1	1	5090490
1	0.492063	0.841009	4281150
1	1	1	5090490
0.152778	1	0.439812	2238860
0.257217	0.092727	0.112956	575003
1	0.462963	0.819495	4171630
1	1	1	5090490
0.116883	1	0.367782	1872190
1	0.491803	0.840824	4280210
1	0.459016	0.816438	4156070
0.0909091	1	0.3089	1572450
1	0.492308	0.841182	4282030
1	0.46875	0.823915	4194130
1	0.492754	0.841498	4283640
1	1	1	5090490
0.0869565	1	0.299335	1523760
0.0526316	0.45614	0.11354	577976
0.0277778	1	0.12732	648121
1	1	1	5090490
1	1	1	5090490
0.1875	0.46875	0.301611	1535350
1	0.472727	0.826912	4209390
1	1	1	5090490
1	0.0530405	0.208804	1062920
1	0.0518432	0.205275	1044950
0.471076	0.051933	0.11524	586630
0.532898	0.20966	0.3566	1815270
1	0.29843	0.659298	3356150
0.421304	0.518495	0.550747	2803570
1	0.472973	0.827096	4210320
1	0.438596	0.800077	4072780
1	0.475	0.828609	4218030
0.0327869	1	0.144843	737325
1	0.475	0.828609	4218030
1	0.481928	0.833716	4244020
1	1	1	5090490
1	0.4375	0.799172	4068180
1	0.484375	0.835496	4253090
1	1	1	5090490
1	0.000305051	0.00277445	14123.3
1	1	1	5090490
1	1	1	5090490
1	0.502105	0.848028	4316880
1	1	1	5090490
1	1	1	5090490
1	0.459016	0.816438	4156070
1	0.48	0.832305	4236840
0.137817	0.458667	0.237757	1210300
1	1	1	5090490
1	1	1	5090490
1	1	1	5090490
1	1	1	5090490
0.166364	1	0.464751	2365810
1	1	1	5090490
1	1	1	5090490
1	1	1	5090490
1	1	1	5090490
1	0.390625	0.757815	3857650
1	1	1	5090490
1	0.459016	0.816438	4156070
0.0875	0.4375	0.163185	830692
1	0.467742	0.82315	4190240
1	0.416667	0.781445	3977940
1	1	1	5090490
1	1	1	5090490
1	1	1	5090490
1	1	1	5090490
0.04	0.46	0.0919154	467895
1	1	1	5090490
1	0.354167	0.721787	3674250
1	1	1	5090490
0.0537634	0.462366	0.116699	594056
1	1	1	5090490
1	1	1	5090490
0.0645161	1	0.241345	1228560
0.0677966	0.457627	0.138776	706436
0.0444444	0.488889	0.104929	534142
1	1	1	5090490
0.0588235	1	0.225483	1147820
0.0555556	1	0.216132	1100220
0.0555556	1	0.216132	1100220
0.241443	1	0.584563	2975710
1	1	1	5090490
0.21135	0.594077	0.386089	1965380
1	1	1	5090490
1	0.468354	0.823615	4192610
1	0.450704	0.80989	4122740
1	1	1	5090490
1	0.482759	0.834322	4247110
1	1	1	5090490
1	1	1	5090490
1	1	1	5090490
1	1	1	5090490
1	0.491803	0.840824	4280210
1	0.45	0.809328	4119880
0.12234	1	0.379371	1931190
1	0.438596	0.800077	4072780
1	1	1	5090490
1	0.47541	0.828914	4219580
1	0.466667	0.822332	4186070
1	0.453333	0.811978	4133370
1	1	1	5090490
1	1	1	5090490
1	1	1	5090490
0.346456	1	0.7137	3633080
0.271048	1	0.62489	3180990
0.140845	0.492958	0.254632	1296200
0.084507	0.492958	0.174059	886047
1	1	1	5090490
1	1	1	5090490
1	0.44186	0.802755	4086420
1	1	1	5090490
1	1	1	5090490
1	0.447761	0.807535	4110750
1	1	1	5090490
1	0.492308	0.841182	4282030
1	0.492063	0.841009	4281150
0.107143	1	0.346456	1763630
1	1	1	5090490
1	1	1	5090490
1	1	1	5090490
0.0333333	0.466667	0.0803186	408861
1	0.490909	0.840189	4276980
1	1	1	5090490
1	0.467742	0.82315	4190240
1	0.496026	0.843803	4295370
1	1	1	5090490
0.0384615	1	0.163773	833685
1	0.433333	0.795707	4050540
1	0.231782	0.570638	2904830
1	0.4875	0.837752	4264570
1	1	1	5090490
1	0.460317	0.81745	4161220
1	1	1	5090490
1	0.492958	0.841642	4284370
1	1	1	5090490
1	0.479167	0.831693	4233720
1	0.491525	0.840627	4279210
1	1	1	5090490
1	0.180124	0.488877	2488620
0.03125	1	0.139554	710400
0.2	1	0.521888	2656660
1	0.4375	0.799172	4068180
1	1	1	5090490
0.0547945	1	0.213927	1088990
1	0.742587	0.963592	4905160
0.138805	0.742587	0.337291	1716980
0.537506	0.742587	0.765732	3897950
0.298285	0.742587	0.555378	2827150
1	1	1	5090490
1	0.492308	0.841182	4282030
1	0.45	0.809328	4119880
1	0.493827	0.842257	4287500
1	1	1	5090490
1	1	1	5090490
0.166667	0.481481	0.282682	1438990
1	1	1	5090490
1	1	1	5090490
0.135593	0.474576	0.240887	1226230
1	0.482759	0.834322	4247110
1	1	1	5090490
0.078125	0.421875	0.145431	740316
1	0.45679	0.814699	4147220
1	1	1	5090490
1	1	1	5090490
1	1	1	5090490
1	1	1	5090490
1	0.177866	0.484991	2468840
1	0.449275	0.808749	4116930
1	1	1	5090490
1	1	1	5090490
1	0.467532	0.822991	4189430
1	1	1	5090490
1	0.232258	0.571333	2908370
1	1	1	5090490
1	1	1	5090490
1	1	1	5090490
1	1	1	5090490
1	0.428571	0.791699	4030140
1	1	1	5090490
1	1	1	5090490
1	1	1	5090490
1	0.489362	0.839086	4271360
1	1	1	5090490
1	0.492754	0.841498	4283640
1	1	1	5090490
1	1	1	5090490
1	1	1	5090490
1	1	1	5090490
1	0.481928	0.833716	4244020
1	1	1	5090490
1	0.483333	0.83474	4249240
1	1	1	5090490
0.0999416	1	0.330124	1680490
1	1	1	5090490
0.0864198	1	0.298022	1517080
1	1	1	5090490
1	0.492308	0.841182	4282030
1	1	1	5090490
1	1	1	5090490
1	1	1	5090490
1	1	1	5090490
0.0909091	1	0.3089	1572450
1	1	1	5090490
1	1	1	5090490
1	0.433333	0.795707	4050540
1	1	1	5090490
1	1	1	5090490
1	1	1	5090490
0.0555556	1	0.216132	1100220
1	0.106171	0.34428	1752560
1	1	1	5090490
1	1	1	5090490
0.191304	1	0.507701	2584450
1	0.493976	0.842362	4288030
1	1	1	5090490
1	1	1	5090490
1	0.419355	0.78379	3989880
1	1	1	5090490
0.0967213	1	0.322655	1642470
1	0.478873	0.831477	4232630
1	0.430769	0.793556	4039590
1	0.466667	0.822332	4186070
0.0350877	1	0.152628	776953
1	0.492063	0.841009	4281150
0.0547945	1	0.213927	1088990
1	0.450704	0.80989	4122740
1	1	1	5090490
1	0.460317	0.81745	4161220
1	0.422222	0.786272	4002510
1	0.165854	0.463835	2361150
1	1	1	5090490
1	0.452055	0.810965	4128210
1	1	1	5090490
1	1	1	5090490
1	1	1	5090490
1	1	1	5090490
1	1	1	5090490
1	0.492537	0.841345	4282860
0.0735294	1	0.265446	1351250
1	1	1	5090490
1	0.446154	0.806241	4104160
0.107306	1	0.34682	1765490
1	1	1	5090490
0.0441176	1	0.181804	925473
1	0.489362	0.839086	4271360
0.0549451	1	0.214364	1091220
1	1	1	5090490
1	0.471429	0.825937	4204430
1	1	1	5090490
0.0138889	1	0.073287	373067
1	1	1	5090490
1	1	1	5090490
1	0.484375	0.835496	4253090
1	0.486842	0.837279	4262160
1	0.46988	0.82477	4198480
1	0.41791	0.782532	3983470
1	0.22435	0.559652	2848900
1	1	1	5090490
1	0.47561	0.829063	4220340
1	0.48	0.832305	4236840
1	1	1	5090490
1	0.494118	0.842462	4288540
1	1	1	5090490
0.106667	1	0.345392	1758210
1	1	1	5090490
1	1	1	5090490
1	1	1	5090490
1	1	1	5090490
1	0.492958	0.841642	4284370
0.0769231	1	0.274227	1395950
0.0769231	1	0.274227	1395950
1	0.396825	0.763595	3887070
1	1	1	5090490
1	0.482143	0.833873	4244820
1	1	1	5090490
0.074746	1	0.268612	1367370
1	1	1	5090490
0.0882353	1	0.302448	1539610
1	1	1	5090490
1	1	1	5090490
1	1	1	5090490
1	0.452381	0.811223	4129530
1	0.444444	0.804858	4097120
0.0289855	0.449275	0.0695541	354064
0.0588235	0.455882	0.123859	630502
0.0634921	1	0.23853	1214230
0.115385	0.487179	0.218028	1109870
1	1	1	5090490
1	0.459016	0.816438	4156070
1	1	1	5090490
1	0.447761	0.807535	4110750
1	1	1	5090490
1	1	1	5090490
1	0.470588	0.825304	4201200
0.0416667	0.444444	0.0923886	470303
0.074746	1	0.268612	1367370
1	0.493333	0.841908	4285720
1	1	1	5090490
0.0666667	1	0.247203	1258390
1	1	1	5090490
1	1	1	5090490
1	1	1	5090490
1	1	1	5090490
1	1	1	5090490
1	0.43662	0.798443	4064470
1	1	1	5090490
0.205128	1	0.530076	2698350
0.101633	1	0.334006	1700260
0.025641	0.461538	0.0643403	327523
1	1	1	5090490
1	1	1	5090490
1	1	1	5090490
1	0.45098	0.81011	4123860
1	0.484375	0.835496	4253090
1	1	1	5090490
0.057971	0.463768	0.124107	631763
1	1	1	5090490
0.047619	1	0.192596	980410
1	0.493151	0.841779	4285070
1	1	1	5090490
1	1	1	5090490
1	1	1	5090490
1	0.477612	0.830546	4227890
0.182796	1	0.493436	2511830
1	1	1	5090490
1	1	1	5090490
1	1	1	5090490
0.144731	1	0.424478	2160800
1	1	1	5090490
1	0.498208	0.845328	4303140
1	0.479452	0.831903	4234790
1	0.465753	0.821635	4182530
1	0.485294	0.836162	4256470
1	1	1	5090490
1	1	1	5090490
1	1	1	5090490
0.348485	1	0.715844	3644000
1	1	1	5090490
1	0.170188	0.471565	2400500
0.0217391	1	0.10497	534351
1	1	1	5090490
1	0.447368	0.807219	4109140
0.0641026	1	0.24021	1222790
0.118644	1	0.371549	1891370
0.152542	1	0.43937	2236610
0.0517241	1	0.204922	1043160
1	1	1	5090490
1	1	1	5090490
1	1	1	5090490
1	1	1	5090490
1	1	1	5090490
1	1	1	5090490
1	1	1	5090490
1	0.492063	0.841009	4281150
0.0659341	0.494505	0.144221	734153
1	0.474576	0.828294	4216420
1	1	1	5090490
1	0.468085	0.823411	4191570
1	0.458333	0.815906	4153360
1	1	1	5090490
1	1	1	5090490
1	1	1	5090490
1	0.487179	0.837521	4263390
1	0.48	0.832305	4236840
0.0185185	0.462963	0.0493749	251343
1	1	1	5090490
0.0322581	0.199894	0.0389726	198390
1	0.227922	0.564962	2875930
0.0625	1	0.235787	1200270
1	1	1	5090490
0.1	1	0.330259	1681180
1	1	1	5090490
1	1	1	5090490
1	1	1	5090490
1	0.405797	0.771786	3928770
0.0724638	0.405797	0.133106	677577
1	1	1	5090490
1	0.479452	0.831903	4234790
1	0.491525	0.840627	4279210
1	0.4	0.766516	3901940
0.28827	1	0.646837	3292720
1	1	1	5090490
0.529137	0.684146	0.729839	3715240
0.0416667	1	0.174086	886181
1	0.819363	0.982603	5001930
1	0.799638	0.978434	4980710
0.0744939	0.619525	0.188103	957539
0.50939	0.559305	0.642631	3271310
0.413436	0.557959	0.569025	2896620
0.0545455	0.454545	0.116459	592833
1	1	1	5090490
1	0.458333	0.815906	4153360
0.372975	1	0.740819	3771130
1	1	1	5090490
1	0.47561	0.829063	4220340
1	0.446154	0.806241	4104160
1	1	1	5090490
1	0.410714	0.776191	3951200
1	0.457143	0.814976	4148630
1	1	1	5090490
1	0.438356	0.799879	4071780
1	0.191803	0.508525	2588640
1	0.235849	0.576548	2934910
1	0.485714	0.836465	4258020
1	1	1	5090490
1	1	1	5090490
0.0897436	1	0.306097	1558190
1	1	1	5090490
1	0.422222	0.786272	4002510
1	1	1	5090490
1	0.457143	0.814976	4148630
0.0196078	1	0.0967025	492263
1	0.492063	0.841009	4281150
1	1	1	5090490
1	0.490385	0.839816	4275070
1	1	1	5090490
1	1	1	5090490
1	0.464789	0.820897	4178770
1	0.493333	0.841908	4285720
1	0.464286	0.820511	4176810
1	0.421875	0.785973	4000990
1	0.482143	0.833873	4244820
1	0.444444	0.804858	4097120
1	0.4875	0.837752	4264570
1	1	1	5090490
1	1	1	5090490
1	0.485714	0.836465	4258020
1	1	1	5090490
1	1	1	5090490
1	0.504377	0.849588	4324820
1	0.233333	0.5729	2916340
1	0.236364	0.577291	2938690
1	1	1	5090490
1	0.494737	0.842898	4290760
0.0519481	1	0.205585	1046530
1	0.474576	0.828294	4216420
1	0.375	0.742811	3781270
1	0.487179	0.837521	4263390
1	0.503106	0.848717	4320380
1	1	1	5090490
0.1	0.466667	0.189687	965601
1	0.472727	0.826912	4209390
1	0.494048	0.842412	4288290
1	1	1	5090490
1	0.459016	0.816438	4156070
1	1	1	5090490
0.0684932	1	0.252125	1283440
1	1	1	5090490
1	0.38806	0.755395	3845330
0.0212766	1	0.103195	525311
1	1	1	5090490
1	0.211039	0.539355	2745580
1	0.492958	0.841642	4284370
1	1	1	5090490
1	1	1	5090490
1	1	1	5090490
1	0.465517	0.821455	4181610
1	0.490909	0.840189	4276980
1	1	1	5090490
1	0.424658	0.788365	4013160
1	1	1	5090490
1	1	1	5090490
0.038961	0.467532	0.0911776	464139
0.0135135	1	0.0716766	364869
0.025	1	0.117222	596717
0.0526316	0.486842	0.119513	608382
0.0526316	0.486842	0.119513	608382
1	1	1	5090490
0.0862069	1	0.2975	1514420
1	1	1	5090490
1	1	1	5090490
1	1	1	5090490
1	1	1	5090490
1	0.493827	0.842257	4287500
1	0.433962	0.796233	4053220
1	1	1	5090490
1	1	1	5090490
1	1	1	5090490
1	1	1	5090490
1	0.431034	0.793779	4040720
1	0.493333	0.841908	4285720
1	1	1	5090490
1	0.489796	0.839396	4272940
1	1	1	5090490
1	1	1	5090490
1	0.493151	0.841779	4285070
1	0.491525	0.840627	4279210
1	1	1	5090490
0.0909091	1	0.3089	1572450
0.203134	1	0.526907	2682210
1	1	1	5090490
1	1	1	5090490
0.142857	0.428571	0.232237	1182200
0.161905	0.0952381	0.0797515	405975
0.161905	0.0952381	0.0797515	405975
1	1	1	5090490
1	1	1	5090490
1	1	1	5090490
0.057971	0.492754	0.130131	662433
1	0.476923	0.830037	4225300
1	1	1	5090490
1	1	1	5090490
1	1	1	5090490
1	1	1	5090490
0.243417	1	0.587361	2989950
1	0.491803	0.840824	4280210
1	0.419355	0.78379	3989880
1	1	1	5090490
1	1	1	5090490
1	1	1	5090490
1	0.470588	0.825304	4201200
1	0.447368	0.807219	4109140
1	1	1	5090490
1	1	1	5090490
1	1	1	5090490
1	0.492063	0.841009	4281150
1	1	1	5090490
1	1	1	5090490
0.27305	0.18617	0.202277	1029690
1	1	1	5090490
1	1	1	5090490
1	0.483871	0.835131	4251230
1	0.4375	0.799172	4068180
1	0.455696	0.813841	4142850
1	0.492958	0.841642	4284370
1	1	1	5090490
1	0.485294	0.836162	4256470
1	0.198606	0.51964	2645220
1	1	1	5090490
0.0704225	1	0.257271	1309630
1	1	1	5090490
1	0.466667	0.822332	4186070
1	1	1	5090490
0.0923077	1	0.312243	1589470
1	1	1	5090490
1	0.470588	0.825304	4201200
1	1	1	5090490
0.209677	0.75945	0.451817	2299970
0.225428	0.764248	0.475262	2419320
1	0.758791	0.968239	4928810
1	1	1	5090490
0.203125	0.756846	0.441606	2247990
0.185616	0.757687	0.416511	2120240
0.436255	0.756846	0.696056	3543270
0.120365	0.757687	0.309594	1575990
0.383607	0.547078	0.537522	2736250
0.0554885	0.547078	0.136445	694571
0.329435	0.753863	0.594279	3025170
0.329435	0.753863	0.594279	3025170
0.22807	0.753863	0.474648	2416190
0.267168	0.753863	0.524149	2668170
1	0.763268	0.969462	4935040
0.252941	0.761602	0.509906	2595670
1	0.761602	0.96901	4932740
0.488068	0.761602	0.739573	3764790
0.199109	1	0.520451	2649350
0.343564	1	0.710621	3617410
0.235256	1	0.57569	2930550
1	1	1	5090490
0.252941	0.761602	0.509906	2595670
1	0.428571	0.791699	4030140
0.20414	1	0.528509	2690370
0.511199	1	0.854211	4348360
1	1	1	5090490
0.125	1	0.38493	1959480
1	0.749326	0.965567	4915210
0.238559	1	0.580447	2954760
1	0.742269	0.963498	4904680
0.244361	0.742269	0.491027	2499570
0.0777328	0.746319	0.223183	1136110
0.211142	1	0.539516	2746400
0.501342	1	0.847502	4314200
0.133333	1	0.401987	2046310
0.317645	1	0.681927	3471340
0.344892	0.675188	0.572221	2912890
1	1	1	5090490
1	0.490196	0.839681	4274390
0.09375	1	0.315668	1606900
1	0.472727	0.826912	4209390
1	1	1	5090490
1	0.484375	0.835496	4253090
1	1	1	5090490
1	1	1	5090490
1	1	1	5090490
1	1	1	5090490
0.150685	0.479452	0.262086	1334150
0.0684932	0.479452	0.145022	738234
1	0.0680751	0.251003	1277730
1	0.425532	0.789113	4016970
1	1.05474e-06	1.55704e-05	79.2608
1	1	1	5090490
0.152542	1	0.43937	2236610
0.226142	1	0.562323	2862500
1	0.442623	0.803377	4089580
0.269231	0.307692	0.289182	1472080
0.252874	0.517241	0.396852	2020170
1	0.48	0.832305	4236840
0.0243902	0.45122	0.0606326	308650
1	1	1	5090490
0.0394737	1	0.167057	850404
1	1	1	5090490
1	0.473684	0.827628	4213030
0.25	1	0.596574	3036850
1	0.433735	0.796043	4052250
1	1	1	5090490
0.584723	0.744645	0.79744	4059360
0.568666	0.772333	0.800573	4075310
0.462524	1	0.819156	4169910
1	1	1	5090490
0.298146	1	0.658954	3354400
0.324987	1	0.690262	3513770
0.3934	1	0.760414	3870880
0.390826	1	0.758004	3858610
1	1	1	5090490
1	1	1	5090490
1	1	1	5090490
0.0449716	1	0.184461	938998
0.15124	1	0.436915	2224110
1	1	1	5090490
0.0382927	1	0.163223	830883
0.232798	0.797165	0.498144	2535800
0.0958565	0.395927	0.16211	825220
0.0411881	0.515419	0.103012	524381
0.00435255	0.842646	0.0242366	123376
1	0.699281	0.949415	4832990
1	0.56168	0.88567	4508500
0.35728	0.845248	0.663581	3377950
0.226956	0.84905	0.509998	2596140
0.117127	0.70256	0.287807	1465080
0.308564	0.687082	0.540861	2753250
0.194605	0.685916	0.402288	2047850
0.0536923	0.545941	0.132779	675911
0.0589123	0.545941	0.142704	726434
0.04676	0.540979	0.118313	602270
0.597861	0.680803	0.772892	3934400
0.332614	0.535673	0.48552	2471540
0.127056	0.54002	0.252445	1285070
0.0894327	0.53998	0.19464	990813
1	0.325523	0.690864	3516840
1	0.429054	0.792107	4032210
0.0170077	0.431208	0.0433817	220834
0.407197	0.56133	0.565922	2880820
0.0306882	0.570359	0.0883106	449544
1	0.708264	0.952571	4849060
1	0.454639	0.813009	4138610
1	0.474781	0.828446	4217200
0.108114	0.588847	0.238999	1216620
1	0.587014	0.89972	4580020
1	0.858331	0.989454	5036810
0.000895652	1	0.0071813	36556.4
0.513481	1	0.855738	4356130
0.614844	1	0.913896	4652180
0.128799	1	0.392774	1999410
0.0401724	1	0.16931	861869
0.566076	0.863604	0.838731	4269550
0.0999206	0.863771	0.297749	1515690
0.105147	1	0.34198	1740840
0.00193056	0.864574	0.0123438	62836.3
0.132005	0.864574	0.361836	1841920
0.191962	0.730294	0.415627	2115750
1	1	1	5090490
1	0.862906	0.990141	5040300
1	1	1	5090490
0.35697	0.856903	0.668224	3401590
0.566826	0.85351	0.835073	4250930
0.535609	1	0.870017	4428810
1	1	1	5090490
0.561774	1	0.885724	4508770
0.052089	1	0.206002	1048650
0.226888	1	0.563431	2868140
1	1	1	5090490
0.128492	1	0.392144	1996200
0.471439	1	0.825945	4204460
1	1	1	5090490
0.591811	1	0.902256	4592930
0.122876	0.844555	0.338881	1725070
0.202354	0.845345	0.473106	2408340
0.559224	0.848579	0.828271	4216300
1	0.847194	0.98768	5027780
1	0.847194	0.98768	5027780
0.0597074	0.846276	0.201369	1025060
0.09607	1	0.321131	1634720
0.0524815	1	0.20716	1054550
0.244505	1	0.588895	2997760
0.310845	0.813392	0.600493	3056810
0.0174645	0.790972	0.0729663	371434
1	1	1	5090490
1	0.492063	0.841009	4281150
1	0.493671	0.842146	4286940
1	1	1	5090490
1	0.4875	0.837752	4264570
1	0.454545	0.812935	4138240
1	0.466667	0.822332	4186070
1	0.455882	0.813987	4143590
1	0.463415	0.819842	4173400
1	0.483333	0.83474	4249240
1	1	1	5090490
1	0.438356	0.799879	4071780
1	0.457627	0.815355	4150550
1	1	1	5090490
1	1	1	5090490
1	0.494293	0.842585	4289170
1	0.478261	0.831026	4230330
1	1	1	5090490
1	0.474359	0.828132	4215600
1	1	1	5090490
1	0.451613	0.810613	4126420
1	1	1	5090490
1	0.480769	0.832869	4239710
1	0.491525	0.840627	4279210
1	0.460317	0.81745	4161220
1	1	1	5090490
1	1	1	5090490
1	1	1	5090490
1	0.483871	0.835131	4251230
1	1	1	5090490
1	1	1	5090490
1	0.477273	0.830296	4226610
1	0.478873	0.831477	4232630
1	1	1	5090490
1	0.230037	0.56808	2891810
1	1	1	5090490
1	1	1	5090490
1	0.238095	0.579782	2951380
1	1	1	5090490
1	0.450549	0.809767	4122110
1	0.493506	0.84203	4286350
1	0.467742	0.82315	4190240
1	0.0909006	0.308879	1572350
1	0.477273	0.830296	4226610
1	1	1	5090490
1	0.492958	0.841642	4284370
1	1	1	5090490
0.0447761	1	0.183854	935909
1	0.45	0.809328	4119880
0.0673981	1	0.24918	1268450
1	1	1	5090490
1	0.476744	0.829904	4224620
1	1	1	5090490
1	1	1	5090490
0.428571	0.177797	0.272366	1386480
1	0.181818	0.491772	2503360
1	0.453125	0.811813	4132530
1	0.484848	0.835839	4254830
1	0.492958	0.841642	4284370
1	1	1	5090490
1	1	1	5090490
0.108696	1	0.349913	1781230
1	0.207701	0.534135	2719010
1	0.416667	0.781445	3977940
1	0.457627	0.815355	4150550
0.0125	0.425	0.0331377	168687
1	0.425	0.788658	4014660
1	1	1	5090490
1	1	1	5090490
0.125	1	0.38493	1959480
1	1	1	5090490
1	1	1	5090490
0.0922619	1	0.312133	1588910
1	1	1	5090490
1	0.484211	0.835377	4252480
1	1	1	5090490
1	0.447761	0.807535	4110750
1	1	1	5090490
1	0.483333	0.83474	4249240
1	1	1	5090490
1	1	1	5090490
1	0.47619	0.829494	4222530
1	1	1	5090490
1	1	1	5090490
1	0.457627	0.815355	4150550
1	0.491803	0.840824	4280210
1	0.448276	0.807948	4112850
0.316468	1	0.680575	3464460
1	1	1	5090490
1	1	1	5090490
1	0.470588	0.825304	4201200
1	1	1	5090490
1	0.454545	0.812935	4138240
1	1	1	5090490
0.0447761	1	0.183854	935909
0.352891	1	0.720461	3667500
1	1	1	5090490
1	1	1	5090490
1	0.484211	0.835377	4252480
1	0.458824	0.816288	4155310
1	0.47619	0.829494	4222530
1	1	1	5090490
1	1	1	5090490
1	0.493671	0.842146	4286940
1	0.482353	0.834026	4245600
0.0625	1	0.235787	1200270
1	0.493506	0.84203	4286350
1	0.483333	0.83474	4249240
1	0.446809	0.806769	4106850
1	1	1	5090490
1	1	1	5090490
1	0.171867	0.47453	2415590
1	1	1	5090490
1	0.464789	0.820897	4178770
0.385093	0.56711	0.550665	2803150
0.313433	0.306625	0.321217	1635150
0.496675	0.807807	0.76763	3907610
0.409574	1	0.775176	3946020
1	0.235568	0.576141	2932840
1	0.434783	0.796917	4056700
1	0.254822	0.603212	3070640
0.0735294	1	0.265446	1351250
1	1	1	5090490
1	1	1	5090490
1	1	1	5090490
1	1	1	5090490
0.191304	1	0.507701	2584450
1	1	1	5090490
1	0.41791	0.782532	3983470
1	1	1	5090490
1	1	1	5090490
1	1	1	5090490
1	1	1	5090490
1	0.470588	0.825304	4201200
1	1	1	5090490
1	0.210312	0.538223	2739820
0.0857143	0.457143	0.166119	845627
0.105887	1	0.343643	1749310
1	1	1	5090490
1	0.453125	0.811813	4132530
0.0344828	0.448276	0.0799112	406787
1	1	1	5090490
1	1	1	5090490
0.0625	1	0.235787	1200270
1	0.481481	0.83339	4242370
1	1	1	5090490
1	1	1	5090490
1	0.00188095	0.0136858	69667.2
1	1	1	5090490
0.0547945	0.493151	0.124601	634281
0.100566	1	0.33156	1687810
1	1	1	5090490
0.0666667	0.477778	0.141634	720988
1	0.492754	0.841498	4283640
0.1	1	0.330259	1681180
0.0266667	1	0.123316	627738
0.0263158	1	0.122042	621252
1	0.492754	0.841498	4283640
1	1	1	5090490
1	1	1	5090490
1	1	1	5090490
1	1	1	5090490
1	1	1	5090490
1	1	1	5090490
1	0.493333	0.841908	4285720
0.184615	0.492308	0.308848	1572190
0.0327869	0.459016	0.0782043	398098
0.12069	1	0.375892	1913470
1	0.490566	0.839945	4275730
1	0.493151	0.841779	4285070
1	1	1	5090490
0.149782	0.398871	0.228084	1161060
1	1	1	5090490
0.115385	1	0.364556	1855770
1	0.438356	0.799879	4071780
1	1	1	5090490
1	1	1	5090490
0.121212	1	0.376996	1919090
1	0.415385	0.780321	3972220
1	0.466667	0.822332	4186070
1	0.532242	0.867904	4418060
1	0.475	0.828609	4218030
1	0.470588	0.825304	4201200
1	0.508682	0.852517	4339730
1	0.46988	0.82477	4198480
1	0.485714	0.836465	4258020
1	0.448718	0.808303	4114660
1	0.425	0.788658	4014660
1	1	1	5090490
1	0.441176	0.802196	4083570
1	0.441176	0.802196	4083570
1	0.45098	0.81011	4123860
1	0.439394	0.800733	4076130
0.179487	0.435897	0.277588	1413060
1	1	1	5090490
1	0.256216	0.605114	3080330
0.229371	1	0.5671	2886820
0.0769231	0.442308	0.149047	758725
1	0.449275	0.808749	4116930
1	1	1	5090490
1	0.444444	0.804858	4097120
1	1	1	5090490
1	1	1	5090490
1	1	1	5090490
1	0.44186	0.802755	4086420
1	0.47541	0.828914	4219580
1	1	1	5090490
1	0.454545	0.812935	4138240
1	0.463415	0.819842	4173400
1	0.458824	0.816288	4155310
0.057971	0.449275	0.121055	616230
0.0655738	0.42623	0.127935	651251
1	0.486842	0.837279	4262160
1	0.457143	0.814976	4148630
1	0.480392	0.832593	4238310
1	1	1	5090490
1	1	1	5090490
1	1	1	5090490
0.0606061	1	0.230507	1173390
0.0657895	1	0.244822	1246260
1	0.458824	0.816288	4155310
0.102564	1	0.33613	1711070
1	0.472973	0.827096	4210320
1	1	1	5090490
0.150685	1	0.435866	2218770
0.141414	1	0.418029	2127970
0.0508475	1	0.202318	1029900
1	1	1	5090490
0.0508475	1	0.202318	1029900
0.0689655	1	0.25339	1289880
1	1	1	5090490
1	0.454545	0.812935	4138240
1	1	1	5090490
1	1	1	5090490
1	1	1	5090490
1	0.484848	0.835839	4254830
1	0.45614	0.81419	4144630
1	1	1	5090490
1	0.46	0.817203	4159970
1	0.464286	0.820511	4176810
1	1	1	5090490
1	1	1	5090490
0.0877193	1	0.301194	1533230
1	1	1	5090490
1	1	1	5090490
1	0.425926	0.789449	4018680
0.0522807	1	0.206568	1051530
1	1	1	5090490
1	1	1	5090490
0.056338	1	0.218388	1111700
1	0.480519	0.832686	4238780
1	1	1	5090490
0.0149254	0.492537	0.0434674	221270
1	1	1	5090490
1	1	1	5090490
1	1	1	5090490
0.0689655	1	0.25339	1289880
1	0.46875	0.823915	4194130
1	1	1	5090490
1	0.412698	0.777952	3960160
1	0.493671	0.842146	4286940
1	1	1	5090490
1	0.482353	0.834026	4245600
1	1	1	5090490
1	0.422535	0.786542	4003880
0.169811	1	0.470898	2397100
1	1	1	5090490
1	1	1	5090490
0.056338	1	0.218388	1111700
0.221469	1	0.555327	2826890
1	1	1	5090490
1	1	1	5090490
1	0.246253	0.591351	3010270
1	1	1	5090490
1	0.291953	0.651395	3315920
1	0.488926	0.838774	4269770
1	0.487805	0.837971	4265680
1	0.468354	0.823615	4192610
1	1	1	5090490
1	1	1	5090490
1	0.109317	0.35129	1788240
1	1	1	5090490
1	0.492754	0.841498	4283640
0.123077	0.461538	0.219728	1118530
1	1	1	5090490
1	1	1	5090490
0.279804	1	0.63618	3238470
1	1	1	5090490
1	1	1	5090490
1	1	1	5090490
0.0701754	1	0.256615	1306290
1	1	1	5090490
1	0.47541	0.828914	4219580
1	1	1	5090490
1	1	1	5090490
0.0993665	0.0247004	0.017205	87581.8
1	0.000385253	0.00341396	17378.7
0.239674	0.00492489	0.00913833	46518.6
1	1	1	5090490
1	1	1	5090490
1	1	1	5090490
1	1	1	5090490
1	0.459016	0.816438	4156070
1	1	1	5090490
1	0.459016	0.816438	4156070
1	0.492537	0.841345	4282860
0.253521	0.492958	0.384879	1959220
0.196721	1	0.516584	2629660
1	1	1	5090490
1	0.434783	0.796917	4056700
1	0.46875	0.823915	4194130
1	1	1	5090490
0.245524	1	0.590329	3005060
1	1	1	5090490
0.482143	1	0.833873	4244820
1	0.4875	0.837752	4264570
1	1	1	5090490
0.162504	1	0.457782	2330330
1	0.483146	0.834604	4248540
1	0.404255	0.770393	3921680
1	1	1	5090490
1	1	1	5090490
1	0.453125	0.811813	4132530
1	0.470588	0.825304	4201200
0.12963	1	0.394473	2008060
0.160643	1	0.454389	2313060
1	1	1	5090490
1	1	1	5090490
1	1	1	5090490
0.0735294	1	0.265446	1351250
0.111111	0.444444	0.197934	1007580
1	1	1	5090490
1	0.414634	0.779661	3968860
1	1	1	5090490
1	0.48	0.832305	4236840
1	1	1	5090490
1	0.460674	0.817726	4162630
1	0.475	0.828609	4218030
1	0.471429	0.825937	4204430
1	1	1	5090490
1	0.431034	0.793779	4040720
1	1	1	5090490
1	0.475	0.828609	4218030
1	1	1	5090490
1	1	1	5090490
1	0.454545	0.812935	4138240
1	1	1	5090490
1	0.491803	0.840824	4280210
1	0.460526	0.817612	4162040
1	0.484375	0.835496	4253090
1	0.450549	0.809767	4122110
1	0.430556	0.793376	4038670
1	0.486486	0.837022	4260860
0.131148	0.47541	0.235367	1198140
0.0322581	1	0.143032	728102
1	1	1	5090490
0.0989011	0.472527	0.189892	966643
1	1	1	5090490
1	1	1	5090490
0.0804598	1	0.283218	1441720
1	0.469697	0.824632	4197780
1	0.467742	0.82315	4190240
1	1	1	5090490
1	0.457143	0.814976	4148630
0.102041	0.428571	0.180598	919334
1	0.42	0.78435	3992730
1	0.490909	0.840189	4276980
1	1	1	5090490
1	0.483333	0.83474	4249240
1	1	1	5090490
1	0.472973	0.827096	4210320
1	0.481481	0.83339	4242370
1	1	1	5090490
1	1	1	5090490
1	1	1	5090490
1	1	1	5090490
0.0740741	1	0.266866	1358480
0.0615385	1	0.233113	1186660
1	1	1	5090490
1	0.455882	0.813987	4143590
0.1	0.44	0.181437	923603
0.1	0.44	0.181437	923603
1	0.465517	0.821455	4181610
1	0.490566	0.839945	4275730
1	0.45	0.809328	4119880
0.0243902	0.414634	0.0565716	287977
1	1	1	5090490
1	0.428571	0.791699	4030140
1	0.452381	0.811223	4129530
1	0.48	0.832305	4236840
0.0740741	1	0.266866	1358480
0.115385	1	0.364556	1855770
0.0754717	1	0.27049	1376930
1	1	1	5090490
1	0.404762	0.770851	3924010
1	0.491803	0.840824	4280210
1	1	1	5090490
1	1	1	5090490
0.125859	1	0.386714	1968570
0.0951877	1	0.31906	1624170
1	0.475	0.828609	4218030
1	1	1	5090490
1	1	1	5090490
0.172078	1	0.474902	2417480
1	1	1	5090490
1	0.46875	0.823915	4194130
1	1	1	5090490
1	0.0538885	0.211288	1075560
1	0.493671	0.842146	4286940
1	1	1	5090490
1	1	1	5090490
1	1	1	5090490
1	0.444444	0.804858	4097120
1	0.45614	0.81419	4144630
1	1	1	5090490
1	1	1	5090490
1	1	1	5090490
1	0.376344	0.744127	3787970
0.047619	1	0.192596	980410
1	1	1	5090490
0.585048	0.760517	0.805258	4099160
0.135933	0.752708	0.335569	1708210
0.210526	1	0.538557	2741520
1	1	1	5090490
0.216216	1	0.547346	2786260
1	1	1	5090490
0.267074	1	0.619673	3154440
0.329641	1	0.69546	3540230
0.529875	0.732528	0.755479	3845760
1	1	1	5090490
1	0.361702	0.729529	3713660
1	0.492976	0.841656	4284440
1	0.421053	0.785262	3997370
1	1	1	5090490
1	1	1	5090490
1	0.492063	0.841009	4281150
1	1	1	5090490
1	1	1	5090490
0.20339	0.474576	0.322194	1640120
1	0.466667	0.822332	4186070
0.0933333	0.466667	0.180046	916525
1	1	1	5090490
1	1	1	5090490
1	0.486842	0.837279	4262160
1	1	1	5090490
0.0958904	1	0.32071	1632570
1	1	1	5090490
1	1	1	5090490
1	1	1	5090490
1	1	1	5090490
1	1	1	5090490
0.132075	0.490566	0.242099	1232400
1	1	1	5090490
1	1	1	5090490
1	1	1	5090490
1	1	1	5090490
1	1	1	5090490
1	0.438356	0.799879	4071780
1	0.470588	0.825304	4201200
1	0.45	0.809328	4119880
1	1	1	5090490
1	0.444444	0.804858	4097120
0.16332	0.331066	0.211817	1078250
1	1	1	5090490
0.19335	0.786952	0.438645	2232920
1	1	1	5090490
1	1	1	5090490
1	0.472222	0.826533	4207460
0.0107527	0.451613	0.0307268	156415
1	1	1	5090490
0.15625	1	0.446297	2271870
0.493088	1	0.841734	4284840
1	0.460674	0.817726	4162630
1	0.492308	0.841182	4282030
1	1	1	5090490
1	1	1	5090490
1	0.421875	0.785973	4000990
1	0.483516	0.834873	4249920
1	1	1	5090490
1	0.488095	0.838179	4266740
1	0.477612	0.830546	4227890
1	1	1	5090490
1	1	1	5090490
1	1	1	5090490
1	1	1	5090490
1	1	1	5090490
1	1	1	5090490
0.0793651	1	0.280452	1427640
1	0.492063	0.841009	4281150
1	0.46875	0.823915	4194130
1	1	1	5090490
1	1	1	5090490
0.0799704	1	0.281983	1435430
1	0.494912	0.843021	4291390
0.401872	0.650436	0.61211	3115940
0.401872	0.650436	0.61211	3115940
0.409944	0.650436	0.619102	3151530
0.316425	0.650436	0.531161	2703870
1	1	1	5090490
1	1	1	5090490
1	0.471698	0.82614	4205460
1	0.41791	0.782532	3983470
1	0.117572	0.369259	1879710
1	0.458333	0.815906	4153360
1	1	1	5090490
0.0869183	1	0.299241	1523290
1	1	1	5090490
0.038961	1	0.165397	841953
1	1	1	5090490
1	1	1	5090490
1	1	1	5090490
1	0.382979	0.750552	3820680
1	0.37931	0.747014	3802670
1	1	1	5090490
1	1	1	5090490
1	0.410256	0.775784	3949120
1	0.44	0.801231	4078660
0.0217391	1	0.10497	534351
1	0.487805	0.837971	4265680
1	0.488372	0.838377	4267750
1	0.0370908	0.159282	810825
1	0.462963	0.819495	4171630
0.04	0.453333	0.0908481	462461
1	0.481481	0.83339	4242370
1	1	1	5090490
1	0.490196	0.839681	4274390
1	1	1	5090490
1	1	1	5090490
1	0.415094	0.780066	3970920
1	1	1	5090490
1	0.464789	0.820897	4178770
1	1	1	5090490
0.0749757	1	0.269207	1370400
0.0821596	1	0.287484	1463430
1	0.458333	0.815906	4153360
1	1	1	5090490
1	1	1	5090490
1	1	1	5090490
1	1	1	5090490
1	1	1	5090490
0.0697674	0.44186	0.138087	702931
0.0689655	1	0.25339	1289880
0.0175439	1	0.0884746	450379
1	0.479167	0.831693	4233720
1	0.485714	0.836465	4258020
1	0.472727	0.826912	4209390
1	0.471698	0.82614	4205460
1	0.472973	0.827096	4210320
0.0410959	0.465753	0.0948595	482882
1	1	1	5090490
1	1	1	5090490
1	0.46988	0.82477	4198480
0.0491803	0.442623	0.105082	534920
1	0.493976	0.842362	4288030
1	0.493976	0.842362	4288030
1	1	1	5090490
1	1	1	5090490
1	0.486486	0.837022	4260860
1	0.454545	0.812935	4138240
0.309091	1	0.672001	3420810
1	0.485294	0.836162	4256470
1	0.479452	0.831903	4234790
1	0.464286	0.820511	4176810
1	0.466667	0.822332	4186070
1	0.490566	0.839945	4275730
1	1	1	5090490
1	0.226244	0.562475	2863270
1	1	1	5090490
0.183333	0.466667	0.295902	1506280
1	1	1	5090490
1	0.465517	0.821455	4181610
1	1	1	5090490
0.078125	1	0.2773	1411600
1	1	1	5090490
0.107692	1	0.347682	1769870
1	1	1	5090490
1	1	1	5090490
1	0.469697	0.824632	4197780
1	0.458333	0.815906	4153360
1	0.477612	0.830546	4227890
1	0.389831	0.757068	3853850
1	1	1	5090490
1	0.432432	0.794953	4046700
1	0.425926	0.789449	4018680
1	0.190799	0.506865	2580190
0.148148	1	0.431043	2194220
0.0377358	1	0.161402	821614
1	1	1	5090490
0.047619	1	0.192596	980410
0.0454545	1	0.185956	946610
1	1	1	5090490
1	1	1	5090490
1	0.487179	0.837521	4263390
0.109015	1	0.350621	1784830
1	1	1	5090490
0.030303	1	0.136258	693619
1	0.0961246	0.321259	1635370
1	1	1	5090490
1	1	1	5090490
1	0.484848	0.835839	4254830
1	1	1	5090490
0.0357143	1	0.154722	787609
1	0.145342	0.425657	2166810
0.262458	1	0.613539	3123220
1	0.434783	0.796917	4056700
1	1	1	5090490
1	1	1	5090490
1	1	1	5090490
1	0.486486	0.837022	4260860
1	0.494054	0.842417	4288310
1	0.45	0.809328	4119880
1	1	1	5090490
1	1	1	5090490
1	0.484848	0.835839	4254830
0.0720539	1	0.26158	1331570
1	0.477273	0.830296	4226610
1	1	1	5090490
1	1	1	5090490
1	0.487805	0.837971	4265680
1	0.481013	0.833047	4240620
0.0506329	1	0.201679	1026640
1	1	1	5090490
1	1	1	5090490
0.0833333	1	0.290409	1478320
1	0.459016	0.816438	4156070
1	0.448276	0.807948	4112850
1	0.464789	0.820897	4178770
1	0.45614	0.81419	4144630
1	0.46875	0.823915	4194130
0.176471	1	0.482577	2456550
1	0.477612	0.830546	4227890
1	1	1	5090490
0.108696	0.413043	0.184227	937804
0.0638298	1	0.23946	1218970
0.258039	1	0.60759	3092930
1	1	1	5090490
0.155102	1	0.444161	2261000
0.203515	1	0.527514	2685310
0.158163	1	0.449836	2289890
0.0754717	1	0.27049	1376930
1	1	1	5090490
1	0.471429	0.825937	4204430
1	1	1	5090490
1	0.215774	0.546668	2782810
0.105263	0.491228	0.204875	1042910
0.160714	1	0.45452	2313730
0.420202	1	0.784525	3993620
0.236111	1	0.576926	2936840
1	1	1	5090490
0.122024	1	0.378706	1927800
0.1	1	0.330259	1681180
0.109091	1	0.35079	1785690
0.0892857	1	0.304992	1552560
1	1	1	5090490
0.0859903	1	0.296969	1511720
1	0.465116	0.821148	4180050
1	1	1	5090490
0.0833333	0.486111	0.170391	867374
1	1	1	5090490
1	1	1	5090490
1	1	1	5090490
1	1	1	5090490
1	1	1	5090490
1	1	1	5090490
1	1	1	5090490
0.230635	0.153917	0.154002	783947
1	1	1	5090490
1	0.37037	0.738241	3758010
1	0.44898	0.808513	4115730
1	1	1	5090490
1	0.492537	0.841345	4282860
1	0.490196	0.839681	4274390
1	1	1	5090490
1	1	1	5090490
1	1	1	5090490
1	1	1	5090490
1	0.493521	0.84204	4286400
1	0.493333	0.841908	4285720
1	0.113193	0.359802	1831570
1	0.47541	0.828914	4219580
0.0266667	0.466667	0.0670318	341225
1	1	1	5090490
1	0.428571	0.791699	4030140
1	0.444444	0.804858	4097120
1	1	1	5090490
1	0.454545	0.812935	4138240
1	1	1	5090490
0.108108	1	0.348608	1774590
1	1	1	5090490
1	1	1	5090490
1	1	1	5090490
1	0.435897	0.797844	4061420
1	1	1	5090490
1	1	1	5090490
1	0.435484	0.797501	4059670
1	0.363636	0.731491	3723650
1	1	1	5090490
1	0.433333	0.795707	4050540
1	1	1	5090490
1	0.492754	0.841498	4283640
0.0535714	0.482143	0.120267	612217
0.0714286	0.482143	0.150448	765856
0.125	1	0.38493	1959480
0.0714286	1	0.259933	1323180
1	1	1	5090490
1	1	1	5090490
1	1	1	5090490
1	0.413793	0.77892	3965080
1	1	1	5090490
1	1	1	5090490
1	0.466667	0.822332	4186070
1	0.44186	0.802755	4086420
1	1	1	5090490
1	0.455696	0.813841	4142850
1	0.487805	0.837971	4265680
1	1	1	5090490
0.19697	0.469697	0.312739	1591990
1	1	1	5090490
1	0.43038	0.793227	4037920
0.0540541	0.459459	0.116615	593628
1	1	1	5090490
0.0634921	0.460317	0.132474	674360
1	0.515493	0.857075	4362930
0.0625	1	0.235787	1200270
1	0.438596	0.800077	4072780
1	0.482143	0.833873	4244820
1	1	1	5090490
1	1	1	5090490
1	1	1	5090490
0.0799704	1	0.281983	1435430
1	1	1	5090490
1	0.495251	0.843259	4292600
0.123912	1	0.382663	1947940
1	1	1	5090490
1	1	1	5090490
0.0724638	0.463768	0.147634	751530
0.0461538	0.492308	0.108711	553394
0.293103	1	0.652809	3323120
0.0172414	1	0.087249	444140
0.117647	1	0.36942	1880530
0.272727	1	0.627077	3192130
0.225806	1	0.561824	2859960
0.138716	1	0.412726	2100980
0.0484794	1	0.195208	993704
0.105887	1	0.343643	1749310
0.138889	1	0.413067	2102710
0.15493	1	0.44384	2259360
0.0533333	1	0.209664	1067290
1	1	1	5090490
1	0.403226	0.769459	3916920
0.0574713	0.494253	0.129562	659533
1	1	1	5090490
1	0.503086	0.848703	4320320
1	1	1	5090490
0.0909091	1	0.3089	1572450
1	1	1	5090490
1	1	1	5090490
1	1	1	5090490
1	1	1	5090490
1	1	1	5090490
1	1	1	5090490
1	0.486486	0.837022	4260860
1	1	1	5090490
1	1	1	5090490
1	1	1	5090490
1	0.491525	0.840627	4279210
1	0.435484	0.797501	4059670
1	0.481481	0.83339	4242370
1	1	1	5090490
0.0609756	1	0.231542	1178660
1	0.411765	0.777125	3955950
1	1	1	5090490
1	1	1	5090490
1	1	1	5090490
1	1	1	5090490
1	0.215136	0.545689	2777830
0.156627	1	0.446995	2275420
1	1	1	5090490
1	0.473684	0.827628	4213030
1	0.483871	0.835131	4251230
0.293233	1	0.652968	3323930
0.047619	1	0.192596	980410
1	0.182084	0.492225	2505670
1	0.461538	0.818395	4166030
1	1	1	5090490
0.103383	1	0.337993	1720550
1	1	1	5090490
1	0.513043	0.855446	4354640
0.03125	1	0.139554	710400
1	1	1	5090490
0.0632911	0.493671	0.139537	710311
0.0384615	0.487179	0.0932615	474747
1	1	1	5090490
1	0.47619	0.829494	4222530
1	0.490196	0.839681	4274390
1	1	1	5090490
1	0.4375	0.799172	4068180
1	1	1	5090490
1	0.491228	0.840416	4278130
1	1	1	5090490
1	0.492754	0.841498	4283640
1	1	1	5090490
1	1	1	5090490
1	5.22973e-07	8.08711e-06	41.1674
1	0.488372	0.838377	4267750
1	1	1	5090490
0.0350877	0.45614	0.082183	418352
1	1	1	5090490
1	0.486486	0.837022	4260860
1	0.455696	0.813841	4142850
1	0.4375	0.799172	4068180
1	1	1	5090490
1	0.225806	0.561824	2859960
1	0.45283	0.81158	4131340
0.149321	0.226244	0.148233	754580
1	1	1	5090490
1	0.465517	0.821455	4181610
1	1	1	5090490
1	1	1	5090490
1	1	1	5090490
1	1	1	5090490
1	0.434783	0.796917	4056700
1	1	1	5090490
0.224138	0.431034	0.322397	1641160
1	0.431373	0.794063	4042170
1	1	1	5090490
0.08	1	0.282058	1435820
0.385655	1	0.753112	3833710
1	1	1	5090490
1	0.46875	0.823915	4194130
1	1	1	5090490
1	1	1	5090490
0.219949	0.492754	0.349214	1777670
1	1	1	5090490
1	1	1	5090490
1	0.462687	0.819282	4170550
1	0.490909	0.840189	4276980
1	1	1	5090490
1	0.46988	0.82477	4198480
1	0.478261	0.831026	4230330
1	0.462687	0.819282	4170550
1	1	1	5090490
1	1	1	5090490
1	1	1	5090490
1	1	1	5090490
1	1	1	5090490
1	0.444444	0.804858	4097120
1	1	1	5090490
1	1	1	5090490
1	1	1	5090490
1	1	1	5090490
1	0.454545	0.812935	4138240
1	1	1	5090490
1	1	1	5090490
1	0.486842	0.837279	4262160
1	0.470588	0.825304	4201200
0.352941	0.333387	0.36946	1880730
0.149038	1	0.432741	2202860
0.0754717	1	0.27049	1376930
0.396226	1	0.763041	3884250
0.0222222	1	0.106815	543739
0.209677	1	0.537232	2734780
1	1	1	5090490
1	0.454545	0.812935	4138240
0.0416667	0.444444	0.0923886	470303
1	0.227435	0.564242	2872270
1	0.481481	0.83339	4242370
1	1	1	5090490
0.107143	0.464286	0.199022	1013120
1	0.0361472	0.156162	794939
0.0517241	0.482759	0.117112	596159
1	0.444444	0.804858	4097120
1	0.467391	0.822884	4188880
1	1	1	5090490
1	0.465517	0.821455	4181610
1	0.492958	0.841642	4284370
1	1	1	5090490
0.246127	1	0.591175	3009370
1	1	1	5090490
1	0.487179	0.837521	4263390
1	0.486486	0.837022	4260860
0.155844	0.467532	0.263702	1342370
1	0.492063	0.841009	4281150
1	1	1	5090490
1	1	1	5090490
1	1	1	5090490
1	0.44	0.801231	4078660
1	1	1	5090490
1	1	1	5090490
1	1	1	5090490
1	1	1	5090490
1	0.495461	0.843407	4293350
1	0.440476	0.801622	4080650
1	0.490566	0.839945	4275730
0.108764	0.499218	0.212479	1081620
0.0724638	1	0.262657	1337050
1	1	1	5090490
1	1	1	5090490
0.314815	1	0.678669	3454760
0.0941176	1	0.316537	1611330
0.116883	1	0.367782	1872190
0.150718	1	0.435928	2219090
1	0.481013	0.833047	4240620
0.133333	1	0.401987	2046310
0.1	1	0.330259	1681180
0.0952381	1	0.319179	1624780
1	0.492896	0.841599	4284150
0.0666667	1	0.247203	1258390
0.226415	1	0.562729	2864570
1	1	1	5090490
1	1	1	5090490
0.0983607	1	0.32647	1661890
1	0.4375	0.799172	4068180
1	0.492308	0.841182	4282030
1	0.423077	0.787008	4006260
0.0559356	1	0.217229	1105800
1	1	1	5090490
0.075	0.4875	0.157538	801946
1	1	1	5090490
1	1	1	5090490
1	0.454545	0.812935	4138240
1	1	1	5090490
1	0.486111	0.836752	4259480
1	0.487805	0.837971	4265680
1	1	1	5090490
1	1	1	5090490
1	0.483871	0.835131	4251230
1	0.483871	0.835131	4251230
1	1	1	5090490
1	1	1	5090490
1	1	1	5090490
1	0.450704	0.80989	4122740
0.19403	1	0.512189	2607290
1	1	1	5090490
1	0.466667	0.822332	4186070
1	0.458333	0.815906	4153360
1	0.407407	0.773235	3936150
0.127869	1	0.390863	1989690
1	0.477273	0.830296	4226610
0.0645161	0.467742	0.135817	691373
1	0.47541	0.828914	4219580
0.0645161	0.467742	0.135817	691373
1	0.467742	0.82315	4190240
0.311469	1	0.674783	3434980
1	1	1	5090490
0.161154	0.426191	0.252632	1286020
0.221841	0.4224	0.315563	1606370
1	1	1	5090490
0.0632911	0.43038	0.125385	638270
1	1	1	5090490
1	1	1	5090490
0.08	1	0.282058	1435820
1	0.497143	0.844585	4299350
1	0.372881	0.740727	3770660
1	0.463768	0.820114	4174780
1	0.479452	0.831903	4234790
1	1	1	5090490
0.137255	1	0.409832	2086240
1	1	1	5090490
1	0.461538	0.818395	4166030
1	1	1	5090490
1	1	1	5090490
0.171086	0.596921	0.335128	1705970
0.208863	0.786605	0.461022	2346830
0.421324	0.78542	0.696873	3547430
1	0.78542	0.975128	4963880
1	0.794362	0.977237	4974620
0.440197	0.784058	0.712302	3625970
0.122552	0.593009	0.26321	1339870
0.440197	0.784058	0.712302	3625970
1	0.589851	0.901225	4587680
0.437538	0.625063	0.628066	3197160
0.132646	0.635256	0.292717	1490070
0.403995	0.809155	0.692401	3524660
0.119753	0.808584	0.322909	1643770
0.00256042	0.53318	0.0103704	52790.6
0.215599	0.835237	0.488795	2488200
0.0892084	1	0.304805	1551610
0.193467	1	0.511265	2602590
0.384683	1	0.752184	3828990
0.033463	1	0.147147	749052
0.491893	1	0.840888	4280530
1	1	1	5090490
0.345373	1	0.712549	3627230
0.429878	1	0.792804	4035760
0.201664	0.794535	0.453632	2309210
0.0883713	1	0.302778	1541290
0.0539739	0.791347	0.177395	903028
0.108634	0.794535	0.297762	1515750
0.137838	1	0.410988	2092130
1	1	1	5090490
1	0.768318	0.97081	4941900
1	0.20029	0.522355	2659040
1	0.421053	0.785262	3997370
1	1	1	5090490
1	1	1	5090490
1	1	1	5090490
0.204545	1	0.529152	2693640
0.102564	1	0.33613	1711070
1	0.483333	0.83474	4249240
1	0.438356	0.799879	4071780
1	1	1	5090490
1	1	1	5090490
1	0.473684	0.827628	4213030
0.103158	0.493333	0.202449	1030560
1	0.452055	0.810965	4128210
1	0.453125	0.811813	4132530
1	1	1	5090490
1	1	1	5090490
1	1	1	5090490
1	0.435484	0.797501	4059670
1	1	1	5090490
1	1	1	5090490
1	1	1	5090490
1	1	1	5090490
1	1	1	5090490
0.107692	1	0.347682	1769870
1	0.455696	0.813841	4142850
1	1	1	5090490
1	1	1	5090490
0.0921053	1	0.31176	1587010
1	1	1	5090490
1	1	1	5090490
1	1	1	5090490
1	1	1	5090490
1	0.462687	0.819282	4170550
1	1	1	5090490
1	0.491803	0.840824	4280210
0.142857	0.457143	0.243505	1239560
1	0.0947952	0.318136	1619470
1	0.474576	0.828294	4216420
0.0307692	1	0.137884	701899
1	0.418605	0.783137	3986550
0.251731	1	0.598968	3049040
1	1	1	5090490
1	0.342105	0.70906	3609460
1	1	1	5090490
1	1	1	5090490
1	1	1	5090490
0.103448	1	0.33814	1721300
1	1	1	5090490
1	1	1	5090490
1	1	1	5090490
1	0.22921	0.566862	2885610
1	0.471429	0.825937	4204430
1	0.416667	0.781445	3977940
1	1	1	5090490
1	0.47561	0.829063	4220340
1	1	1	5090490
1	1	1	5090490
0.06	1	0.228805	1164730
0.0677966	0.474576	0.142745	726644
1	1	1	5090490
1	1	1	5090490
1	0.493763	0.842211	4287270
1	0.351852	0.719377	3661980
1	1	1	5090490
1	1	1	5090490
1	0.433333	0.795707	4050540
1	1	1	5090490
1	0.472222	0.826533	4207460
1	0.47541	0.828914	4219580
1	0.47541	0.828914	4219580
1	0.483871	0.835131	4251230
1	1	1	5090490
0.142857	1	0.420844	2142300
1	0.457143	0.814976	4148630
1	0.474359	0.828132	4215600
1	1	1	5090490
1	0.120109	0.374664	1907220
1	0.491525	0.840627	4279210
1	1	1	5090490
1	1	1	5090490
0.0757576	0.454545	0.150436	765795
1	0.482759	0.834322	4247110
1	1	1	5090490
1	1	1	5090490
1	0.464789	0.820897	4178770
1	0.0890688	0.304468	1549890
1	1	1	5090490
0.105887	1	0.343643	1749310
1	1	1	5090490
1	0.230655	0.568987	2896420
1	0.473118	0.827205	4210880
1	1	1	5090490
1	0.47541	0.828914	4219580
1	0.454545	0.812935	4138240
1	0.464789	0.820897	4178770
1	1	1	5090490
0.111111	1	0.355247	1808380
1	1	1	5090490
1	1	1	5090490
1	1	1	5090490
1	0.47619	0.829494	4222530
1	1	1	5090490
1	1	1	5090490
0.0810811	1	0.284782	1449680
0.037037	1	0.159105	809923
1	1	1	5090490
1	1	1	5090490
0.172078	1	0.474902	2417480
0.204545	1	0.529152	2693640
1	0.202797	0.52637	2679480
1	1	1	5090490
0.163647	1	0.459855	2340890
1	0.478261	0.831026	4230330
1	1	1	5090490
1	1	1	5090490
1	0.485294	0.836162	4256470
1	1	1	5090490
1	0.465517	0.821455	4181610
0.12069	0.465517	0.217942	1109430
0.0689655	0.465517	0.142505	725418
1	0.465517	0.821455	4181610
0.189655	0.465517	0.302576	1540260
1	0.489796	0.839396	4272940
1	0.408451	0.774171	3940910
1	1	1	5090490
1	0.484375	0.835496	4253090
1	1	1	5090490
1	1	1	5090490
0.119048	1	0.372409	1895740
1	1	1	5090490
0.129944	1	0.395113	2011320
1	1	1	5090490
0.0394737	1	0.167057	850404
1	1	1	5090490
1	1	1	5090490
1	1	1	5090490
0.0666667	1	0.247203	1258390
1	0.44898	0.808513	4115730
1	1	1	5090490
1	1	1	5090490
1	0.465517	0.821455	4181610
1	1	1	5090490
1	0.48	0.832305	4236840
1	0.470588	0.825304	4201200
1	0.426667	0.790081	4021900
1	1	1	5090490
1	0.493506	0.84203	4286350
1	1	1	5090490
1	0.445946	0.806073	4103310
1	0.4875	0.837752	4264570
1	0.686327	0.944661	4808790
1	1	1	5090490
0.0609756	0.487805	0.134299	683646
1	1	1	5090490
1	0.460526	0.817612	4162040
1	0.494253	0.842557	4289030
1	1	1	5090490
1	1	1	5090490
1	1	1	5090490
1	1	1	5090490
1	1	1	5090490
1	1	1	5090490
1	1	1	5090490
1	1	1	5090490
1	1	1	5090490
1	0.493827	0.842257	4287500
1	0.412698	0.777952	3960160
1	0.41791	0.782532	3983470
0.0655738	0.491803	0.143002	727951
0.0377358	0.471698	0.089508	455640
1	1	1	5090490
1	0.493151	0.841779	4285070
0.113924	1	0.361393	1839670
1	0.00179473	0.0131426	66902.3
0.057971	1	0.223062	1135490
1	0.110144	0.353119	1797550
1	0.485294	0.836162	4256470
1	1	1	5090490
1	0.460674	0.817726	4162630
1	1	1	5090490
1	1	1	5090490
1	1	1	5090490
1	1	1	5090490
1	1	1	5090490
1	1	1	5090490
1	0.493151	0.841779	4285070
1	1	1	5090490
1	1	1	5090490
1	1	1	5090490
1	0.431373	0.794063	4042170
1	0.603774	0.908411	4624260
1	1	1	5090490
1	0.776728	0.97298	4952950
1	0.783197	0.974588	4961130
1	0.45283	0.81158	4131340
0.0583845	0.492537	0.13081	665889
0.0821918	1	0.287564	1463840
1	0.438356	0.799879	4071780
1	1	1	5090490
1	1	1	5090490
1	0.392157	0.759252	3864970
0.0882353	1	0.302448	1539610
1	1	1	5090490
1	1	1	5090490
1	0.486111	0.836752	4259480
1	0.476923	0.830037	4225300
1	1	1	5090490
1	1	1	5090490
1	0.492958	0.841642	4284370
1	1	1	5090490
1	0.455882	0.813987	4143590
0.0526316	0.381579	0.0985654	501746
1	0.441176	0.802196	4083570
1	1	1	5090490
1	1	1	5090490
1	0.185616	0.498207	2536120
1	1	1	5090490
1	1	1	5090490
1	1	1	5090490
0.18006	1	0.488766	2488060
1	1	1	5090490
1	0.474576	0.828294	4216420
1	0.433962	0.796233	4053220
0.358491	0.433962	0.445035	2265450
1	0.433962	0.796233	4053220
1	0.422535	0.786542	4003880
1	0.454545	0.812935	4138240
1	0.432432	0.794953	4046700
1	1	1	5090490
1	0.491228	0.840416	4278130
1	1	1	5090490
1	0.444444	0.804858	4097120
1	0.47619	0.829494	4222530
1	1	1	5090490
1	0.448276	0.807948	4112850
1	1	1	5090490
1	1	1	5090490
1	1	1	5090490
1	1	1	5090490
1	0.491228	0.840416	4278130
1	1	1	5090490
1	1	1	5090490
1	1	1	5090490
0.0799704	1	0.281983	1435430
1	1	1	5090490
1	1	1	5090490
1	1	1	5090490
1	0.444444	0.804858	4097120
0.0806452	1	0.283685	1444100
0.0483871	1	0.194928	992282
1	1	1	5090490
1	1	1	5090490
1	0.228675	0.566075	2881600
1	1	1	5090490
1	0.428571	0.791699	4030140
1	1	1	5090490
1	0.189947	0.505452	2573000
1	1	1	5090490
1	0.278788	0.634885	3231880
1	1	1	5090490
1	1	1	5090490
0.217391	1	0.549143	2795410
0.057971	1	0.223062	1135490
0.241935	1	0.585262	2979270
0.327869	1	0.693489	3530200
0.0806452	1	0.283685	1444100
0.0757576	1	0.271229	1380690
0.0454545	1	0.185956	946610
1	0.424242	0.788009	4011350
1	1	1	5090490
1	0.485887	0.83659	4258650
1	1	1	5090490
1	0.431373	0.794063	4042170
1	0.493976	0.842362	4288030
0.0597015	0.432836	0.12031	612438
1	1	1	5090490
1	0.428571	0.791699	4030140
1	0.479452	0.831903	4234790
1	1	1	5090490
1	0.45	0.809328	4119880
1	1	1	5090490
0.0757576	1	0.271229	1380690
1	0.471429	0.825937	4204430
1	0.464789	0.820897	4178770
1	0.489796	0.839396	4272940
1	1	1	5090490
0.113384	1	0.360219	1833690
1	1	1	5090490
1	0.458824	0.816288	4155310
1	0.493333	0.841908	4285720
0.208955	0.492537	0.336936	1715170
1	0.453125	0.811813	4132530
1	0.506731	0.851194	4332990
1	1	1	5090490
1	0.48	0.832305	4236840
1	0.414286	0.779354	3967290
1	1	1	5090490
1	1	1	5090490
1	1	1	5090490
1	1	1	5090490
1	0.438356	0.799879	4071780
1	1	1	5090490
0.475	1	0.828609	4218030
1	1	1	5090490
1	1	1	5090490
1	0.46875	0.823915	4194130
1	0.453125	0.811813	4132530
1	1	1	5090490
1	1	1	5090490
1	0.477612	0.830546	4227890
1	1	1	5090490
1	1	1	5090490
0.115942	0.478261	0.215828	1098670
1	0.461538	0.818395	4166030
1	1	1	5090490
1	0.47619	0.829494	4222530
1	0.471698	0.82614	4205460
1	1	1	5090490
1	1	1	5090490
1	0.484848	0.835839	4254830
1	0.428571	0.791699	4030140
0.0144928	0.42029	0.0371616	189171
1	1	1	5090490
1	1	1	5090490
1	0.484375	0.835496	4253090
0.0666667	1	0.247203	1258390
1	1	1	5090490
1	1	1	5090490
0.140212	1	0.415672	2115970
0.330688	1	0.696621	3546140
0.171717	1	0.474267	2414250
0.105195	1	0.342087	1741390
0.138961	1	0.413209	2103440
1	1	1	5090490
1	1	1	5090490
1	0.467532	0.822991	4189430
1	1	1	5090490
1	1	1	5090490
1	0.514286	0.856274	4358850
1	0.49648	0.844122	4296990
1	1	1	5090490
1	1	1	5090490
1	0.442308	0.80312	4088270
1	1	1	5090490
1	1	1	5090490
0.0609756	0.426829	0.120987	615881
1	1	1	5090490
1	0.426966	0.790336	4023200
1	0.471264	0.825814	4203800
1	1	1	5090490
1	1	1	5090490
1	0.464286	0.820511	4176810
1	0.491803	0.840824	4280210
1	0.486486	0.837022	4260860
1	1	1	5090490
1	0.485294	0.836162	4256470
1	1	1	5090490
1	1	1	5090490
1	1	1	5090490
0.311808	1	0.675179	3437000
1	0.457143	0.814976	4148630
1	1	1	5090490
1	0.493976	0.842362	4288030
0.0491803	0.491803	0.11421	581384
1	1	1	5090490
1	1	1	5090490
1	0.481013	0.833047	4240620
1	1	1	5090490
1	0.442857	0.803568	4090550
0.12807	1	0.391277	1991790
1	0.492537	0.841345	4282860
1	1	1	5090490
1	0.48	0.832305	4236840
1	1	1	5090490
1	1	1	5090490
1	0.444444	0.804858	4097120
1	0.251509	0.598661	3047480
1	0.449275	0.808749	4116930
1	1	1	5090490
1	0.0461538	0.188113	957586
1	1	1	5090490
1	1	1	5090490
1	1	1	5090490
1	1	1	5090490
0.174641	1	0.479394	2440350
1	1	1	5090490
1	1	1	5090490
1	1	1	5090490
0.0833333	0.472222	0.166663	848399
0.105263	1	0.342241	1742180
0.102564	1	0.33613	1711070
1	1	1	5090490
1	1	1	5090490
0.121951	0.439024	0.210268	1070370
1	0.46988	0.82477	4198480
1	0.480519	0.832686	4238780
1	1	1	5090490
1	0.477612	0.830546	4227890
1	1	1	5090490
0.037037	0.481481	0.0896398	456311
1	1	1	5090490
1	1	1	5090490
1	1	1	5090490
1	1	1	5090490
1	0.505541	0.850384	4328870
1	0.493671	0.842146	4286940
1	1	1	5090490
1	1	1	5090490
1	1	1	5090490
0.389038	0.610777	0.579093	2947870
1	0.0346939	0.151307	770225
1	1	1	5090490
1	0.237968	0.579599	2950440
1	1	1	5090490
1	1	1	5090490
1	1	1	5090490
1	0.458333	0.815906	4153360
1	1	1	5090490
1	0.484848	0.835839	4254830
1	1	1	5090490
1	1	1	5090490
0.445324	0.654565	0.650828	3313040
0.25	0.47619	0.372409	1895740
1	0.47619	0.829494	4222530
1	0.47619	0.829494	4222530
1	1	1	5090490
1	1	1	5090490
1	1	1	5090490
1	0.476923	0.830037	4225300
1	1	1	5090490
0.162504	1	0.457782	2330330
1	0.239437	0.581703	2961160
1	0.46875	0.823915	4194130
0.0746269	0.447761	0.146984	748222
1	0.426667	0.790081	4021900
1	1	1	5090490
1	1	1	5090490
1	0.412698	0.777952	3960160
1	0.462963	0.819495	4171630
1	1	1	5090490
0.0943396	0.471698	0.182995	931536
1	2.78606e-07	4.48374e-06	22.8244
1	0.491228	0.840416	4278130
1	1	1	5090490
1	1	1	5090490
0.11894	1	0.37218	1894580
1	0.476923	0.830037	4225300
0.0294118	1	0.133128	677688
1	1	1	5090490
1	1	1	5090490
1	0.495739	0.843602	4294350
1	0.467742	0.82315	4190240
1	0.470588	0.825304	4201200
1	0.47541	0.828914	4219580
1	1	1	5090490
1	1	1	5090490
1	1	1	5090490
1	0.470588	0.825304	4201200
1	1	1	5090490
1	0.477273	0.830296	4226610
1	0.460317	0.81745	4161220
0.0824742	1	0.28827	1467430
0.115942	1	0.365758	1861890
1	0.472222	0.826533	4207460
1	0.472222	0.826533	4207460
1	0.465517	0.821455	4181610
1	0.118269	0.370749	1887290
1	1	1	5090490
1	0.484848	0.835839	4254830
1	0.19821	0.518998	2641960
0.0819672	1	0.287003	1460990
1	1	1	5090490
1	1	1	5090490
0.0606061	0.454545	0.126496	643929
0.205736	1	0.531037	2703240
1	1	1	5090490
1	0.440678	0.801788	4081490
1	1	1	5090490
0.229915	1	0.5679	2890890
0.0731707	0.47561	0.151666	772052
0.167519	1	0.466819	2376340
1	1	1	5090490
1	0.473684	0.827628	4213030
1	1	1	5090490
0.257816	0.587116	0.437156	2225340
1	1	1	5090490
1	0.492537	0.841345	4282860
1	0.473684	0.827628	4213030
1	0.19821	0.518998	2641960
1	1	1	5090490
1	0.24617	0.591234	3009670
0.132086	1	0.399469	2033490
1	0.466667	0.822332	4186070
0.212766	1	0.542035	2759220
1	1	1	5090490
1	1	1	5090490
0.152174	0.478261	0.263483	1341260
0.0638298	1	0.23946	1218970
1	1	1	5090490
0.0869565	1	0.299335	1523760
1	0.460526	0.817612	4162040
1	1	1	5090490
0.0333333	0.45	0.0779956	397036
1	1	1	5090490
1	0.46875	0.823915	4194130
1	0.460317	0.81745	4161220
1	0.442623	0.803377	4089580
1	0.491803	0.840824	4280210
1	1	1	5090490
1	1	1	5090490
1	0.425926	0.789449	4018680
0.0185185	0.444444	0.0477359	242999
1	1	1	5090490
1	1	1	5090490
1	0.476923	0.830037	4225300
1	1	1	5090490
0.0545455	0.418182	0.109044	555088
1	0.408163	0.773913	3939600
1	1	1	5090490
1	0.491803	0.840824	4280210
0.0428571	1	0.177852	905355
0.0967742	0.451613	0.180513	918899
1	1	1	5090490
1	0.486111	0.836752	4259480
1	0.411765	0.777125	3955950
1	0.491803	0.840824	4280210
1	0.457627	0.815355	4150550
1	0.481013	0.833047	4240620
1	0.484375	0.835496	4253090
1	1	1	5090490
0.0881954	1	0.302351	1539120
1	0.491228	0.840416	4278130
1	1	1	5090490
1	1	1	5090490
1	0.407407	0.773235	3936150
0.545299	1	0.87598	4459170
0.201128	1	0.5237	2665890
1	0.485714	0.836465	4258020
1	1	1	5090490
0.0833333	1	0.290409	1478320
0.0833333	1	0.290409	1478320
0.0724638	1	0.262657	1337050
0.08	0.48	0.163572	832664
1	0.238462	0.580307	2954050
1	0.435484	0.797501	4059670
1	0.450704	0.80989	4122740
1	1	1	5090490
1	0.474359	0.828132	4215600
1	0.396552	0.763342	3885780
1	1	1	5090490
1	1	1	5090490
1	1	1	5090490
1	0.15361	0.441373	2246810
1	1	1	5090490
1	1	1	5090490
1	0.492308	0.841182	4282030
1	1	1	5090490
1	0.433333	0.795707	4050540
1	0.474576	0.828294	4216420
1	0.455882	0.813987	4143590
1	0.42029	0.784602	3994010
1	1	1	5090490
0.101846	1	0.334491	1702720
1	1	1	5090490
1	1	1	5090490
1	0.424658	0.788365	4013160
1	0.403226	0.769459	3916920
1	0.462687	0.819282	4170550
1	0.463768	0.820114	4174780
1	1	1	5090490
1	1	1	5090490
1	0.463768	0.820114	4174780
1	1	1	5090490
1	1	1	5090490
0.145253	1	0.425487	2165940
1	1	1	5090490
1	0.432432	0.794953	4046700
1	0.452055	0.810965	4128210
1	1	1	5090490
0.0508475	0.474576	0.114001	580321
0.0298507	1	0.134673	685552
0.174603	1	0.479328	2440010
1	0.465517	0.821455	4181610
1	0.428571	0.791699	4030140
1	1	1	5090490
1	1	1	5090490
1	0.422535	0.786542	4003880
1	1	1	5090490
1	1	1	5090490
1	0.47619	0.829494	4222530
1	0.233247	0.572775	2915700
1	1	1	5090490
1	0.46875	0.823915	4194130
0.0833333	0.483333	0.169648	863593
0.114754	1	0.363193	1848830
1	0.477612	0.830546	4227890
0.103448	1	0.33814	1721300
1	1	1	5090490
1	1	1	5090490
1	0.483333	0.83474	4249240
0.125859	1	0.386714	1968570
1	1	1	5090490
1	1	1	5090490
1	1	1	5090490
1	1	1	5090490
0.0888889	1	0.304033	1547680
1	0.472727	0.826912	4209390
1	1	1	5090490
1	1	1	5090490
0.0384615	0.480769	0.0922793	469747
1	1	1	5090490
1	1	1	5090490
1	1	1	5090490
0.0588235	0.470588	0.126975	646367
0.0240964	0.481928	0.063355	322508
1	1	1	5090490
1	1	1	5090490
0.27451	0.392157	0.34759	1769400
1	1	1	5090490
0.0675676	1	0.249637	1270770
0.0375	0.475	0.0895587	455898
0.0491803	1	0.197324	1004480
0.153846	1	0.441816	2249060
0.140816	0.392042	0.215119	1095060
0.140816	0.392042	0.215119	1095060
0.186511	1	0.499712	2543780
1	0.44186	0.802755	4086420
1	0.428571	0.791699	4030140
1	0.469388	0.824398	4196590
1	0.488372	0.838377	4267750
1	1	1	5090490
1	0.500761	0.847101	4312160
1	0.471698	0.82614	4205460
0.0875	0.4875	0.177219	902131
1	1	1	5090490
0.17232	1	0.475328	2419650
1	0.480519	0.832686	4238780
1	1	1	5090490
1	1	1	5090490
1	1	1	5090490
1	0.115942	0.365758	1861890
1	1	1	5090490
1	0.488889	0.838748	4269640
1	1	1	5090490
1	1	1	5090490
1	1	1	5090490
1	1	1	5090490
1	0.471698	0.82614	4205460
1	1	1	5090490
1	1	1	5090490
1	0.461538	0.818395	4166030
1	1	1	5090490
1	1	1	5090490
1	0.44	0.801231	4078660
1	1	1	5090490
1	1	1	5090490
1	1	1	5090490
1	0.433483	0.795833	4051180
1	1	1	5090490
1	1	1	5090490
1	1	1	5090490
1	1	1	5090490
1	1	1	5090490
1	1	1	5090490
1	1	1	5090490
1	1	1	5090490
1	1	1	5090490
1	1	1	5090490
1	1	1	5090490
0.118421	1	0.371073	1888950
0.225015	1	0.560644	2853950
1	1	1	5090490
1	1	1	5090490
1	1	1	5090490
0.0754717	0.471698	0.15434	785667
1	0.474576	0.828294	4216420
1	0.481481	0.83339	4242370
1	1	1	5090490
0.0832998	1	0.290326	1477900
0.0428571	1	0.177852	905355
0.0547945	1	0.213927	1088990
1	0.441176	0.802196	4083570
1	0.214701	0.545021	2774420
1	1	1	5090490
1	0.413793	0.77892	3965080
1	1	1	5090490
1	0.00099297	0.00785917	40007
1	1	1	5090490
1	1	1	5090490
1	0.492063	0.841009	4281150
1	0.0799779	0.282002	1435530
0.0535714	1	0.210361	1070840
1	0.461538	0.818395	4166030
0.199468	1	0.521031	2652300
1	0.487805	0.837971	4265680
1	0.393939	0.760917	3873440
1	0.470588	0.825304	4201200
1	0.490909	0.840189	4276980
1	0.266831	0.619352	3152810
0.514048	0.266831	0.409651	2085330
1	0.466667	0.822332	4186070
1	1	1	5090490
1	1	1	5090490
1	0.428571	0.791699	4030140
1	0.141414	0.418029	2127970
1	0.493506	0.84203	4286350
1	1	1	5090490
0.184615	0.461538	0.295044	1501920
1	1	1	5090490
1	1	1	5090490
1	0.58042	0.89617	4561950
0.027027	1	0.124619	634374
1	1	1	5090490
1	0.467532	0.822991	4189430
0.234043	0.468085	0.35181	1790890
0.0555556	1	0.216132	1100220
1	1	1	5090490
1	0.479452	0.831903	4234790
1	1	1	5090490
0.0857143	1	0.296292	1508270
1	1	1	5090490
1	0.49658	0.844191	4297350
0.0434783	1	0.179804	915291
1	0.483333	0.83474	4249240
1	0.493506	0.84203	4286350
1	1	1	5090490
1	1	1	5090490
1	1	1	5090490
1	0.441558	0.802508	4085160
1	1	1	5090490
1	1	1	5090490
1	1	1	5090490
0.1	0.485714	0.195486	995122
1	1	1	5090490
1	0.464286	0.820511	4176810
1	0.19571	0.514936	2621280
0.05	1	0.199787	1017010
1	1	1	5090490
0.348846	1	0.716225	3645940
1	0.481013	0.833047	4240620
1	1	1	5090490
1	1	1	5090490
1	1	1	5090490
0.206213	0.334553	0.253453	1290200
0.209805	0.342212	0.260906	1328140
1	0.434783	0.796917	4056700
1	1	1	5090490
1	1	1	5090490
1	1	1	5090490
1	1	1	5090490
1	0.418605	0.783137	3986550
1	1	1	5090490
1	1	1	5090490
1	0.469388	0.824398	4196590
1	1	1	5090490
1	1	1	5090490
0.0735294	0.455882	0.147344	750051
0.16946	1	0.470275	2393930
1	1	1	5090490
1	0.482353	0.834026	4245600
1	0.459016	0.816438	4156070
1	1	1	5090490
1	1	1	5090490
1	1	1	5090490
1	1	1	5090490
0.0945946	1	0.317663	1617060
1	1	1	5090490
1	0.469697	0.824632	4197780
1	1	1	5090490
1	0.484375	0.835496	4253090
1	0.425532	0.789113	4016970
1	1	1	5090490
1	0.483333	0.83474	4249240
1	0.431034	0.793779	4040720
1	0.495311	0.843301	4292820
1	1	1	5090490
1	1	1	5090490
1	1	1	5090490
1	1	1	5090490
1	0.472222	0.826533	4207460
1	1	1	5090490
1	0.422535	0.786542	4003880
1	1	1	5090490
1	0.480519	0.832686	4238780
1	1	1	5090490
1	0.407895	0.773673	3938370
1	0.466667	0.822332	4186070
1	1	1	5090490
0.0481928	0.481928	0.110611	563066
1	0.416667	0.781445	3977940
0.107306	1	0.34682	1765490
1	1	1	5090490
1	1	1	5090490
0.056338	0.450704	0.118664	604059
1	0.506352	0.850936	4331680
0.0923077	1	0.312243	1589470
1	1	1	5090490
1	0.430556	0.793376	4038670
1	1	1	5090490
1	1	1	5090490
0.116689	1	0.367366	1870070
1	0.461538	0.818395	4166030
1	1	1	5090490
1	1	1	5090490
1	0.484848	0.835839	4254830
1	0.499767	0.846412	4308650
1	1	1	5090490
1	1	1	5090490
1	1	1	5090490
0.0821596	0.194053	0.0819283	417055
1	1	1	5090490
1	1	1	5090490
0.12973	1	0.394677	2009100
1	0.47619	0.829494	4222530
1	0.46875	0.823915	4194130
0.382173	0.6	0.567002	2886320
1	0.6	0.906495	4614510
0.171717	1	0.474267	2414250
1	0.45	0.809328	4119880
0.0545455	0.472727	0.120106	611399
1	1	1	5090490
1	1	1	5090490
1	1	1	5090490
1	1	1	5090490
1	0.42623	0.789708	4020000
1	0.482759	0.834322	4247110
1	0.4	0.766516	3901940
1	1	1	5090490
1	1	1	5090490
1	1	1	5090490
1	1	1	5090490
1	0.473684	0.827628	4213030
1	1	1	5090490
0.105882	0.470588	0.199268	1014370
1	0.45122	0.810301	4124830
1	0.470588	0.825304	4201200
0.05	1	0.199787	1017010
0.125859	1	0.386714	1968570
0.131148	0.491803	0.241297	1228320
1	1	1	5090490
1	1	1	5090490
1	1	1	5090490
1	0.465517	0.821455	4181610
1	0.477612	0.830546	4227890
0.0704225	1	0.257271	1309630
1	0.428571	0.791699	4030140
1	0.4	0.766516	3901940
1	1	1	5090490
1	0.200244	0.52228	2658660
1	0.463415	0.819842	4173400
0.336957	1	0.703498	3581150
0.062004	1	0.23441	1193260
1	0.459016	0.816438	4156070
1	1	1	5090490
1	0.484848	0.835839	4254830
1	1	1	5090490
1	1	1	5090490
1	1	1	5090490
1	1	1	5090490
1	0.472222	0.826533	4207460
1	1	1	5090490
1	1	1	5090490
1	1	1	5090490
0.0535865	0.791414	0.176439	898159
0.529605	0.791414	0.783601	3988910
1	0.451613	0.810613	4126420
1	0.463768	0.820114	4174780
1	1	1	5090490
1	1	1	5090490
1	1	1	5090490
1	0.484375	0.835496	4253090
1	0.426471	0.789914	4021050
0.0952381	1	0.319179	1624780
0.0153846	0.492308	0.0445579	226822
1	1	1	5090490
1	1	1	5090490
1	1	1	5090490
0.291854	0.186744	0.213077	1084670
1	0.479167	0.831693	4233720
1	0.551646	0.879792	4478570
1	0.498615	0.845612	4304580
0.253772	0.784534	0.520426	2649220
0.513315	1	0.855627	4355560
1	1	1	5090490
0.407326	1	0.773163	3935780
0.165107	1	0.462491	2354310
1	0.603281	0.908163	4622990
1	0.618668	0.915744	4661590
1	0.618668	0.915744	4661590
1	0.618668	0.915744	4661590
1	1	1	5090490
0.481664	0.618668	0.658765	3353440
0.012256	0.62663	0.0450749	229453
1	0.429807	0.792745	4035460
1	0.425985	0.7895	4018940
1	1	1	5090490
0.425139	1	0.788777	4015260
1	1	1	5090490
1	0.719791	0.956454	4868820
0.167742	0.480876	0.28373	1444330
1	0.659443	0.934008	4754560
1	0.669921	0.938288	4776350
0.111111	1	0.355247	1808380
1	0.610568	0.911801	4641520
1	0.610568	0.911801	4641520
1	0.748777	0.965409	4914410
0.271627	0.752708	0.52901	2692920
1	0.764877	0.969895	4937240
0.540926	0.317659	0.474465	2415260
0.422561	0.53433	0.561795	2859810
1	0.541875	0.873893	4448540
1	0.769284	0.971063	4943190
1	1	1	5090490
1	1	1	5090490
1	1	1	5090490
0.476604	1	0.829801	4224090
0.39956	0.579362	0.57021	2902650
1	0.446429	0.806462	4105290
1	1	1	5090490
1	0.482759	0.834322	4247110
1	1	1	5090490
0.18006	1	0.488766	2488060
1	1	1	5090490
1	1	1	5090490
1	1	1	5090490
1	1	1	5090490
0.124875	1	0.38467	1958160
0.363636	0.16732	0.231173	1176780
1	0.324561	0.689784	3511340
1	0.337805	0.704421	3585850
1	0.609023	0.911037	4637620
1	1	1	5090490
1	1	1	5090490
0.191525	1	0.508066	2586310
1	1	1	5090490
1	1	1	5090490
1	0.492308	0.841182	4282030
1	1	1	5090490
0.102041	0.306122	0.139509	710170
0.133333	1	0.401987	2046310
1	0.455696	0.813841	4142850
1	1	1	5090490
1	1	1	5090490
0.134328	0.462687	0.234821	1195350
0.107692	1	0.347682	1769870
0.0724638	1	0.262657	1337050
0.046875	1	0.190325	968849
0.0625	1	0.235787	1200270
0.0461538	1	0.188113	957586
1	1	1	5090490
1	0.469388	0.824398	4196590
1	1	1	5090490
1	1	1	5090490
1	1	1	5090490
1	1	1	5090490
0.0232558	1	0.110726	563648
0.0232558	1	0.110726	563648
1	1	1	5090490
1	1	1	5090490
1	1	1	5090490
1	1	1	5090490
1	1	1	5090490
1	1	1	5090490
0.449804	0.760649	0.7091	3609670
0.214347	0.760649	0.458761	2335320
1	1	1	5090490
1	1	1	5090490
1	0.491803	0.840824	4280210
1	0.48	0.832305	4236840
0.0337079	1	0.147978	753282
1	0.47619	0.829494	4222530
1	1	1	5090490
1	0.497869	0.845092	4301930
1	0.478261	0.831026	4230330
1	1	1	5090490
1	1	1	5090490
1	1	1	5090490
0.0740741	0.45679	0.148414	755498
1	0.469697	0.824632	4197780
1	1	1	5090490
1	0.452055	0.810965	4128210
1	1	1	5090490
1	0.4625	0.819138	4169810
1	0.418919	0.783411	3987950
1	1	1	5090490
1	0.450704	0.80989	4122740
1	0.618536	0.915681	4661260
1	0.290909	0.650107	3309370
1	0.482759	0.834322	4247110
1	1	1	5090490
0.0606061	1	0.230507	1173390
1	0.472222	0.826533	4207460
1	1	1	5090490
1	1	1	5090490
1	0.487805	0.837971	4265680
0.139535	0.44186	0.233438	1188310
1	0.363636	0.731491	3723650
1	0.490566	0.839945	4275730
0.101846	1	0.334491	1702720
0.0551643	1	0.215	1094450
0.0759241	0.498834	0.161853	823910
0.1625	0.4625	0.269675	1372780
1	0.495327	0.843313	4292880
1	1	1	5090490
1	0.475	0.828609	4218030
1	1	1	5090490
1	1	1	5090490
0.123337	1	0.38146	1941820
1	0.444444	0.804858	4097120
1	1	1	5090490
1	1	1	5090490
1	1	1	5090490
1	1	1	5090490
1	1	1	5090490
0.0555556	0.462963	0.119868	610189
1	1	1	5090490
1	0.490612	0.839978	4275900
1	0.43038	0.793227	4037920
1	1	1	5090490
1	0.45098	0.81011	4123860
1	0.458333	0.815906	4153360
1	1	1	5090490
1	0.476923	0.830037	4225300
1	1	1	5090490
1	0.4875	0.837752	4264570
0.0149254	0.477612	0.0423695	215682
1	1	1	5090490
1	0.477612	0.830546	4227890
1	0.46988	0.82477	4198480
0.136591	1	0.408512	2079530
1	1	1	5090490
1	0.493168	0.841791	4285130
1	0.492754	0.841498	4283640
1	1	1	5090490
0.108764	1	0.350064	1782000
1	0.4625	0.819138	4169810
1	1	1	5090490
1	0.446154	0.806241	4104160
0.027027	1	0.124619	634374
1	1	1	5090490
1	1	1	5090490
1	0.494505	0.842735	4289930
1	0.478261	0.831026	4230330
1	0.223188	0.557913	2840050
1	1	1	5090490
1	0.414634	0.779661	3968860
0.122449	0.489796	0.228734	1164370
1	0.484375	0.835496	4253090
1	0.485714	0.836465	4258020
1	0.246829	0.592157	3014370
1	0.492063	0.841009	4281150
1	0.492063	0.841009	4281150
1	1	1	5090490
1	1	1	5090490
1	1	1	5090490
1	1	1	5090490
1	1	1	5090490
1	1	1	5090490
1	0.4625	0.819138	4169810
1	0.497869	0.845092	4301930
1	1	1	5090490
1	1	1	5090490
1	0.492958	0.841642	4284370
1	0.47619	0.829494	4222530
0.0869565	0.449275	0.165742	843709
0.21174	1	0.540444	2751130
0.102564	1	0.33613	1711070
1	0.463768	0.820114	4174780
1	0.411765	0.777125	3955950
1	0.220289	0.553545	2817820
1	1	1	5090490
1	1	1	5090490
1	0.454545	0.812935	4138240
1	0.469697	0.824632	4197780
0.0434783	1	0.179804	915291
0.0983607	1	0.32647	1661890
0.172078	1	0.474902	2417480
0.161905	1	0.456692	2324790
1	1	1	5090490
1	4.66293e-06	6.19044e-05	315.124
1	0.459459	0.816783	4157830
0.0555556	1	0.216132	1100220
0.203243	1	0.527081	2683100
1	1	1	5090490
1	0.478873	0.831477	4232630
1	1	1	5090490
1	0.228675	0.566075	2881600
1	1	1	5090490
1	0.441558	0.802508	4085160
1	0.237288	0.578622	2945470
1	0.474359	0.828132	4215600
0.153573	0.587116	0.307112	1563350
0.147541	0.459016	0.250058	1272920
0.337183	1	0.703745	3582410
1	1	1	5090490
0.0922619	1	0.312133	1588910
0.319693	1	0.684269	3483270
0.165018	0.571279	0.316901	1613180
1	0.267323	0.620001	3156110
0.0746269	1	0.268303	1365790
1	1	1	5090490
1	1	1	5090490
1	0.415094	0.780066	3970920
0.0856777	1	0.296202	1507810
1	1	1	5090490
1	1	1	5090490
1	0.47541	0.828914	4219580
1	1	1	5090490
1	0.476923	0.830037	4225300
0.133333	0.483333	0.241148	1227560
1	1	1	5090490
1	1	1	5090490
1	0.459459	0.816783	4157830
1	1	1	5090490
1	1	1	5090490
0.0768968	1	0.274159	1395610
0.132086	0.491525	0.242461	1234240
0.4007	1	0.767157	3905210
1	0.477612	0.830546	4227890
1	0.46875	0.823915	4194130
1	0.448718	0.808303	4114660
1	0.436364	0.798231	4063390
1	1	1	5090490
1	1	1	5090490
1	0.45	0.809328	4119880
1	1	1	5090490
1	0.488372	0.838377	4267750
0.06298	1	0.237116	1207040
0.15129	1	0.437009	2224590
0.298784	1	0.659725	3358320
0.0327869	1	0.144843	737325
1	1	1	5090490
0.0983051	1	0.326341	1661240
0.15129	1	0.437009	2224590
1	0.452055	0.810965	4128210
0.0952381	1	0.319179	1624780
1	2.08911e-06	2.94121e-05	149.722
1	1	1	5090490
1	1	1	5090490
1	1	1	5090490
1	1	1	5090490
1	0.414286	0.779354	3967290
1	0.470588	0.825304	4201200
1	1	1	5090490
1	1	1	5090490
1	1	1	5090490
0.257945	1	0.607463	3092290
0.350469	1	0.71793	3654610
0.29759	0.204683	0.231362	1177750
1	1	1	5090490
1	1	1	5090490
0.09375	0.484375	0.185819	945911
0.0416667	1	0.174086	886181
1	1	1	5090490
1	1	1	5090490
1	0.457627	0.815355	4150550
1	1	1	5090490
1	0.461538	0.818395	4166030
1	0.117648	0.369421	1880530
1	0.42623	0.789708	4020000
1	1	1	5090490
1	1	1	5090490
1	0.503759	0.849165	4322670
1	0.452055	0.810965	4128210
1	1	1	5090490
0.0857143	1	0.296292	1508270
1	1	1	5090490
1	0.483871	0.835131	4251230
1	0.0989704	0.327882	1669080
1	0.483333	0.83474	4249240
1	0.423913	0.787727	4009920
1	0.47191	0.826299	4206270
0.0547945	0.465753	0.119138	606469
1	0.472222	0.826533	4207460
1	1	1	5090490
1	0.209644	0.53718	2734510
1	0.471264	0.825814	4203800
1	0.384615	0.75212	3828660
1	1	1	5090490
0.298142	0.41134	0.379995	1934360
1	0.637655	0.924573	4706530
0.162774	0.390994	0.238947	1216360
0.355752	0.525325	0.500341	2546980
0.42237	0.405969	0.473829	2412020
1	1	1	5090490
1	1	1	5090490
1	0.492063	0.841009	4281150
0.0422535	0.450704	0.0944767	480933
1	1	1	5090490
1	0.413043	0.778258	3961710
1	1	1	5090490
0.112903	0.483871	0.213451	1086570
1	1	1	5090490
1	0.492308	0.841182	4282030
1	1	1	5090490
1	1	1	5090490
1	0.471698	0.82614	4205460
1	1	1	5090490
0.101449	1	0.333585	1698110
1	0.484848	0.835839	4254830
1	1	1	5090490
1	1	1	5090490
1	1	1	5090490
1	1	1	5090490
1	1	1	5090490
1	0.408451	0.774171	3940910
1	1	1	5090490
1	0.478873	0.831477	4232630
1	1	1	5090490
1	0.491803	0.840824	4280210
1	0.483871	0.835131	4251230
0.0701754	0.491228	0.150561	766428
1	0.467742	0.82315	4190240
1	0.4375	0.799172	4068180
1	1	1	5090490
1	1	1	5090490
0.169886	1	0.47103	2397780
0.0724638	0.463768	0.147634	751530
1	0.480519	0.832686	4238780
1	0.493827	0.842257	4287500
1	0.452381	0.811223	4129530
1	1	1	5090490
1	1	1	5090490
1	0.486486	0.837022	4260860
1	0.469697	0.824632	4197780
0.1875	0.484375	0.308687	1571370
0.0980392	0.490196	0.193932	987209
1	1	1	5090490
0.109589	1	0.351892	1791300
1	0.441558	0.802508	4085160
1	0.442623	0.803377	4089580
1	1	1	5090490
0.279412	1	0.635681	3235930
1	1	1	5090490
1	0.460526	0.817612	4162040
1	0.460526	0.817612	4162040
0.0422535	0.478873	0.0991548	504747
1	1	1	5090490
1	1	1	5090490
0.0657895	0.421053	0.127044	646717
0.0333333	0.466667	0.0803186	408861
1	0.0786325	0.278593	1418170
1	1	1	5090490
1	1	1	5090490
1	1	1	5090490
1	1	1	5090490
1	1	1	5090490
0.0645161	1	0.241345	1228560
1	1	1	5090490
1	0.484375	0.835496	4253090
1	0.482759	0.834322	4247110
1	1	1	5090490
1	1	1	5090490
1	1	1	5090490
1	0.453333	0.811978	4133370
1	0.50679	0.851234	4333200
1	0.348676	0.716045	3645020
1	1	1	5090490
1	1	1	5090490
1	0.40678	0.772671	3933280
1	0.492063	0.841009	4281150
1	0.485714	0.836465	4258020
0.037037	0.462963	0.0868646	442184
1	0.465116	0.821148	4180050
1	1	1	5090490
1	1	1	5090490
1	1	1	5090490
1	1	1	5090490
0.0945946	1	0.317663	1617060
1	1	1	5090490
1	0.459459	0.816783	4157830
1	1	1	5090490
