quality	AA	AC	AG	AT	A.	CA	CC	CG	CT	C.	GA	GC	GG	GT	G.	TA	TC	TG	TT	T.	.A	.C	.G	.T	..
0	NA	NA	NA	NA	NA	NA	NA	NA	NA	NA	NA	NA	NA	NA	NA	NA	NA	NA	NA	NA	NA	NA	NA	NA	NA
1	NA	NA	NA	NA	NA	NA	NA	NA	NA	NA	NA	NA	NA	NA	NA	NA	NA	NA	NA	NA	NA	NA	NA	NA	NA
2	NA	NA	NA	NA	NA	NA	NA	NA	NA	NA	NA	NA	NA	NA	NA	NA	NA	NA	NA	NA	NA	NA	NA	NA	NA
3	NA	NA	NA	NA	NA	NA	NA	NA	NA	NA	NA	NA	NA	NA	NA	NA	NA	NA	NA	NA	NA	NA	NA	NA	NA
4	NA	NA	NA	NA	NA	NA	NA	NA	NA	NA	NA	NA	NA	NA	NA	NA	NA	NA	NA	NA	NA	NA	NA	NA	NA
5	NA	NA	NA	NA	NA	NA	NA	NA	NA	NA	NA	NA	NA	NA	NA	NA	NA	NA	NA	NA	NA	NA	NA	NA	NA
6	NA	NA	NA	NA	NA	NA	NA	NA	NA	NA	NA	NA	NA	NA	NA	NA	NA	NA	NA	NA	NA	NA	NA	NA	NA
7	NA	NA	NA	NA	NA	NA	NA	NA	NA	NA	NA	NA	NA	NA	NA	NA	NA	NA	NA	NA	NA	NA	NA	NA	NA
8	NA	NA	NA	NA	NA	NA	NA	NA	NA	NA	NA	NA	NA	NA	NA	NA	NA	NA	NA	NA	NA	NA	NA	NA	NA
9	NA	NA	NA	NA	NA	NA	NA	NA	NA	NA	NA	NA	NA	NA	NA	NA	NA	NA	NA	NA	NA	NA	NA	NA	NA
10	NA	NA	NA	NA	NA	NA	NA	NA	NA	NA	NA	NA	NA	NA	NA	NA	NA	NA	NA	NA	NA	NA	NA	NA	NA
11	NA	NA	NA	NA	NA	NA	NA	NA	NA	NA	NA	NA	NA	NA	NA	NA	NA	NA	NA	NA	NA	NA	NA	NA	NA
12	0.923648	0.0343098	0.00774712	0.03416	0.000134943	0.0305754	0.922295	0.0357907	0.0111024	0.00023689	0.0123251	0.0171103	0.952003	0.018295	0.000266837	0.0290179	0.00812192	0.0181422	0.944582	0.000136469	3.93525e-05	3.77545e-05	3.79542e-05	5.17376e-05	0.999833
13	0.939546	0.018653	0.0300269	0.0114087	0.000365404	0.0236257	0.92155	0.0331142	0.0211102	0.000600199	0.0133087	0.0109807	0.957337	0.0180274	0.000346238	0.00732773	0.0216915	0.0208641	0.949807	0.000309539	9.17651e-05	9.83988e-05	0.000111666	8.51315e-05	0.999613
14	0.952374	0.0181596	0.0179365	0.0112974	0.000232344	0.0209756	0.931501	0.0238336	0.0233751	0.000314714	0.0101684	0.00919751	0.964304	0.0161369	0.000193695	0.00797205	0.0236811	0.0253614	0.94262	0.000365664	5.18956e-05	6.57642e-05	7.51591e-05	5.10008e-05	0.999756
15	0.941377	0.0224875	0.0256131	0.0102866	0.000235666	0.0145295	0.949081	0.0193368	0.0167646	0.000287741	0.00629267	0.0065455	0.979255	0.00777531	0.000131097	0.00741881	0.0273639	0.0318071	0.933145	0.000264797	4.25322e-05	4.96209e-05	7.35453e-05	2.83548e-05	0.999806
16	0.954236	0.0189828	0.0182113	0.0084444	0.000125412	0.0124648	0.95655	0.0166242	0.0142201	0.000140951	0.00442063	0.00506921	0.985299	0.00516309	4.83595e-05	0.00524535	0.0201628	0.0217341	0.952714	0.000143549	1.65259e-05	3.05729e-05	4.95776e-05	1.65259e-05	0.999887
17	0.95672	0.0178523	0.0197676	0.00544574	0.000214399	0.00712862	0.971098	0.0115857	0.0100908	9.68939e-05	0.00463946	0.00392269	0.988336	0.00304954	5.21288e-05	0.00545606	0.0257268	0.0266741	0.941878	0.000265225	3.02004e-05	9.39569e-05	6.04009e-05	2.34892e-05	0.999792
18	0.967745	0.0132998	0.0142633	0.00458687	0.000104723	0.00559487	0.977621	0.00927483	0.00739322	0.00011656	0.00312525	0.00216489	0.992903	0.00177423	3.25547e-05	0.0028118	0.0169093	0.0157731	0.964371	0.000134812	2.91891e-05	2.91891e-05	4.86485e-05	NA	0.999893
19	0.973418	0.0086069	0.0141671	0.00357986	0.000228502	0.00280355	0.983312	0.00480609	0.00894466	0.000133502	0.00324239	0.00197707	0.99312	0.00158165	7.90826e-05	0.00309761	0.0213811	0.0166213	0.958749	0.000151103	NA	3.70617e-05	1.85309e-05	3.70617e-05	0.999907
20	0.971415	0.0111298	0.0140123	0.00344303	NA	0.0025949	0.9871	0.00459668	0.0055605	0.00014828	0.00262786	0.00262786	0.994239	0.000505357	NA	0.00239111	0.01635	0.0123433	0.968722	0.000193874	1.94806e-05	5.84419e-05	3.89613e-05	1.94806e-05	0.999864
21	0.971631	0.0070922	0.0177305	0.0035461	NA	NA	0.990566	NA	0.00943396	NA	0.0142857	NA	0.985714	NA	NA	0.00411523	0.00823045	0.00411523	0.983539	NA	NA	NA	NA	NA	1
22	NA	NA	NA	NA	NA	NA	NA	NA	NA	NA	NA	NA	NA	NA	NA	NA	NA	NA	NA	NA	NA	NA	NA	NA	NA
23	NA	NA	NA	NA	NA	NA	NA	NA	NA	NA	NA	NA	NA	NA	NA	NA	NA	NA	NA	NA	NA	NA	NA	NA	NA
24	0.990981	0.00258103	0.00516206	0.00110201	0.000174002	0.00183319	0.992637	0.00208158	0.00329377	0.000154007	0.00302791	0.00178245	0.992712	0.00233298	0.000144401	0.00105159	0.00609282	0.00249831	0.99023	0.000127465	6.00386e-05	0.000103969	5.85742e-05	8.34683e-05	0.999694
25	0.992234	0.00205501	0.00478185	0.000810149	0.000118558	0.00118164	0.994092	0.00161037	0.00300115	0.000115027	0.0028365	0.00144886	0.994021	0.00149988	0.000193862	0.000767221	0.00564626	0.00171426	0.9918	7.19269e-05	5.19057e-05	7.02254e-05	3.96926e-05	4.57991e-05	0.999792
26	0.991462	0.00213146	0.00457183	0.00180196	3.26069e-05	0.000996184	0.994355	0.0021677	0.00244503	3.58626e-05	0.00241162	0.00117733	0.995672	0.000703746	3.51093e-05	0.00117294	0.0049312	0.00126726	0.992584	4.47412e-05	1.19936e-05	1.88787e-05	2.1544e-05	1.59914e-05	0.999932
27	0.991751	0.00205813	0.00536464	0.000725408	0.00010122	0.00107418	0.993805	0.00180636	0.00321291	0.000101156	0.00272064	0.00136239	0.99455	0.00125092	0.000115596	0.000675267	0.00603043	0.00191424	0.991304	7.63345e-05	2.43748e-05	6.0937e-05	5.01037e-05	5.01037e-05	0.999814
28	0.99391	0.00140883	0.0042265	0.000454463	NA	0.000740608	0.99525	0.00132799	0.0026049	7.66147e-05	0.00215038	0.000995219	0.995344	0.00147506	3.55435e-05	0.000251805	0.00549773	0.00130099	0.992824	0.000125902	1.41634e-05	3.54085e-05	2.12451e-05	7.0817e-06	0.999922
29	0.994166	0.00145412	0.00386883	0.000484705	2.64385e-05	0.000708765	0.995534	0.00111655	0.00258262	5.82547e-05	0.00229285	0.000914142	0.995898	0.000850452	4.49578e-05	0.000569825	0.00467009	0.00116443	0.993521	7.4325e-05	1.3997e-05	2.09956e-05	3.21932e-05	2.93938e-05	0.999903
30	0.994297	0.00103096	0.00436387	0.000280051	2.76973e-05	0.000644015	0.995525	0.00110193	0.00269106	3.76372e-05	0.00254845	0.000973687	0.995722	0.000718026	3.80772e-05	0.00043428	0.00503569	0.00121989	0.993266	4.39159e-05	1.27063e-05	1.32839e-05	2.71453e-05	1.21288e-05	0.999935
31	0.994626	0.000967806	0.00404357	0.000322602	3.97729e-05	0.000575893	0.995707	0.000955631	0.00273109	3.01778e-05	0.00253666	0.000983375	0.995795	0.000633766	5.10844e-05	0.000470943	0.00518683	0.00105156	0.993258	3.22564e-05	6.42389e-06	1.35615e-05	1.42753e-05	5.71012e-06	0.99996
32	0.995433	0.000843793	0.00345352	0.00023807	3.16422e-05	0.000409577	0.996937	0.000750891	0.00188235	2.04788e-05	0.00194365	0.000759893	0.996869	0.000406438	2.09145e-05	0.000331519	0.00402478	0.000828093	0.994793	2.25715e-05	9.17857e-06	8.63865e-06	1.53876e-05	6.74895e-06	0.99996
33	0.995083	0.000781344	0.00385433	0.000250577	3.07526e-05	0.000325373	0.997226	0.000664252	0.00176929	1.53478e-05	0.00183277	0.000722425	0.997045	0.000373931	2.60734e-05	0.000282981	0.00414381	0.000815309	0.994728	3.01537e-05	5.37227e-06	8.59564e-06	1.20339e-05	5.58716e-06	0.999968
34	0.994097	0.000914358	0.00458564	0.000376084	2.65202e-05	0.000466262	0.996193	0.000949325	0.00236781	2.37301e-05	0.00240948	0.000921368	0.996195	0.000450447	2.38653e-05	0.000352606	0.00483104	0.000871812	0.99392	2.44823e-05	5.99299e-06	8.68318e-06	1.23323e-05	5.67337e-06	0.999967
35	0.994389	0.00085963	0.00441027	0.000309994	3.07796e-05	0.000460608	0.996272	0.000977644	0.00227286	1.70596e-05	0.00229491	0.00088832	0.996302	0.000496805	1.84002e-05	0.000395901	0.00512547	0.000791802	0.993669	1.7381e-05	7.42327e-06	1.03926e-05	1.55889e-05	6.30978e-06	0.99996
36	0.994406	0.000835329	0.0044558	0.000274878	2.78086e-05	0.000511461	0.995867	0.000979526	0.00261558	2.6658e-05	0.00252789	0.000986668	0.995982	0.000481571	2.2086e-05	0.000416607	0.0051942	0.000921033	0.993447	2.14194e-05	7.01119e-06	1.13258e-05	1.54606e-05	6.65165e-06	0.99996
37	0.994065	0.000854051	0.00476301	0.0002964	2.19681e-05	0.000406895	0.99644	0.000861539	0.00227416	1.76015e-05	0.00228321	0.000838507	0.996411	0.000439334	2.81795e-05	0.000305446	0.00486406	0.000858345	0.993948	2.45936e-05	6.39873e-06	9.50491e-06	1.28596e-05	5.03201e-06	0.999966
38	0.994202	0.000888501	0.00459557	0.000284311	2.99927e-05	0.00051342	0.995997	0.000976354	0.00248684	2.68167e-05	0.00251908	0.000984566	0.995993	0.000479146	2.39979e-05	0.000366218	0.00501407	0.000912631	0.99368	2.72851e-05	5.74366e-06	1.05975e-05	1.35502e-05	5.68299e-06	0.999964
39	0.993368	0.000882115	0.00540028	0.000317187	3.23844e-05	0.000403861	0.9963	0.000885737	0.00238874	2.16426e-05	0.00234533	0.000808633	0.996391	0.000433446	2.12022e-05	0.000320549	0.0050261	0.000933264	0.993685	3.46259e-05	8.42894e-06	1.11059e-05	1.69302e-05	8.53747e-06	0.999955
40	0.97619	0.0238095	NA	NA	NA	NA	1	NA	NA	NA	0.0227273	0.0227273	0.954545	NA	NA	NA	NA	NA	1	NA	NA	NA	NA	NA	1
