quality	AA	AC	AG	AT	A.	CA	CC	CG	CT	C.	GA	GC	GG	GT	G.	TA	TC	TG	TT	T.	.A	.C	.G	.T	..
0	NA	NA	NA	NA	NA	NA	NA	NA	NA	NA	NA	NA	NA	NA	NA	NA	NA	NA	NA	NA	NA	NA	NA	NA	NA
1	NA	NA	NA	NA	NA	NA	NA	NA	NA	NA	NA	NA	NA	NA	NA	NA	NA	NA	NA	NA	NA	NA	NA	NA	NA
2	NA	NA	NA	NA	NA	NA	NA	NA	NA	NA	NA	NA	NA	NA	NA	NA	NA	NA	NA	NA	NA	NA	NA	NA	NA
3	NA	NA	NA	NA	NA	NA	NA	NA	NA	NA	NA	NA	NA	NA	NA	NA	NA	NA	NA	NA	NA	NA	NA	NA	NA
4	NA	NA	NA	NA	NA	NA	NA	NA	NA	NA	NA	NA	NA	NA	NA	NA	NA	NA	NA	NA	NA	NA	NA	NA	NA
5	NA	NA	NA	NA	NA	NA	NA	NA	NA	NA	NA	NA	NA	NA	NA	NA	NA	NA	NA	NA	NA	NA	NA	NA	NA
6	NA	NA	NA	NA	NA	NA	NA	NA	NA	NA	NA	NA	NA	NA	NA	NA	NA	NA	NA	NA	NA	NA	NA	NA	NA
7	NA	NA	NA	NA	NA	NA	NA	NA	NA	NA	NA	NA	NA	NA	NA	NA	NA	NA	NA	NA	NA	NA	NA	NA	NA
8	NA	NA	NA	NA	NA	NA	NA	NA	NA	NA	NA	NA	NA	NA	NA	NA	NA	NA	NA	NA	NA	NA	NA	NA	NA
9	NA	NA	NA	NA	NA	NA	NA	NA	NA	NA	NA	NA	NA	NA	NA	NA	NA	NA	NA	NA	NA	NA	NA	NA	NA
10	NA	NA	NA	NA	NA	NA	NA	NA	NA	NA	NA	NA	NA	NA	NA	NA	NA	NA	NA	NA	NA	NA	NA	NA	NA
11	NA	NA	NA	NA	NA	NA	NA	NA	NA	NA	NA	NA	NA	NA	NA	NA	NA	NA	NA	NA	NA	NA	NA	NA	NA
12	0.925428	0.0355719	0.00724667	0.031619	0.000134742	0.0186267	0.946718	0.0258513	0.00858615	0.000217424	0.0108386	0.013728	0.958999	0.0161552	0.000279733	0.0214908	0.00759428	0.020835	0.949973	0.000107347	2.83389e-05	3.33573e-05	2.56822e-05	3.71949e-05	0.999875
13	0.955873	0.0154887	0.0175856	0.010624	0.000428689	0.0173083	0.930383	0.033278	0.0184981	0.000532943	0.0096055	0.00954029	0.963504	0.0170742	0.000275876	0.00397481	0.0189917	0.0147636	0.961964	0.000305754	7.55923e-05	0.000101362	0.000118542	9.27723e-05	0.999612
14	0.965547	0.0134017	0.0124545	0.00837939	0.000217696	0.0130229	0.951511	0.0179386	0.0172383	0.000288686	0.00734107	0.00644867	0.97386	0.0121766	0.000173574	0.00422885	0.0184307	0.0166123	0.960444	0.00028441	3.76857e-05	5.36296e-05	6.88489e-05	3.62362e-05	0.999804
15	0.962071	0.015999	0.0143601	0.00736452	0.000205753	0.00740316	0.969283	0.0126781	0.0104878	0.000148254	0.00404638	0.0034649	0.987856	0.00455098	8.16966e-05	0.00364585	0.0222337	0.0228762	0.950968	0.000276427	3.03593e-05	5.92729e-05	8.09581e-05	1.87938e-05	0.999811
16	0.9702	0.0129825	0.0110749	0.00563517	0.00010785	0.00580887	0.976199	0.00926341	0.00863408	9.5079e-05	0.00338027	0.00286913	0.991171	0.00255087	2.89324e-05	0.00247904	0.0157738	0.0147712	0.966839	0.000137343	5.62597e-06	2.25039e-05	3.51623e-05	8.43895e-06	0.999928
17	0.969002	0.0130123	0.0134386	0.00434421	0.000203	0.00476631	0.977858	0.00942591	0.0078075	0.000142278	0.00460277	0.00242559	0.990751	0.00216257	5.84479e-05	0.00273751	0.0192397	0.0167913	0.960981	0.000250617	4.43013e-06	3.5441e-05	3.10109e-05	2.21507e-05	0.999907
18	0.970382	0.0116643	0.0127864	0.00507914	8.85897e-05	0.00397846	0.980822	0.00775289	0.00728363	0.000163219	0.00367076	0.00249972	0.992568	0.00119356	6.756e-05	0.00280899	0.0154903	0.0125995	0.96891	0.000190902	5.66422e-05	1.88807e-05	5.66422e-05	3.77615e-05	0.99983
19	0.969738	0.0113693	0.0138773	0.00493229	8.35981e-05	0.00355661	0.983666	0.00480801	0.00796944	NA	0.00414723	0.00177738	0.993113	0.000888691	7.40576e-05	0.0026709	0.0247058	0.0198648	0.952592	0.000166931	1.90074e-05	1.90074e-05	7.60297e-05	NA	0.999886
20	0.968211	0.0109275	0.0164364	0.00424456	0.00018062	0.00213943	0.989524	0.0036149	0.0047215	NA	0.00410657	0.00230369	0.992889	0.000600962	0.00010016	0.00191898	0.0177683	0.0135039	0.966667	0.000142146	4.10948e-05	4.10948e-05	4.10948e-05	2.05474e-05	0.999856
21	0.96679	0.00738007	0.0258303	NA	NA	NA	0.991342	0.004329	0.004329	NA	NA	NA	1	NA	NA	NA	0.00678733	0.00226244	0.99095	NA	NA	NA	NA	NA	1
22	NA	NA	NA	NA	NA	NA	NA	NA	NA	NA	NA	NA	NA	NA	NA	NA	NA	NA	NA	NA	NA	NA	NA	NA	NA
23	NA	NA	NA	NA	NA	NA	NA	NA	NA	NA	NA	NA	NA	NA	NA	NA	NA	NA	NA	NA	NA	NA	NA	NA	NA
24	0.991784	0.00184031	0.00562237	0.000695551	5.79626e-05	0.00116323	0.993833	0.00183462	0.0029432	0.0002264	0.00280806	0.00139388	0.993985	0.00165777	0.000155627	0.000565773	0.00523123	0.00163639	0.992462	0.00010445	6.09304e-05	9.79238e-05	8.26912e-05	6.96347e-05	0.999689
25	0.993165	0.00137874	0.00504562	0.00035202	5.867e-05	0.000753241	0.994182	0.00174688	0.00323734	8.01321e-05	0.00255612	0.00109763	0.995234	0.00105252	6.0144e-05	0.000417248	0.00561681	0.00142827	0.992457	8.02401e-05	3.55235e-05	4.88448e-05	5.77257e-05	5.77257e-05	0.9998
26	0.991429	0.00217077	0.00502174	0.00133905	3.92849e-05	0.000645419	0.995341	0.00151911	0.00246552	2.92913e-05	0.00262268	0.00162322	0.99487	0.000856385	2.77913e-05	0.000682834	0.0048805	0.00131869	0.993084	3.35545e-05	1.4016e-05	1.6352e-05	1.5184e-05	1.4308e-05	0.99994
27	0.992749	0.00144322	0.00508619	0.000663416	5.81943e-05	0.000851854	0.994972	0.0013782	0.00271485	8.31077e-05	0.0026294	0.00118603	0.995239	0.00088952	5.59447e-05	0.000410035	0.00541246	0.0012972	0.992798	8.20069e-05	2.20984e-05	4.97215e-05	4.05138e-05	4.41969e-05	0.999843
28	0.993833	0.000958026	0.00496976	0.000239507	NA	0.000556735	0.995059	0.00118306	0.00313163	6.95918e-05	0.0027157	0.00098962	0.995075	0.00117374	4.60289e-05	0.000467536	0.00561043	0.00122728	0.992695	NA	NA	1.88742e-05	1.88742e-05	9.43708e-06	0.999953
29	0.993785	0.00139597	0.00445638	0.000348993	1.34228e-05	0.000738449	0.995779	0.00096387	0.00248741	3.10926e-05	0.00246992	0.000924755	0.99571	0.000866227	2.92644e-05	0.000377138	0.00488484	0.00136488	0.993346	2.69384e-05	2.55783e-05	3.6236e-05	2.98414e-05	2.13153e-05	0.999887
30	0.994322	0.0010309	0.00425661	0.000374116	1.66274e-05	0.000497281	0.995715	0.0010997	0.00266542	2.27328e-05	0.002532	0.000930882	0.995869	0.000647185	2.12773e-05	0.000412209	0.00500896	0.0012054	0.993355	1.87368e-05	8.39345e-06	1.37347e-05	2.67064e-05	4.57825e-06	0.999947
31	0.99454	0.00101709	0.00408944	0.000326734	2.63495e-05	0.000483024	0.995879	0.000944375	0.00265663	3.71557e-05	0.00242761	0.000921414	0.996064	0.000555926	3.07779e-05	0.000485084	0.00510854	0.00102322	0.993383	NA	4.30231e-06	1.1186e-05	1.20465e-05	8.60462e-06	0.999964
32	0.995556	0.000705654	0.0034862	0.000229481	2.29481e-05	0.000362943	0.996911	0.000871063	0.00183593	1.89847e-05	0.00202068	0.000769828	0.996785	0.000405412	1.91318e-05	0.000293839	0.00396422	0.000803276	0.994921	1.73869e-05	4.51527e-06	7.98855e-06	1.04199e-05	4.8626e-06	0.999972
33	0.995409	0.000690897	0.00362098	0.000260889	1.8354e-05	0.000338321	0.997206	0.000688062	0.0017537	1.35614e-05	0.00185328	0.000671771	0.99711	0.00034423	2.08625e-05	0.000287898	0.00371375	0.000865008	0.99512	1.3146e-05	7.1528e-06	8.1394e-06	9.12599e-06	3.94637e-06	0.999972
34	0.994036	0.000899911	0.00469575	0.00034312	2.55746e-05	0.00045064	0.996245	0.000893314	0.00238857	2.23101e-05	0.00241895	0.000993706	0.996068	0.000495604	2.42063e-05	0.000273362	0.00454633	0.000830719	0.994325	2.47111e-05	5.59388e-06	8.69582e-06	7.89114e-06	5.77559e-06	0.999972
35	0.994477	0.000781688	0.0043723	0.000343599	2.57699e-05	0.000367632	0.99656	0.000821545	0.0022333	1.75063e-05	0.00228673	0.000860922	0.996396	0.000442041	1.4097e-05	0.000320463	0.00459845	0.000833975	0.99422	2.7027e-05	8.43667e-06	8.06986e-06	9.17029e-06	5.50217e-06	0.999969
36	0.994323	0.000880635	0.00450314	0.00026062	3.21313e-05	0.000525355	0.995928	0.000982063	0.00253641	2.80189e-05	0.00263584	0.000950552	0.995906	0.000487178	2.06297e-05	0.00036183	0.00479657	0.000829194	0.993996	1.6236e-05	6.385e-06	9.97656e-06	1.35681e-05	5.58687e-06	0.999964
37	0.993961	0.000852724	0.0048622	0.000301451	2.26505e-05	0.000393789	0.996459	0.000863975	0.00226493	1.86376e-05	0.00229932	0.000807497	0.996429	0.000432474	3.17996e-05	0.000262381	0.00463049	0.000866905	0.994214	2.66878e-05	5.22151e-06	1.01394e-05	8.31799e-06	6.55725e-06	0.99997
38	0.994171	0.000888674	0.00462598	0.000287319	2.69433e-05	0.000505287	0.995918	0.000992619	0.00255739	2.69898e-05	0.00251716	0.000979055	0.996004	0.000476035	2.37403e-05	0.000327925	0.00467909	0.000885621	0.99408	2.72722e-05	5.36003e-06	1.02935e-05	8.86537e-06	5.08182e-06	0.99997
39	0.993312	0.000849866	0.00547168	0.000326933	3.92002e-05	0.000405002	0.996284	0.000880578	0.0024076	2.30423e-05	0.0023462	0.00079619	0.996397	0.000439729	2.04487e-05	0.000262303	0.00478743	0.000930473	0.993983	3.67008e-05	7.60794e-06	1.34677e-05	9.45327e-06	9.22665e-06	0.99996
40	0.988764	0.011236	NA	NA	NA	NA	0.981308	NA	0.0186916	NA	NA	NA	1	NA	NA	NA	0.00757576	NA	0.992424	NA	NA	NA	NA	NA	1
