ks_quality_p_value	fisher_strand_p_value	bias_p_value	bias_e_value
0.153846	1	0.441816	2249060
1	1	1	5090490
1	1	1	5090490
0.06	0.46	0.126682	644875
1	1	1	5090490
1	0.461538	0.818395	4166030
1	1	1	5090490
1	0.435484	0.797501	4059670
1	1	1	5090490
1	1	1	5090490
0.0892857	1	0.304992	1552560
0.0892857	1	0.304992	1552560
1	0.473684	0.827628	4213030
1	1	1	5090490
1	0.506106	0.850769	4330830
0.294419	1	0.65442	3331320
1	1	1	5090490
0.0824468	1	0.288201	1467090
1	1	1	5090490
1	1	1	5090490
0.164662	1	0.46169	2350230
0.0980392	0.431373	0.176066	896265
1	0.426667	0.790081	4021900
1	1	1	5090490
1	1	1	5090490
1	1	1	5090490
0.0377358	1	0.161402	821614
1	1	1	5090490
1	1	1	5090490
1	0.236842	0.57798	2942200
1	0.491228	0.840416	4278130
1	1	1	5090490
1	0.469697	0.824632	4197780
1	0.464286	0.820511	4176810
1	0.46	0.817203	4159970
1	1	1	5090490
0.117647	1	0.36942	1880530
1	1	1	5090490
0.0639873	1	0.239893	1221170
1	0.460317	0.81745	4161220
1	1	1	5090490
0.0441176	1	0.181804	925473
0.176471	1	0.482577	2456550
1	0.416667	0.781445	3977940
1	0.456522	0.814489	4146150
1	0.484848	0.835839	4254830
1	1	1	5090490
0.0227273	1	0.108732	553497
1	1	1	5090490
1	1	1	5090490
1	0.428571	0.791699	4030140
1	0.454545	0.812935	4138240
1	0.49209	0.841028	4281250
1	0.238136	0.57984	2951670
1	1	1	5090490
0.0588235	1	0.225483	1147820
1	0.482759	0.834322	4247110
1	0.393939	0.760917	3873440
1	1	1	5090490
1	1	1	5090490
1	0.45	0.809328	4119880
1	0.458333	0.815906	4153360
1	1	1	5090490
1	1	1	5090490
0.108696	1	0.349913	1781230
1	0.495032	0.843105	4291820
1	1	1	5090490
1	0.465517	0.821455	4181610
1	1	1	5090490
1	1	1	5090490
0.103896	1	0.339155	1726460
1	0.433962	0.796233	4053220
1	1	1	5090490
1	0.47619	0.829494	4222530
0.219457	1	0.552285	2811400
0.0862069	1	0.2975	1514420
1	1	1	5090490
0.218781	1	0.551259	2806180
1	0.492754	0.841498	4283640
0.0677966	1	0.250254	1273910
1	1	1	5090490
1	1	1	5090490
1	0.236842	0.57798	2942200
1	0.492017	0.840976	4280980
0.156002	1	0.445836	2269530
1	1	1	5090490
1	1	1	5090490
1	0.492958	0.841642	4284370
1	1	1	5090490
1	1	1	5090490
1	1	1	5090490
1	0.48	0.832305	4236840
1	1	1	5090490
1	1	1	5090490
1	0.434783	0.796917	4056700
0.046875	1	0.190325	968849
1	1	1	5090490
1	0.416667	0.781445	3977940
1	0.483333	0.83474	4249240
1	1	1	5090490
1	1	1	5090490
0.0606061	1	0.230507	1173390
1	3.39932e-07	5.40306e-06	27.5042
0.0612245	0.489796	0.135153	687995
0.0816327	0.489796	0.168701	858773
1	0.472222	0.826533	4207460
1	1	1	5090490
1	1	1	5090490
1	0.326531	0.691994	3522590
1	0.471698	0.82614	4205460
1	1	1	5090490
0.0222222	0.488889	0.0599952	305405
1	1	1	5090490
1	0.428571	0.791699	4030140
1	1	1	5090490
1	1	1	5090490
1	0.458333	0.815906	4153360
1	1	1	5090490
1	0.442308	0.80312	4088270
1	1	1	5090490
0.0555556	0.388889	0.104456	531734
0.0555556	0.388889	0.104456	531734
0.0434783	0.391304	0.0863211	439417
1	1	1	5090490
0.262857	1	0.614072	3125930
1	0.447761	0.807535	4110750
1	1	1	5090490
0.107143	1	0.346456	1763630
0.188235	1	0.5026	2558480
1	0.183575	0.494759	2518560
1	1	1	5090490
0.0869565	1	0.299335	1523760
1	1	1	5090490
0.0919459	0.675955	0.234819	1195340
0.164925	0.797105	0.398205	2027060
0.253696	0.796438	0.525182	2673430
1	0.61265	0.912825	4646730
1	0.61265	0.912825	4646730
0.0153166	0.617636	0.0535505	272598
0.160085	0.815505	0.396351	2017620
0.256435	0.813522	0.53557	2726310
1	0.813522	0.981418	4995900
3.31581e-06	0.813505	3.72872e-05	189.81
0.457575	0.0800516	0.15776	803076
0.205648	0.125507	0.120198	611867
1	0.532869	0.868299	4420070
1	0.676287	0.940808	4789180
0.0567125	0.832676	0.191389	974266
0.209705	1	0.537276	2735000
1	0.826638	0.98402	5009150
0.187013	0.830245	0.444469	2262560
0.299414	0.673479	0.524535	2670140
1	0.673479	0.939704	4783560
1	1	1	5090490
0.023082	0.816947	0.0937349	477157
0.0678813	0.806117	0.213711	1087890
0.00903436	0.806117	0.0431302	219554
0.261905	0.804858	0.538977	2743660
0.453968	0.805197	0.733406	3733400
0.172489	0.819925	0.418056	2128110
0.234536	0.819925	0.509347	2592830
1	0.819925	0.982715	5002500
0.00163931	1	0.012153	61864.6
1	0.639585	0.925438	4710930
1	1	1	5090490
1	1	1	5090490
1	1	1	5090490
1	1	1	5090490
0.467215	0.545383	0.603197	3070570
0.443587	0.368997	0.459919	2341220
0.114583	0.539216	0.233801	1190160
0.449755	0.352626	0.450632	2293940
0.461467	0.3627	0.46656	2375020
0.391438	1	0.758578	3861540
0.15	1	0.434568	2212160
0.103171	1	0.337511	1718100
1	0.732533	0.960532	4889580
1	0.821107	0.982949	5003690
1	0.817283	0.982186	4999810
1	0.676284	0.940807	4789170
0.469724	0.543419	0.603806	3073670
0.446429	1	0.806462	4105290
0.250463	1	0.597214	3040110
1	1	1	5090490
0.457545	0.703918	0.686976	3497040
1	0.375	0.742811	3781270
1	0.258732	0.608528	3097710
0.325581	0.202747	0.245424	1249330
1	0.123903	0.382644	1947850
0.337662	0.147255	0.198954	1012770
0.529834	0.210539	0.356212	1813300
1	0.692711	0.947035	4820870
0.551448	0.7125	0.759953	3868540
1	0.725871	0.958428	4878870
1	0.860511	0.989785	5038490
1	0.861842	0.989984	5039500
1	0.725871	0.958428	4878870
0.420847	0.859643	0.729607	3714060
1	0.444901	0.805228	4099010
1	0.562242	0.885994	4510140
1	0.69711	0.948636	4829020
1	0.478992	0.831564	4233070
1	0.485294	0.836162	4256470
1	0.485294	0.836162	4256470
1	1	1	5090490
1	1	1	5090490
1	0.47619	0.829494	4222530
1	0.454545	0.812935	4138240
1	0.444444	0.804858	4097120
1	1	1	5090490
1	0.495557	0.843474	4293700
0.137255	1	0.409832	2086240
1	1	1	5090490
1	1	1	5090490
1	0.0785714	0.278437	1417380
1	0.0005532	0.00470209	23935.9
1	0.223188	0.557913	2840050
0.320773	0.165217	0.208678	1062270
0.0625	1	0.235787	1200270
1	1	1	5090490
0.358491	0.471698	0.469634	2390670
1	1	1	5090490
1	1	1	5090490
1	0.431034	0.793779	4040720
1	1	1	5090490
0.138462	1	0.412223	2098420
1	1	1	5090490
0.346999	1	0.714274	3636010
1	1	1	5090490
1	0.494054	0.842417	4288310
1	0.45098	0.81011	4123860
1	0.467532	0.822991	4189430
1	0.48	0.832305	4236840
1	1	1	5090490
1	1	1	5090490
1	1	1	5090490
1	1	1	5090490
1	0.489362	0.839086	4271360
1	0.491803	0.840824	4280210
1	1	1	5090490
1	1	1	5090490
1	1	1	5090490
1	0.460317	0.81745	4161220
1	1	1	5090490
1	1	1	5090490
1	1	1	5090490
0.0625	0.421875	0.122229	622204
1	0.47541	0.828914	4219580
1	1	1	5090490
0.0833333	1	0.290409	1478320
1	1	1	5090490
1	0.357143	0.724864	3689910
1	0.491803	0.840824	4280210
1	1	1	5090490
1	1	1	5090490
0.125	0.486111	0.230949	1175640
1	1	1	5090490
1	0.483333	0.83474	4249240
1	1	1	5090490
0.303653	1	0.665568	3388070
1	1	1	5090490
1	1	1	5090490
1	0.533333	0.868591	4421560
1	1	1	5090490
0.06298	1	0.237116	1207040
0.0649351	0.493506	0.142302	724390
1	1	1	5090490
1	1	1	5090490
1	1	1	5090490
1	1	1	5090490
0.107692	1	0.347682	1769870
1	0.498645	0.845633	4304680
1	1	1	5090490
1	0.471698	0.82614	4205460
1	1	1	5090490
1	1	1	5090490
0.0277778	0.416667	0.0631827	321631
1	1	1	5090490
1	0.357143	0.724864	3689910
1	0.45098	0.81011	4123860
1	1	1	5090490
1	1	1	5090490
1	0.472727	0.826912	4209390
1	0.474359	0.828132	4215600
1	1	1	5090490
1	0.473684	0.827628	4213030
0.0909091	1	0.3089	1572450
1	0.488372	0.838377	4267750
1	1	1	5090490
1	1	1	5090490
1	0.476923	0.830037	4225300
1	0.452055	0.810965	4128210
0.112676	0.464789	0.206833	1052880
0.0483871	1	0.194928	992282
1	1	1	5090490
1	1	1	5090490
1	1	1	5090490
0.2	0.490909	0.326055	1659780
1	0.448276	0.807948	4112850
1	1	1	5090490
1	0.491803	0.840824	4280210
1	1	1	5090490
1	1	1	5090490
0.0540541	0.459459	0.116615	593628
1	0.461538	0.818395	4166030
1	1	1	5090490
1	0.488889	0.838748	4269640
1	1	1	5090490
1	0.462963	0.819495	4171630
1	1	1	5090490
1	0.491228	0.840416	4278130
1	0.44	0.801231	4078660
0.0384615	1	0.163773	833685
0.0576923	1	0.222267	1131450
1	1	1	5090490
1	1	1	5090490
1	0.423077	0.787008	4006260
1	1	1	5090490
1	1	1	5090490
1	1	1	5090490
1	1	1	5090490
0.136591	1	0.408512	2079530
1	1	1	5090490
0.115942	0.492754	0.220663	1123280
1	1	1	5090490
1	1	1	5090490
1	0.438356	0.799879	4071780
1	1	1	5090490
0.0512821	1	0.203611	1036480
1	0.42623	0.789708	4020000
1	0.492063	0.841009	4281150
0.0344828	1	0.150596	766610
1	1	1	5090490
1	0.47541	0.828914	4219580
1	0.394366	0.761314	3875460
1	1	1	5090490
1	1	1	5090490
1	1	1	5090490
1	1	1	5090490
0.272199	0.329024	0.305654	1555930
0.132075	0.490566	0.242099	1232400
1	1	1	5090490
1	1	1	5090490
1	0.491228	0.840416	4278130
1	1	1	5090490
1	1	1	5090490
1	0.482143	0.833873	4244820
1	1	1	5090490
1	0.230037	0.56808	2891810
1	1	1	5090490
0.132353	1	0.400008	2036240
1	0.446429	0.806462	4105290
1	1	1	5090490
0.122807	1	0.380351	1936170
0.0892857	1	0.304992	1552560
1	1	1	5090490
0.0447761	0.477612	0.103614	527446
1	1	1	5090490
1	1	1	5090490
1	1	1	5090490
0.116179	1	0.366269	1864490
1	0.455882	0.813987	4143590
1	0.457627	0.815355	4150550
1	1	1	5090490
1	0.403509	0.769716	3918230
0.109091	1	0.35079	1785690
1	1	1	5090490
1	0.490566	0.839945	4275730
1	0.447761	0.807535	4110750
1	0.467532	0.822991	4189430
1	0.460317	0.81745	4161220
1	0.469697	0.824632	4197780
1	0.470588	0.825304	4201200
1	0.469388	0.824398	4196590
1	1	1	5090490
1	1	1	5090490
1	0.444444	0.804858	4097120
1	1	1	5090490
1	0.402985	0.76924	3915810
1	1	1	5090490
1	0.493763	0.842211	4287270
1	0.491525	0.840627	4279210
1	0.480769	0.832869	4239710
1	0.477612	0.830546	4227890
1	0.471698	0.82614	4205460
1	1	1	5090490
1	0.492308	0.841182	4282030
1	1	1	5090490
1	1	1	5090490
1	1	1	5090490
1	0.491228	0.840416	4278130
1	1	1	5090490
1	1	1	5090490
1	0.508468	0.852372	4338990
1	1	1	5090490
0.133333	0.36	0.193755	986306
1	0.489796	0.839396	4272940
1	0.415094	0.780066	3970920
1	0.436364	0.798231	4063390
0.0857143	0.471429	0.170067	865723
1	1	1	5090490
0.131148	1	0.397565	2023800
1	0.454545	0.812935	4138240
1	1	1	5090490
1	0.46875	0.823915	4194130
1	0.474576	0.828294	4216420
1	0.487179	0.837521	4263390
1	0.433962	0.796233	4053220
1	0.07734	0.275295	1401390
0.0704225	0.464789	0.144655	736362
1	0.153846	0.441816	2249060
1	0.466667	0.822332	4186070
1	1	1	5090490
0.28	0.42	0.369319	1880010
1	0.453125	0.811813	4132530
1	1	1	5090490
1	1	1	5090490
1	1	1	5090490
0.364051	0.430293	0.447036	2275630
0.199615	0.430293	0.29673	1510500
1	1	1	5090490
1	0.231707	0.570528	2904270
1	0.477612	0.830546	4227890
0.046875	1	0.190325	968849
1	1	1	5090490
1	1	1	5090490
1	1	1	5090490
1	0.483333	0.83474	4249240
1	0.391892	0.759004	3863700
0.078125	1	0.2773	1411600
1	0.48	0.832305	4236840
1	1	1	5090490
1	1	1	5090490
1	1	1	5090490
1	1	1	5090490
1	0.472727	0.826912	4209390
1	1	1	5090490
1	1	1	5090490
0.0943396	0.45283	0.177419	903152
1	0.484375	0.835496	4253090
0.104478	0.492537	0.204137	1039160
1	1	1	5090490
1	1	1	5090490
1	0.461538	0.818395	4166030
1	1	1	5090490
1	0.406127	0.772084	3930290
0.346939	0.139785	0.195261	993975
1	1	1	5090490
1	0.47541	0.828914	4219580
1	1	1	5090490
1	0.234043	0.573931	2921590
0.0689655	1	0.25339	1289880
0.103448	1	0.33814	1721300
1	1	1	5090490
1	1	1	5090490
1	1	1	5090490
1	1	1	5090490
0.0869565	1	0.299335	1523760
0.0930233	1	0.313945	1598130
0.1	1	0.330259	1681180
1	0.492308	0.841182	4282030
1	0.454545	0.812935	4138240
0.0675676	1	0.249637	1270770
0.0681818	0.454545	0.138658	705838
1	1	1	5090490
1	0.390625	0.757815	3857650
0.0951877	1	0.31906	1624170
0.271285	0.505024	0.409336	2083720
1	1	1	5090490
1	0.49419	0.842513	4288800
1	1	1	5090490
1	0.4375	0.799172	4068180
1	1	1	5090490
1	0.196612	0.516406	2628760
1	1	1	5090490
1	1	1	5090490
1	1	1	5090490
1	0.482143	0.833873	4244820
1	1	1	5090490
1	1	1	5090490
0.0506329	1	0.201679	1026640
0.0769231	0.415385	0.141982	722756
0.115942	1	0.365758	1861890
1	0.434783	0.796917	4056700
1	1	1	5090490
1	0.482143	0.833873	4244820
1	1	1	5090490
1	0.389831	0.757068	3853850
1	1	1	5090490
1	0.767457	0.970582	4940740
1	0.770975	0.971505	4945440
0.282016	0.767312	0.547619	2787650
0.112016	0.557849	0.235754	1200100
0.48934	1	0.83907	4271280
0.223329	1	0.558123	2841120
0.165208	1	0.462674	2355240
0.547981	0.814673	0.80646	4105280
0.354725	1	0.722366	3677200
0.0842612	1	0.292709	1490030
0.55944	0.81938	0.815953	4153600
0.140926	0.81938	0.364745	1856730
1	0.830114	0.984675	5012480
1	0.65148	0.930645	4737440
0.221924	0.819125	0.491713	2503060
1	0.65148	0.930645	4737440
0.520838	0.821253	0.790993	4026540
1	0.808977	0.980468	4991060
0.277918	0.399169	0.354862	1806420
0.370335	0.449026	0.464618	2365130
0.27673	0.69662	0.510128	2596800
0.207491	0.279198	0.222947	1134910
0.0959711	0.533933	0.203493	1035880
0.405594	0.384327	0.445611	2268380
1	0.812662	0.981241	4995000
0.388235	0.825647	0.68524	3488210
0.352494	0.827924	0.651254	3315200
0.0396097	0.830088	0.14516	738935
0.012061	0.829604	0.0560786	285468
0.0373725	1	0.160209	815544
0.0682718	0.697876	0.192676	980816
0.0682718	0.697876	0.192676	980816
0.0814689	1	0.285755	1454630
0.119044	0.717065	0.295427	1503870
0.22569	0.856438	0.510974	2601110
0.0310311	0.594508	0.092108	468875
1	0.468097	0.82342	4191610
0.0569873	0.583247	0.146381	745152
0.592068	0.58635	0.714444	3636870
0.519197	0.853083	0.803617	4090810
0.573574	0.684469	0.759661	3867050
0.470053	0.686123	0.687474	3499580
1	0.838811	0.986249	5020490
0.542714	0.820463	0.805532	4100550
1	0.648175	0.92922	4730190
0.423733	0.797438	0.704524	3586370
1	1	1	5090490
1	0.500463	0.846894	4311110
0.0634921	0.460317	0.132474	674360
1	1	1	5090490
1	1	1	5090490
1	0.482759	0.834322	4247110
1	1	1	5090490
1	1	1	5090490
0.100181	0.340176	0.149235	759680
1	0.325581	0.69093	3517170
1	1	1	5090490
1	1	1	5090490
1	1	1	5090490
1	0.443038	0.803715	4091300
1	1	1	5090490
1	1	1	5090490
0.164408	1	0.461231	2347890
1	1	1	5090490
0.0166667	0.466667	0.0455504	231874
1	1	1	5090490
1	1	1	5090490
1	0.449275	0.808749	4116930
1	1	1	5090490
1	1	1	5090490
1	0.465517	0.821455	4181610
1	0.472727	0.826912	4209390
1	1	1	5090490
0.15873	0.47619	0.270785	1378430
1	0.44	0.801231	4078660
1	0.442308	0.80312	4088270
1	1	1	5090490
1	1	1	5090490
0.0142857	0.442857	0.0383578	195260
1	0.461538	0.818395	4166030
0.0357143	1	0.154722	787609
0.107143	1	0.346456	1763630
1	1	1	5090490
1	1	1	5090490
1	1	1	5090490
1	1	1	5090490
0.0588235	1	0.225483	1147820
1	1	1	5090490
0.0294118	1	0.133128	677688
1	1	1	5090490
0.0882353	1	0.302448	1539610
1	1	1	5090490
0.0882353	1	0.302448	1539610
1	1	1	5090490
1	0.468085	0.823411	4191570
1	1	1	5090490
1	1	1	5090490
1	0.424658	0.788365	4013160
1	1	1	5090490
1	1	1	5090490
1	1	1	5090490
0.0740741	0.419753	0.139009	707625
1	0.416667	0.781445	3977940
1	1	1	5090490
1	1	1	5090490
1	1	1	5090490
1	1	1	5090490
1	1	1	5090490
1	1	1	5090490
1	0.462687	0.819282	4170550
1	0.463415	0.819842	4173400
1	1	1	5090490
1	0.484375	0.835496	4253090
0.028169	0.478873	0.0715727	364340
1	1	1	5090490
0.0352941	0.494118	0.0880521	448229
1	0.487179	0.837521	4263390
1	1	1	5090490
1	1	1	5090490
1	1	1	5090490
1	1	1	5090490
1	0.490566	0.839945	4275730
1	0.482143	0.833873	4244820
1	1	1	5090490
1	0.45	0.809328	4119880
1	1	1	5090490
0.0857143	1	0.296292	1508270
1	1	1	5090490
1	1	1	5090490
1	1	1	5090490
1	0.491228	0.840416	4278130
1	1	1	5090490
1	1	1	5090490
1	1	1	5090490
1	0.365854	0.733728	3735030
0.0869565	1	0.299335	1523760
1	1	1	5090490
1	0.481013	0.833047	4240620
1	0.453125	0.811813	4132530
0.101695	0.474576	0.194549	990352
1	1	1	5090490
1	1	1	5090490
1	1	1	5090490
1	1	1	5090490
1	0.495032	0.843105	4291820
1	1	1	5090490
1	0.211039	0.539355	2745580
1	1	1	5090490
1	1	1	5090490
1	1	1	5090490
1	1	1	5090490
1	1	1	5090490
1	1	1	5090490
1	0.484375	0.835496	4253090
1	1	1	5090490
1	0.419355	0.78379	3989880
1	0.492958	0.841642	4284370
1	1	1	5090490
1	1	1	5090490
1	1	1	5090490
1	0.484848	0.835839	4254830
1	0.384615	0.75212	3828660
1	0.467742	0.82315	4190240
0.0810811	0.472973	0.163407	831820
1	1	1	5090490
1	1	1	5090490
1	1	1	5090490
1	1	1	5090490
1	0.492754	0.841498	4283640
0.04	1	0.168755	859046
0.353599	0.493361	0.479064	2438670
1	0.457143	0.814976	4148630
1	1	1	5090490
1	1	1	5090490
1	1	1	5090490
1	1	1	5090490
1	1	1	5090490
1	1	1	5090490
1	1	1	5090490
1	0.491803	0.840824	4280210
1	1	1	5090490
1	1	1	5090490
1	1	1	5090490
1	0.459459	0.816783	4157830
1	0.469388	0.824398	4196590
1	1	1	5090490
1	0.23913	0.581265	2958930
1	1	1	5090490
0.084472	1	0.293231	1492690
0.0776471	1	0.27608	1405390
0.0862069	1	0.2975	1514420
1	1	1	5090490
1	1	1	5090490
0.4375	1	0.799172	4068180
1	0.428571	0.791699	4030140
1	0.206478	0.532209	2709210
0.0571429	0.201681	0.0629621	320508
0.0571429	0.201681	0.0629621	320508
1	1	1	5090490
1	1	1	5090490
1	1	1	5090490
1	0.45098	0.81011	4123860
1	0.454545	0.812935	4138240
0.0454545	0.454545	0.100816	513204
1	1	1	5090490
1	0.458333	0.815906	4153360
1	1	1	5090490
1	1	1	5090490
1	0.48	0.832305	4236840
1	1	1	5090490
1	1	1	5090490
0.20634	0.258728	0.209818	1068080
0.219466	0.149821	0.145164	738956
1	1	1	5090490
1	1	1	5090490
1	0.423729	0.787568	4009110
1	0.236425	0.57738	2939150
1	0.238026	0.579683	2950870
1	0.421875	0.785973	4000990
1	1	1	5090490
1	0.408451	0.774171	3940910
1	0.430556	0.793376	4038670
1	0.478261	0.831026	4230330
1	0.463768	0.820114	4174780
1	0.436364	0.798231	4063390
1	0.465116	0.821148	4180050
1	0.480519	0.832686	4238780
1	1	1	5090490
1	1	1	5090490
1	0.461538	0.818395	4166030
1	1	1	5090490
1	0.00495918	0.0312751	159206
0.038961	1	0.165397	841953
1	0.493671	0.842146	4286940
1	1	1	5090490
1	1	1	5090490
1	0.492308	0.841182	4282030
0.188679	1	0.503341	2562250
1	1	1	5090490
1	0.757687	0.967934	4927260
1	0.762211	0.969176	4933580
1	1	1	5090490
1	1	1	5090490
1	0.47619	0.829494	4222530
1	0.485714	0.836465	4258020
1	0.42	0.78435	3992730
1	1	1	5090490
1	0.425926	0.789449	4018680
0.0695489	0.492481	0.149817	762642
1	1	1	5090490
1	1	1	5090490
1	1	1	5090490
1	1	1	5090490
1	0.491803	0.840824	4280210
1	0.47541	0.828914	4219580
1	0.494118	0.842462	4288540
0.0425532	1	0.176894	900475
1	0.407407	0.773235	3936150
1	1	1	5090490
1	0.468085	0.823411	4191570
1	1	1	5090490
0.0222222	0.488889	0.0599952	305405
1	0.488889	0.838748	4269640
1	1	1	5090490
1	1	1	5090490
1	1	1	5090490
1	0.491228	0.840416	4278130
1	0.491803	0.840824	4280210
1	0.44	0.801231	4078660
1	0.463768	0.820114	4174780
1	1	1	5090490
1	1	1	5090490
1	1	1	5090490
1	1	1	5090490
0.15	0.483333	0.262752	1337540
1	1	1	5090490
1	0.49095	0.840218	4277120
1	1	1	5090490
1	0.188571	0.503161	2561340
0.0597015	0.41791	0.117037	595776
1	0.477612	0.830546	4227890
1	0.472222	0.826533	4207460
1	0.47541	0.828914	4219580
1	0.471698	0.82614	4205460
1	0.405797	0.771786	3928770
1	0.490566	0.839945	4275730
1	1	1	5090490
1	1	1	5090490
1	1	1	5090490
1	0.45614	0.81419	4144630
1	1	1	5090490
1	0.490196	0.839681	4274390
1	1	1	5090490
1	1	1	5090490
1	1	1	5090490
0.388889	0.332202	0.393573	2003480
1	1	1	5090490
1	1	1	5090490
1	0.490196	0.839681	4274390
1	1	1	5090490
1	0.466667	0.822332	4186070
1	1	1	5090490
1	0.529412	0.866112	4408930
0.0625	1	0.235787	1200270
1	1	1	5090490
0.0434783	0.478261	0.101331	515824
1	0.471429	0.825937	4204430
1	0.404255	0.770393	3921680
0.178571	0.428571	0.273219	1390820
1	1	1	5090490
1	0.486111	0.836752	4259480
1	1	1	5090490
0.138462	1	0.412223	2098420
1	1	1	5090490
1	1	1	5090490
1	1	1	5090490
0.108108	1	0.348608	1774590
1	1	1	5090490
1	1	1	5090490
1	1	1	5090490
1	0.482759	0.834322	4247110
1	0.453333	0.811978	4133370
1	1	1	5090490
1	1	1	5090490
1	1	1	5090490
1	0.470588	0.825304	4201200
1	0.45098	0.81011	4123860
0.016129	1	0.0826957	420962
1	0.487805	0.837971	4265680
0.369898	1	0.737772	3755620
0.133333	1	0.401987	2046310
1	0.492063	0.841009	4281150
1	1	1	5090490
1	1	1	5090490
1	0.483871	0.835131	4251230
1	1	1	5090490
1	1	1	5090490
1	0.489796	0.839396	4272940
0.0666667	0.488889	0.144179	733941
1	1	1	5090490
1	1	1	5090490
1	0.4	0.766516	3901940
1	1	1	5090490
1	0.628768	0.920512	4685860
0.219734	0.25	0.21433	1091050
0.046875	0.25	0.0638269	324910
1	1	1	5090490
1	1	1	5090490
1	0.502739	0.848464	4319100
1	0.158646	0.450726	2294420
0.0483871	1	0.194928	992282
1	1	1	5090490
0.0461538	0.492308	0.108711	553394
1	1	1	5090490
1	1	1	5090490
1	1	1	5090490
1	0.469388	0.824398	4196590
1	0.460526	0.817612	4162040
1	1	1	5090490
1	1	1	5090490
0.102941	0.470588	0.195097	993142
1	0.476923	0.830037	4225300
1	0.1124	0.358071	1822760
1	1	1	5090490
1	0.446809	0.806769	4106850
1	0.363636	0.731491	3723650
1	1	1	5090490
0.0746269	0.462687	0.150752	767400
1	1	1	5090490
1	1	1	5090490
0.0638298	0.489362	0.139505	710150
1	0.485714	0.836465	4258020
1	1	1	5090490
0.107692	1	0.347682	1769870
1	1	1	5090490
1	1	1	5090490
1	0.454545	0.812935	4138240
0.0909091	0.469697	0.177356	902829
1	0.45098	0.81011	4123860
1	0.45	0.809328	4119880
1	0.467742	0.82315	4190240
1	0.0876691	0.301072	1532600
1	0.423729	0.787568	4009110
1	0.387755	0.755107	3843870
1	0.495032	0.843105	4291820
1	1	1	5090490
1	0.43038	0.793227	4037920
1	0.122935	0.380618	1937530
1	0.492063	0.841009	4281150
1	0.493333	0.841908	4285720
1	0.242877	0.586596	2986060
1	0.472973	0.827096	4210320
1	0.485294	0.836162	4256470
1	1	1	5090490
1	1	1	5090490
1	1	1	5090490
1	0.486486	0.837022	4260860
1	0.0482594	0.194541	990312
1	1	1	5090490
1	1	1	5090490
1	1	1	5090490
0.0888889	1	0.304033	1547680
1	1	1	5090490
0.132353	1	0.400008	2036240
1	1	1	5090490
1	0.263589	0.615049	3130900
1	1	1	5090490
1	0.484848	0.835839	4254830
1	1	1	5090490
1	1	1	5090490
1	0.393443	0.760454	3871080
1	0.492754	0.841498	4283640
0.135593	1	0.406521	2069390
1	0.5	0.846574	4309480
1	1	1	5090490
1	0.48	0.832305	4236840
1	0.326087	0.691497	3520060
1	1	1	5090490
1	1	1	5090490
1	1	1	5090490
1	1	1	5090490
1	1	1	5090490
0.08	1	0.282058	1435820
0.0832998	1	0.290326	1477900
0.0958904	0.479452	0.187562	954782
0.0175439	1	0.0884746	450379
1	1	1	5090490
1	1	1	5090490
1	0.491803	0.840824	4280210
0.109015	1	0.350621	1784830
1	0.46	0.817203	4159970
1	1	1	5090490
1	1	1	5090490
1	0.472727	0.826912	4209390
0.0612245	1	0.232237	1182200
1	1	1	5090490
1	0.487179	0.837521	4263390
1	0.457143	0.814976	4148630
1	1	1	5090490
1	1	1	5090490
1	0.482759	0.834322	4247110
1	1	1	5090490
1	1	1	5090490
1	1	1	5090490
1	1	1	5090490
0.152174	0.478261	0.263483	1341260
1	0.212341	0.541377	2755870
1	1	1	5090490
1	1	1	5090490
0.340541	1	0.707378	3600900
1	1	1	5090490
1	1	1	5090490
1	0.418182	0.782769	3984680
1	1	1	5090490
1	1	1	5090490
0.0862069	0.482759	0.173928	885379
0.08	1	0.282058	1435820
1	1	1	5090490
1	1	1	5090490
1	1	1	5090490
1	0.416667	0.781445	3977940
1	1	1	5090490
0.0483871	0.435484	0.102405	521292
1	0.0877016	0.301151	1533010
1	1	1	5090490
1	1	1	5090490
1	1	1	5090490
1	0.492754	0.841498	4283640
1	0.478261	0.831026	4230330
0.016129	0.467742	0.0444126	226082
1	0.225064	0.560718	2854330
1	0.394366	0.761314	3875460
1	0.396226	0.763041	3884250
1	0.490196	0.839681	4274390
1	0.444444	0.804858	4097120
1	1	1	5090490
1	0.484848	0.835839	4254830
1	1	1	5090490
0.0208333	1	0.101483	516600
1	0.0431319	0.178717	909756
0.0923077	1	0.312243	1589470
1	1	1	5090490
1	1	1	5090490
1	1	1	5090490
1	0.464286	0.820511	4176810
1	1	1	5090490
1	1	1	5090490
1	1	1	5090490
0.0985915	0.492958	0.195577	995584
1	0.471698	0.82614	4205460
1	0.491558	0.840651	4279320
1	1	1	5090490
1	1	1	5090490
1	1	1	5090490
1	1	1	5090490
1	0.472973	0.827096	4210320
1	1	1	5090490
1	1	1	5090490
1	1	1	5090490
1	1	1	5090490
0.145253	1	0.425487	2165940
1	0.444444	0.804858	4097120
1	0.163636	0.459836	2340790
1	0.467742	0.82315	4190240
1	1	1	5090490
1	1	1	5090490
1	1	1	5090490
0.0634921	1	0.23853	1214230
1	1	1	5090490
0.171875	0.453125	0.276678	1408420
1	0.47619	0.829494	4222530
0.0307692	0.476923	0.0766253	390060
0.0625	0.484375	0.136154	693092
1	1	1	5090490
1	1	1	5090490
1	1	1	5090490
1	0.491803	0.840824	4280210
1	1	1	5090490
1	0.483333	0.83474	4249240
0.101846	1	0.334491	1702720
1	0.436364	0.798231	4063390
1	1	1	5090490
1	1	1	5090490
1	1	1	5090490
1	0.4375	0.799172	4068180
1	1	1	5090490
0.09375	0.46875	0.181266	922733
1	0.483333	0.83474	4249240
0.0597015	0.492537	0.133105	677571
1	0.493151	0.841779	4285070
1	1	1	5090490
1	0.223558	0.558466	2842870
0.0980392	1	0.325724	1658100
1	0.230655	0.568987	2896420
1	0.363636	0.731491	3723650
1	1	1	5090490
1	0.416667	0.781445	3977940
0.0701754	0.473684	0.146392	745209
1	0.444444	0.804858	4097120
1	1	1	5090490
0.200702	1	0.523016	2662410
0.193444	1	0.511227	2602400
1	1	1	5090490
1	0.471698	0.82614	4205460
1	0.196429	0.516108	2627240
0.158163	1	0.449836	2289890
0.0307692	0.492308	0.0786161	400195
1	1	1	5090490
1	1	1	5090490
1	1	1	5090490
1	1	1	5090490
1	1	1	5090490
1	0.490566	0.839945	4275730
1	1	1	5090490
1	0.228675	0.566075	2881600
1	0.466667	0.822332	4186070
1	0.471698	0.82614	4205460
0.0757576	0.484848	0.158095	804781
0.0606061	1	0.230507	1173390
1	1	1	5090490
1	1	1	5090490
0.0377358	0.45283	0.0866253	440965
0.0377358	0.45283	0.0866253	440965
1	1	1	5090490
1	0.469136	0.824207	4195620
1	0.752591	0.966503	4919970
1	0.749326	0.965567	4915210
0.00992383	0.755453	0.0441816	224906
0.245274	1	0.589977	3003270
1	1	1	5090490
1	1	1	5090490
1	0.488372	0.838377	4267750
1	0.671529	0.938931	4779620
1	0.54514	0.875883	4458680
1	0.685351	0.944293	4806920
1	1	1	5090490
1	0.59825	0.905599	4609940
0.153448	0.801407	0.380702	1937960
0.255973	0.664992	0.471623	2400790
1	0.469565	0.824532	4197270
1	0.6588	0.93374	4753200
1	0.359167	0.726943	3700500
1	0.648245	0.929251	4730340
0.26231	0.515208	0.405624	2064820
0.265795	0.496279	0.399108	2031660
0.175625	0.501553	0.302084	1537760
0.38688	0.646607	0.596794	3037970
1	0.501553	0.847648	4314940
0.123821	0.657098	0.285488	1453280
1	0.657098	0.933028	4749570
0.578681	0.543798	0.678519	3453990
1	0.432684	0.795164	4047770
0.472144	0.253873	0.374144	1904580
0.152203	0.253873	0.164355	836647
0.00541231	0.258547	0.0105954	53936
1	0.26003	0.61028	3106620
1	0.462585	0.819203	4170150
1	0.69424	0.947594	4823720
1	0.669741	0.938216	4775980
0.310314	0.672322	0.535595	2726440
0.161138	1	0.455294	2317670
0.44955	0.440909	0.519	2641960
0.443485	0.438835	0.513151	2612190
0.0736196	1	0.265682	1352450
1	1	1	5090490
1	0.470093	0.824931	4199300
0.501885	1	0.847876	4316110
0.396861	0.525602	0.535532	2726120
0.0821155	0.346632	0.12977	660594
0.288144	0.346632	0.329982	1679770
1	0.116391	0.366726	1866810
0.193903	0.0238397	0.0294774	150055
0.394909	0.0398277	0.081037	412518
0.104944	0.0398277	0.027074	137820
0.540303	0.0404994	0.105517	537133
0.164768	0.0645591	0.0589667	300170
0.490909	0.0597557	0.132856	676302
1	0.0328649	0.14511	738681
1	0.0122781	0.0663011	337505
1	0.473684	0.827628	4213030
1	1	1	5090490
1	1	1	5090490
1	1	1	5090490
0.0980392	0.470588	0.188058	957308
1	0.239619	0.581964	2962480
1	0.413081	0.778291	3961880
1	1	1	5090490
1	0.454545	0.812935	4138240
1	0.37037	0.738241	3758010
0.115385	0.480769	0.215894	1099010
1	0.482143	0.833873	4244820
0.295396	0.493606	0.426559	2171390
0.0856777	0.493606	0.176065	896259
0.151515	1	0.437435	2226760
1	0.45614	0.81419	4144630
0.0816327	0.469388	0.163303	831292
1	1	1	5090490
1	0.435484	0.797501	4059670
1	1	1	5090490
1	1	1	5090490
1	1	1	5090490
1	1	1	5090490
1	1	1	5090490
1	1	1	5090490
1	0.444444	0.804858	4097120
1	0.44	0.801231	4078660
1	1	1	5090490
1	0.465909	0.821754	4183130
1	0.485714	0.836465	4258020
1	0.431373	0.794063	4042170
1	1	1	5090490
1	1	1	5090490
0.12	1	0.374432	1906040
0.0749757	1	0.269207	1370400
1	0.490566	0.839945	4275730
1	0.498834	0.845764	4305360
1	1	1	5090490
1	0.457627	0.815355	4150550
1	1	1	5090490
0.122024	1	0.378706	1927800
1	0.470588	0.825304	4201200
1	1	1	5090490
1	0.441176	0.802196	4083570
0.0232558	1	0.110726	563648
1	1	1	5090490
1	1	1	5090490
1	1	1	5090490
1	0.444444	0.804858	4097120
1	0.492537	0.841345	4282860
1	0.493333	0.841908	4285720
1	1	1	5090490
1	1	1	5090490
1	1	1	5090490
1	0.482759	0.834322	4247110
1	1	1	5090490
1	1	1	5090490
1	0.476923	0.830037	4225300
1	1	1	5090490
0.134158	1	0.403645	2054750
1	0.493151	0.841779	4285070
1	0.508036	0.85208	4337500
0.107692	1	0.347682	1769870
1	1	1	5090490
1	1	1	5090490
1	1	1	5090490
0.0526316	1	0.207602	1056800
0.184211	1	0.495835	2524040
0.0714286	1	0.259933	1323180
1	0.47619	0.829494	4222530
0.0731707	0.487805	0.154651	787248
1	1	1	5090490
1	1	1	5090490
1	1	1	5090490
1	1	1	5090490
1	1	1	5090490
1	1	1	5090490
1	0.464789	0.820897	4178770
1	0.46875	0.823915	4194130
0.0377358	1	0.161402	821614
1	1	1	5090490
1	1	1	5090490
1	1	1	5090490
1	1	1	5090490
1	0.444444	0.804858	4097120
1	0.465753	0.821635	4182530
1	1	1	5090490
0.031746	1	0.141269	719131
1	0.488889	0.838748	4269640
0.137255	1	0.409832	2086240
1	0.483871	0.835131	4251230
1	0.42623	0.789708	4020000
1	1	1	5090490
1	1	1	5090490
1	1	1	5090490
1	1	1	5090490
1	1	1	5090490
1	0.494118	0.842462	4288540
1	0.493827	0.842257	4287500
1	1	1	5090490
1	0.466667	0.822332	4186070
1	1	1	5090490
1	0.467742	0.82315	4190240
0.0363636	1	0.156879	798594
0.0695489	1	0.254947	1297810
1	1	1	5090490
1	1	1	5090490
1	1	1	5090490
1	0.491228	0.840416	4278130
1	1	1	5090490
1	0.223188	0.557913	2840050
1	1	1	5090490
1	1	1	5090490
1	0.491803	0.840824	4280210
1	1	1	5090490
1	1	1	5090490
1	1	1	5090490
1	1	1	5090490
1	1	1	5090490
1	1	1	5090490
1	1	1	5090490
1	0.476923	0.830037	4225300
1	0.478261	0.831026	4230330
1	1	1	5090490
1	0.000283208	0.00259682	13219.1
1	1	1	5090490
1	0.380952	0.748602	3810750
1	0.205383	0.530479	2700400
0.0761689	1	0.272289	1386080
1	0.414634	0.779661	3968860
1	0.423077	0.787008	4006260
0.148148	0.444444	0.244969	1247010
1	0.169963	0.471168	2398470
1	0.169963	0.471168	2398470
1	0.180394	0.489339	2490970
1	0.180394	0.489339	2490970
1	0.421053	0.785262	3997370
0.142857	1	0.420844	2142300
1	1	1	5090490
1	1	1	5090490
1	1	1	5090490
1	0.434783	0.796917	4056700
1	0.413793	0.77892	3965080
1	1	1	5090490
1	1	1	5090490
1	0.4	0.766516	3901940
1	1	1	5090490
1	0.42623	0.789708	4020000
0.137255	0.490196	0.248866	1266850
0.0204082	0.469388	0.0541055	275424
1	0.462963	0.819495	4171630
0.0625	1	0.235787	1200270
1	1	1	5090490
1	1	1	5090490
1	0.489796	0.839396	4272940
1	0.479167	0.831693	4233720
1	0.490909	0.840189	4276980
1	1	1	5090490
1	1	1	5090490
1	1	1	5090490
1	1	1	5090490
1	0.425926	0.789449	4018680
1	1	1	5090490
1	1	1	5090490
1	1	1	5090490
1	1	1	5090490
1	0.442623	0.803377	4089580
1	0.440678	0.801788	4081490
1	0.471429	0.825937	4204430
1	1	1	5090490
1	1	1	5090490
1	1	1	5090490
1	1	1	5090490
1	0.129032	0.393251	2001840
1	0.448276	0.807948	4112850
1	0.460317	0.81745	4161220
1	1	1	5090490
1	1	1	5090490
1	1	1	5090490
1	0.491525	0.840627	4279210
0.0625	1	0.235787	1200270
1	1	1	5090490
1	1	1	5090490
1	1	1	5090490
1	0.492063	0.841009	4281150
0.278162	0.692465	0.509868	2595480
0.101449	0.692465	0.256813	1307300
1	0.468085	0.823411	4191570
1	0.490566	0.839945	4275730
1	1	1	5090490
1	0.453125	0.811813	4132530
1	0.45	0.809328	4119880
1	1	1	5090490
1	1	1	5090490
1	0.491525	0.840627	4279210
1	1	1	5090490
0.0701754	0.438596	0.137917	702067
1	0.215774	0.546668	2782810
1	1	1	5090490
0.240404	1	0.583084	2968180
1	0.238462	0.580307	2954050
1	1	1	5090490
1	1	1	5090490
1	0.464286	0.820511	4176810
1	1	1	5090490
0.0491803	0.47541	0.111195	566039
0.163934	0.47541	0.276818	1409140
1	0.438596	0.800077	4072780
1	0.491803	0.840824	4280210
0.0434783	1	0.179804	915291
1	0.489362	0.839086	4271360
1	1	1	5090490
1	1	1	5090490
1	0.492308	0.841182	4282030
1	0.490909	0.840189	4276980
0.0508475	0.474576	0.114001	580321
1	1	1	5090490
1	1	1	5090490
1	0.430769	0.793556	4039590
1	1	1	5090490
0.0638298	1	0.23946	1218970
1	0.496491	0.844129	4297030
0.112903	1	0.35917	1828350
1	1	1	5090490
1	0.485294	0.836162	4256470
0.09375	1	0.315668	1606900
1	0.112448	0.358176	1823290
1	1	1	5090490
1	0.461538	0.818395	4166030
1	1	1	5090490
1	1	1	5090490
1	1	1	5090490
1	1	1	5090490
1	0.405405	0.771433	3926970
1	0.466667	0.822332	4186070
0.149038	1	0.432741	2202860
1	1	1	5090490
1	0.492063	0.841009	4281150
1	0.477612	0.830546	4227890
1	1	1	5090490
1	1	1	5090490
1	0.489796	0.839396	4272940
1	0.396825	0.763595	3887070
0.272727	1	0.627077	3192130
1	1	1	5090490
1	0.4375	0.799172	4068180
1	0.435897	0.797844	4061420
1	1	1	5090490
1	1	1	5090490
1	1	1	5090490
1	1	1	5090490
1	0.441176	0.802196	4083570
1	1	1	5090490
1	1	1	5090490
1	1	1	5090490
1	0.449275	0.808749	4116930
1	0.063846	0.239504	1219190
1	0.439024	0.800429	4074580
1	0.0688259	0.253016	1287980
1	1	1	5090490
1	0.465753	0.821635	4182530
0.0491803	1	0.197324	1004480
1	0.461538	0.818395	4166030
1	1	1	5090490
1	0.445783	0.805941	4102640
1	1	1	5090490
0.0746269	1	0.268303	1365790
1	1	1	5090490
1	1	1	5090490
1	1	1	5090490
1	1	1	5090490
1	0.530214	0.866621	4411530
0.101449	0.530214	0.211	1074090
1	0.530214	0.866621	4411530
1	1	1	5090490
1	1	1	5090490
1	1	1	5090490
1	0.42	0.78435	3992730
1	0.239437	0.581703	2961160
1	1	1	5090490
1	0.488889	0.838748	4269640
1	1	1	5090490
1	0.487805	0.837971	4265680
1	1	1	5090490
1	0.486842	0.837279	4262160
1	0.448276	0.807948	4112850
1	1	1	5090490
1	0.464789	0.820897	4178770
1	0.469697	0.824632	4197780
0.0434783	1	0.179804	915291
1	0.47541	0.828914	4219580
1	1	1	5090490
1	0.483333	0.83474	4249240
1	1	1	5090490
1	0.459016	0.816438	4156070
0.146341	0.487805	0.259821	1322610
0.0731707	0.487805	0.154651	787248
1	0.461538	0.818395	4166030
0.169811	1	0.470898	2397100
1	1	1	5090490
1	1	1	5090490
1	1	1	5090490
1	0.456522	0.814489	4146150
1	1	1	5090490
1	1	1	5090490
1	0.414634	0.779661	3968860
1	0.446809	0.806769	4106850
1	0.468085	0.823411	4191570
1	1	1	5090490
0.12766	1	0.390433	1987490
1	1	1	5090490
1	1	1	5090490
1	0.461538	0.818395	4166030
0.0769231	0.461538	0.154017	784021
1	0.461538	0.818395	4166030
1	0.4	0.766516	3901940
1	1	1	5090490
1	0.482759	0.834322	4247110
0.218487	1	0.550813	2803910
1	1	1	5090490
1	1	1	5090490
1	0.4375	0.799172	4068180
1	0.471698	0.82614	4205460
1	1	1	5090490
0.0810811	1	0.284782	1449680
0.0675676	1	0.249637	1270770
1	1	1	5090490
1	0.47619	0.829494	4222530
1	1	1	5090490
1	1	1	5090490
1	0.415094	0.780066	3970920
1	1	1	5090490
1	0.491803	0.840824	4280210
1	1	1	5090490
1	1	1	5090490
1	1	1	5090490
1	1	1	5090490
0.0592492	1	0.226688	1153950
1	0.431034	0.793779	4040720
0.129588	1	0.394388	2007630
0.0196078	1	0.0967025	492263
1	1	1	5090490
0.191489	1	0.508007	2586000
1	0.448276	0.807948	4112850
1	0.589502	0.90104	4586740
1	1	1	5090490
1	0.472727	0.826912	4209390
1	1	1	5090490
1	0.113148	0.359705	1831070
1	0.492063	0.841009	4281150
0.0606061	0.484848	0.133033	677203
1	0.466667	0.822332	4186070
1	0.48	0.832305	4236840
1	0.484375	0.835496	4253090
1	1	1	5090490
1	1	1	5090490
0.183099	0.43662	0.281918	1435100
1	1	1	5090490
1	1	1	5090490
1	0.46988	0.82477	4198480
1	1	1	5090490
1	0.483333	0.83474	4249240
1	0.812481	0.981203	4994810
1	0.576471	0.894008	4550940
0.336762	0.451349	0.438344	2231390
0.253336	0.710423	0.488622	2487330
1	1	1	5090490
1	1	1	5090490
1	1	1	5090490
0.17232	1	0.475328	2419650
1	1	1	5090490
1	1	1	5090490
0.142857	0.444444	0.23853	1214230
1	0.493506	0.84203	4286350
0.151515	1	0.437435	2226760
1	1	1	5090490
1	0.447059	0.80697	4107870
1	0.4625	0.819138	4169810
1	1	1	5090490
0.0571429	1	0.220697	1123460
1	1	1	5090490
1	1	1	5090490
0.1	0.4375	0.180655	919624
1	0.494118	0.842462	4288540
1	0.492537	0.841345	4282860
0.0447761	1	0.183854	935909
0.102041	1	0.334937	1704990
1	0.48	0.832305	4236840
1	1	1	5090490
1	1	1	5090490
1	0.465753	0.821635	4182530
1	1	1	5090490
1	1	1	5090490
1	1	1	5090490
1	1	1	5090490
1	0.433962	0.796233	4053220
1	1	1	5090490
1	0.454545	0.812935	4138240
1	1	1	5090490
1	0.461538	0.818395	4166030
1	1	1	5090490
1	0.378378	0.746109	3798060
0.243243	0.351351	0.295676	1505140
0.0877193	1	0.301194	1533230
1	0.236842	0.57798	2942200
1	0.493349	0.841919	4285780
0.197368	1	0.517635	2635020
1	1	1	5090490
1	1	1	5090490
1	0.212341	0.541377	2755870
0.027027	1	0.124619	634374
1	0.492063	0.841009	4281150
1	0.483333	0.83474	4249240
0.0638298	0.489362	0.139505	710150
1	1	1	5090490
0.0810811	1	0.284782	1449680
1	1	1	5090490
0.314286	1	0.678057	3451640
1	0.492537	0.841345	4282860
1	1	1	5090490
1	1	1	5090490
1	1	1	5090490
1	1	1	5090490
1	0.473684	0.827628	4213030
1	0.467742	0.82315	4190240
1	0.462963	0.819495	4171630
1	1	1	5090490
1	0.734416	0.961115	4892550
1	0.734416	0.961115	4892550
1	1	1	5090490
1	1	1	5090490
1	1	1	5090490
0.236111	1	0.576926	2936840
1	1	1	5090490
0.0185185	1	0.0923886	470303
1	0.486842	0.837279	4262160
1	0.492537	0.841345	4282860
1	1	1	5090490
1	1	1	5090490
1	0.455882	0.813987	4143590
1	1	1	5090490
1	0.491525	0.840627	4279210
1	1	1	5090490
0.0447761	0.447761	0.0984321	501068
0.0298507	0.432836	0.0691109	351808
1	1	1	5090490
0.109091	0.454545	0.198547	1010700
1	0.490909	0.840189	4276980
1	0.469697	0.824632	4197780
1	1	1	5090490
1	1	1	5090490
1	0.492537	0.841345	4282860
1	0.221858	0.555913	2829870
1	1	1	5090490
0.0222222	1	0.106815	543739
1	0.492537	0.841345	4282860
1	1	1	5090490
1	1	1	5090490
0.0338983	1	0.148623	756566
0.0655738	0.491803	0.143002	727951
1	1	1	5090490
1	1	1	5090490
1	0.0469118	0.190438	969422
0.015873	0.47619	0.0444828	226439
0.0689655	0.482759	0.146572	746122
0.210526	1	0.538557	2741520
0.0606061	0.484848	0.133033	677203
0.0533333	0.466667	0.116812	594630
0.0416667	0.472222	0.09697	493625
0.196664	1	0.51649	2629190
0.111111	1	0.355247	1808380
0.1	1	0.330259	1681180
0.147541	0.42623	0.236857	1205720
1	0.446429	0.806462	4105290
0.142857	0.446429	0.23931	1218210
1	1	1	5090490
1	0.464789	0.820897	4178770
1	0.46988	0.82477	4198480
1	0.346939	0.714211	3635680
1	1	1	5090490
1	0.472727	0.826912	4209390
1	0.455882	0.813987	4143590
1	0.472222	0.826533	4207460
1	1	1	5090490
0.156863	1	0.447433	2277650
0.0769231	0.487179	0.160547	817263
1	0.461538	0.818395	4166030
1	1	1	5090490
1	1	1	5090490
1	1	1	5090490
1	0.496479	0.844121	4296990
1	1	1	5090490
1	0.492537	0.841345	4282860
1	1	1	5090490
1	1	1	5090490
1	1	1	5090490
1	1	1	5090490
1	0.48	0.832305	4236840
1	0.458824	0.816288	4155310
1	0.415385	0.780321	3972220
1	1	1	5090490
0.0285714	0.442857	0.0679451	345874
1	0.445946	0.806073	4103310
1	1	1	5090490
1	1	1	5090490
1	0.478261	0.831026	4230330
1	0.444444	0.804858	4097120
0.0196078	0.392157	0.0451205	229685
0.031746	1	0.141269	719131
1	0.490566	0.839945	4275730
1	1	1	5090490
1	0.4	0.766516	3901940
1	0.0798727	0.281737	1434180
1	1	1	5090490
1	0.463768	0.820114	4174780
1	1	1	5090490
0.0689655	1	0.25339	1289880
1	1	1	5090490
1	1	1	5090490
1	1	1	5090490
1	0.112809	0.358965	1827310
1	1	1	5090490
1	0.473684	0.827628	4213030
1	1	1	5090490
1	0.465116	0.821148	4180050
1	0.444444	0.804858	4097120
1	1	1	5090490
1	0.4	0.766516	3901940
1	0.1124	0.358071	1822760
1	1	1	5090490
1	0.446809	0.806769	4106850
1	0.476923	0.830037	4225300
1	1	1	5090490
1	1	1	5090490
1	0.491803	0.840824	4280210
0.148148	0.481481	0.259674	1321870
1	0.490566	0.839945	4275730
0.031746	1	0.141269	719131
1	1	1	5090490
0.0980392	1	0.325724	1658100
0.0588235	1	0.225483	1147820
1	1	1	5090490
1	1	1	5090490
1	1	1	5090490
1	1	1	5090490
0.0289855	1	0.131622	670021
1	1	1	5090490
1	1	1	5090490
1	0.490196	0.839681	4274390
1	0.480769	0.832869	4239710
0.0519481	0.415584	0.104394	531419
0.0375	0.4875	0.0914406	465478
1	1	1	5090490
1	0.491803	0.840824	4280210
1	0.490566	0.839945	4275730
1	0.414634	0.779661	3968860
0.157895	1	0.449341	2287370
1	1	1	5090490
1	0.492958	0.841642	4284370
1	1	1	5090490
1	0.432432	0.794953	4046700
0.0888889	0.488889	0.179737	914948
1	1	1	5090490
1	0.48	0.832305	4236840
1	1	1	5090490
0.0508475	1	0.202318	1029900
0.0833333	0.375	0.139554	710400
1	1	1	5090490
1	0.476923	0.830037	4225300
0.0454545	1	0.185956	946610
1	1	1	5090490
1	1	1	5090490
1	0.430769	0.793556	4039590
1	0.448276	0.807948	4112850
1	0.45614	0.81419	4144630
0.0666667	1	0.247203	1258390
1	0.477612	0.830546	4227890
1	1	1	5090490
1	1	1	5090490
1	0.453125	0.811813	4132530
0.196078	0.490196	0.321241	1635270
1	1	1	5090490
1	0.462963	0.819495	4171630
1	1	1	5090490
1	0.268293	0.621279	3162620
1	0.382979	0.750552	3820680
1	1	1	5090490
1	1	1	5090490
1	0.448276	0.807948	4112850
1	1	1	5090490
1	0.492958	0.841642	4284370
1	1	1	5090490
1	1	1	5090490
1	1	1	5090490
1	0.465909	0.821754	4183130
1	1	1	5090490
1	1	1	5090490
1	0.488636	0.838567	4268720
1	0.484848	0.835839	4254830
1	1	1	5090490
1	1	1	5090490
1	0.439024	0.800429	4074580
0.25	0.395833	0.327855	1668940
1	0.056194	0.217973	1109590
1	1	1	5090490
0.0294118	1	0.133128	677688
1	0.731857	0.960321	4888510
0.145455	1	0.425875	2167910
0.175084	1	0.480166	2444280
1	0.491525	0.840627	4279210
1	0.457627	0.815355	4150550
0.1	1	0.330259	1681180
0.0882353	1	0.302448	1539610
1	0.472973	0.827096	4210320
1	1	1	5090490
1	1	1	5090490
1	0.446429	0.806462	4105290
1	1	1	5090490
1	1	1	5090490
0.0733753	1	0.265044	1349200
1	1	1	5090490
0.0615385	1	0.233113	1186660
1	0.45	0.809328	4119880
1	0.491525	0.840627	4279210
1	1	1	5090490
0.04	1	0.168755	859046
1	0.428571	0.791699	4030140
0.25	1	0.596574	3036850
1	0.480769	0.832869	4239710
1	0.467742	0.82315	4190240
1	0.45	0.809328	4119880
0.0961538	1	0.321327	1635710
0.305205	0.721994	0.553647	2818340
0.217144	1	0.548765	2793480
1	1	1	5090490
1	1	1	5090490
1	0.494737	0.842898	4290760
1	1	1	5090490
1	0.487179	0.837521	4263390
1	0.446429	0.806462	4105290
1	1	1	5090490
0.473684	1	0.827628	4213030
0.0188679	1	0.0937791	477382
0.262652	0.705301	0.497588	2532970
0.225	0.705301	0.450812	2294860
0.403846	0.705301	0.642542	3270850
0.403846	0.705301	0.642542	3270850
0.235362	0.350721	0.28845	1468350
1	1	1	5090490
1	1	1	5090490
1	1	1	5090490
1	1	1	5090490
1	0.143836	0.422745	2151980
0.188431	1	0.502927	2560150
1	1	1	5090490
1	1	1	5090490
1	1	1	5090490
1	0.478261	0.831026	4230330
1	1	1	5090490
1	1	1	5090490
1	1	1	5090490
1	1	1	5090490
0.0519481	1	0.205585	1046530
1	0.135638	0.406612	2069850
1	1	1	5090490
1	0.482759	0.834322	4247110
1	1	1	5090490
1	1	1	5090490
0.0740741	1	0.266866	1358480
0.129032	1	0.393251	2001840
1	0.486111	0.836752	4259480
0.0921053	1	0.31176	1587010
1	1	1	5090490
1	0.465517	0.821455	4181610
1	0.383333	0.750893	3822410
1	0.368421	0.7363	3748130
1	0.130508	0.396265	2017180
1	0.483871	0.835131	4251230
1	0.481481	0.83339	4242370
1	0.425532	0.789113	4016970
1	1	1	5090490
1	0.485294	0.836162	4256470
1	1	1	5090490
1	1	1	5090490
1	1	1	5090490
1	0.492063	0.841009	4281150
1	0.486842	0.837279	4262160
1	1	1	5090490
0.0666667	0.493333	0.145192	739098
0.0533333	0.493333	0.122025	621166
1	1	1	5090490
1	0.458333	0.815906	4153360
1	0.492958	0.841642	4284370
1	0.495434	0.843388	4293260
1	1	1	5090490
1	0.466667	0.822332	4186070
1	0.444444	0.804858	4097120
1	1	1	5090490
1	1	1	5090490
0.132353	0.470588	0.235187	1197220
0.0487805	1	0.196118	998338
1	1	1	5090490
1	1	1	5090490
1	0.454545	0.812935	4138240
1	1	1	5090490
0.125	1	0.38493	1959480
1	0.486486	0.837022	4260860
1	1	1	5090490
1	1	1	5090490
1	0.221053	0.554699	2823690
1	0.480519	0.832686	4238780
0.109091	1	0.35079	1785690
1	1	1	5090490
1	1	1	5090490
1	1	1	5090490
1	1	1	5090490
1	1	1	5090490
0.0769231	1	0.274227	1395950
0.221538	1	0.555432	2827420
0.150769	1	0.436025	2219580
1	1	1	5090490
1	0.474576	0.828294	4216420
1	0.446154	0.806241	4104160
1	1	1	5090490
0.104651	0.44186	0.188381	958953
1	0.093101	0.314129	1599070
1	0.470588	0.825304	4201200
1	0.484375	0.835496	4253090
1	0.491228	0.840416	4278130
1	0.492754	0.841498	4283640
1	1	1	5090490
1	1	1	5090490
1	0.441558	0.802508	4085160
0.114286	1	0.362178	1843660
1	1	1	5090490
1	0.136523	0.408377	2078840
1	0.404255	0.770393	3921680
0.286576	1	0.644725	3281970
0.121951	1	0.378553	1927020
0.114286	0.485714	0.216001	1099550
1	1	1	5090490
1	0.44	0.801231	4078660
1	1	1	5090490
0.104505	1	0.340531	1733470
1	0.471698	0.82614	4205460
0.142857	0.464286	0.246281	1253690
1	0.479452	0.831903	4234790
1	1	1	5090490
1	1	1	5090490
1	1	1	5090490
1	0.425532	0.789113	4016970
1	0.477273	0.830296	4226610
1	1	1	5090490
1	0.455882	0.813987	4143590
1	0.116122	0.366145	1863860
1	1	1	5090490
1	1	1	5090490
1	1	1	5090490
1	1	1	5090490
1	1	1	5090490
0.0491803	1	0.197324	1004480
1	1	1	5090490
0.1	1	0.330259	1681180
0.111111	1	0.355247	1808380
1	0.472727	0.826912	4209390
1	1	1	5090490
1	0.425532	0.789113	4016970
1	0.363636	0.731491	3723650
0.0327869	1	0.144843	737325
1	1	1	5090490
1	1	1	5090490
0.0666667	1	0.247203	1258390
1	1	1	5090490
0.115385	1	0.364556	1855770
1	0.183599	0.4948	2518780
1	1	1	5090490
1	1	1	5090490
1	0.490196	0.839681	4274390
1	1	1	5090490
1	0.49661	0.844212	4297460
1	0.491228	0.840416	4278130
1	1	1	5090490
1	0.447032	0.806949	4107760
1	0.450576	0.809788	4122220
0.12226	0.450576	0.214777	1093320
1	1	1	5090490
0.0222222	1	0.106815	543739
1	1	1	5090490
1	0.45614	0.81419	4144630
0.177419	0.483871	0.29662	1509940
1	0.493333	0.841908	4285720
0.125	0.488636	0.231832	1180140
0.146667	1	0.428207	2179780
1	0.483333	0.83474	4249240
1	0.487805	0.837971	4265680
1	0.456522	0.814489	4146150
1	1	1	5090490
1	0.490566	0.839945	4275730
1	1	1	5090490
1	1	1	5090490
0.0465116	0.488372	0.108685	553260
1	1	1	5090490
1	1	1	5090490
1	0.196744	0.51662	2629850
1	0.42623	0.789708	4020000
1	0.423077	0.787008	4006260
0.155556	0.466667	0.262995	1338770
1	1	1	5090490
1	1	1	5090490
1	1	1	5090490
0.416667	1	0.781445	3977940
1	0.409091	0.774744	3943830
1	0.461538	0.818395	4166030
0.111111	1	0.355247	1808380
1	1	1	5090490
1	1	1	5090490
1	0.492063	0.841009	4281150
1	0.467742	0.82315	4190240
1	0.464286	0.820511	4176810
1	1	1	5090490
1	1	1	5090490
1	0.48	0.832305	4236840
1	1	1	5090490
1	0.428571	0.791699	4030140
1	1	1	5090490
0.0263158	0.447368	0.0640674	326134
1	1	1	5090490
1	1	1	5090490
1	1	1	5090490
1	1	1	5090490
0.125	1	0.38493	1959480
1	1	1	5090490
1	0.461538	0.818395	4166030
1	1	1	5090490
1	0.416667	0.781445	3977940
0.0487805	1	0.196118	998338
0.0952381	1	0.319179	1624780
1	0.463415	0.819842	4173400
1	1	1	5090490
1	0.484848	0.835839	4254830
0.0454545	1	0.185956	946610
1	1	1	5090490
1	1	1	5090490
1	1	1	5090490
1	0.482143	0.833873	4244820
1	1	1	5090490
1	0.494382	0.842648	4289490
1	1	1	5090490
1	1	1	5090490
1	1	1	5090490
1	1	1	5090490
1	1	1	5090490
1	1	1	5090490
1	1	1	5090490
0.03125	1	0.139554	710400
1	1	1	5090490
1	1	1	5090490
1	0.479167	0.831693	4233720
1	0.474576	0.828294	4216420
1	0.483871	0.835131	4251230
1	1	1	5090490
1	0.439394	0.800733	4076130
1	0.466667	0.822332	4186070
1	1	1	5090490
1	1	1	5090490
1	1	1	5090490
1	0.48	0.832305	4236840
1	0.490566	0.839945	4275730
1	0.227114	0.563766	2869840
0.0535714	1	0.210361	1070840
1	0.464286	0.820511	4176810
1	1	1	5090490
1	1	1	5090490
1	0.482759	0.834322	4247110
1	1	1	5090490
1	1	1	5090490
1	1	1	5090490
0.0232558	1	0.110726	563648
0.242424	0.454545	0.353226	1798090
0.0882353	0.470588	0.173627	883847
0.0294118	0.470588	0.0730814	372020
1	1	1	5090490
1	1	1	5090490
1	1	1	5090490
0.524102	1	0.862708	4391610
0.147157	1	0.429147	2184570
1	0.652464	0.931066	4739580
0.0454545	1	0.185956	946610
1	1	1	5090490
1	1	1	5090490
1	1	1	5090490
1	0.438356	0.799879	4071780
1	1	1	5090490
0.056338	0.492958	0.1273	648021
0.0357143	1	0.154722	787609
1	1	1	5090490
1	0.436364	0.798231	4063390
1	1	1	5090490
0.0196078	1	0.0967025	492263
1	0.22973	0.567628	2889510
0.0869565	1	0.299335	1523760
1	1	1	5090490
1	1	1	5090490
0.0298507	1	0.134673	685552
1	1	1	5090490
1	0.495311	0.843301	4292820
1	1	1	5090490
1	0.492537	0.841345	4282860
1	0.484848	0.835839	4254830
1	1	1	5090490
0.0943396	0.433962	0.171769	874390
1	1	1	5090490
0.127273	0.490909	0.23573	1199980
0.0833333	1	0.290409	1478320
1	1	1	5090490
1	0.478873	0.831477	4232630
1	0.492308	0.841182	4282030
1	1	1	5090490
1	0.477612	0.830546	4227890
1	1	1	5090490
1	1	1	5090490
1	1	1	5090490
1	0.1875	0.501371	2552220
1	1	1	5090490
1	1	1	5090490
0.0793651	1	0.280452	1427640
0.038961	0.480519	0.0931973	474420
1	1	1	5090490
1	0.494382	0.842648	4289490
1	1	1	5090490
1	0.448276	0.807948	4112850
1	0.48	0.832305	4236840
1	0.365079	0.732948	3731070
1	1	1	5090490
1	1	1	5090490
1	0.469697	0.824632	4197780
1	1	1	5090490
1	0.48	0.832305	4236840
1	0.491525	0.840627	4279210
1	0.493763	0.842211	4287270
1	0.47619	0.829494	4222530
1	1	1	5090490
1	0.503963	0.849305	4323380
1	0.48	0.832305	4236840
1	0.433333	0.795707	4050540
1	0.485294	0.836162	4256470
1	0.43662	0.798443	4064470
1	0.454545	0.812935	4138240
1	1	1	5090490
1	0.469697	0.824632	4197780
1	1	1	5090490
1	1	1	5090490
1	1	1	5090490
1	1	1	5090490
0.0338983	1	0.148623	756566
1	0.446809	0.806769	4106850
1	1	1	5090490
1	1	1	5090490
1	1	1	5090490
0.108764	1	0.350064	1782000
1	1	1	5090490
1	1	1	5090490
1	0.473684	0.827628	4213030
0.0645161	1	0.241345	1228560
1	0.474576	0.828294	4216420
1	0.447368	0.807219	4109140
0.0571429	1	0.220697	1123460
1	0.454545	0.812935	4138240
1	0.457627	0.815355	4150550
1	0.4375	0.799172	4068180
1	0.454545	0.812935	4138240
1	0.482143	0.833873	4244820
1	1	1	5090490
1	1	1	5090490
1	1	1	5090490
1	1	1	5090490
1	0.426471	0.789914	4021050
0.149038	1	0.432741	2202860
0.107143	1	0.346456	1763630
1	1	1	5090490
1	1	1	5090490
1	1	1	5090490
1	0.470588	0.825304	4201200
1	1	1	5090490
1	0.45614	0.81419	4144630
1	0.470588	0.825304	4201200
1	1	1	5090490
0.109015	1	0.350621	1784830
1	0.477273	0.830296	4226610
1	0.472527	0.826762	4208630
1	1	1	5090490
1	0.489362	0.839086	4271360
1	0.462963	0.819495	4171630
0.0285714	0.471429	0.0714866	363902
0.0434783	0.478261	0.101331	515824
0.275862	0.448276	0.382141	1945290
0.0149254	0.432836	0.0390333	198699
1	1	1	5090490
1	0.0161254	0.0826807	420886
1	0.181731	0.491623	2502600
1	0.442857	0.803568	4090550
1	1	1	5090490
1	1	1	5090490
1	0.492754	0.841498	4283640
1	1	1	5090490
1	1	1	5090490
1	1	1	5090490
1	1	1	5090490
1	1	1	5090490
1	1	1	5090490
1	0.490196	0.839681	4274390
1	1	1	5090490
1	1	1	5090490
1	1	1	5090490
0.105263	1	0.342241	1742180
1	0.479452	0.831903	4234790
1	1	1	5090490
1	0.492308	0.841182	4282030
1	0.451613	0.810613	4126420
0.0882353	0.485294	0.177735	904760
1	1	1	5090490
1	1	1	5090490
1	0.481481	0.83339	4242370
1	0.484375	0.835496	4253090
1	0.434783	0.796917	4056700
1	0.492308	0.841182	4282030
1	0.492754	0.841498	4283640
1	0.450704	0.80989	4122740
1	0.459459	0.816783	4157830
1	1	1	5090490
1	1	1	5090490
1	0.492694	0.841456	4283420
1	0.46875	0.823915	4194130
1	0.223558	0.558466	2842870
0.106061	0.484848	0.20403	1038620
1	0.490909	0.840189	4276980
1	1	1	5090490
1	1	1	5090490
0.618182	0.135149	0.290938	1481020
1	0.479167	0.831693	4233720
0.267674	0.339194	0.308622	1571040
1	0.338099	0.704739	3587470
1	0.206301	0.53193	2707790
1	0.208015	0.534628	2721520
1	0.202565	0.526	2677600
0.111134	0.217393	0.114108	580866
0.38142	0.353755	0.405193	2062630
1	0.355273	0.722934	3680090
1	0.332101	0.698182	3554090
1	0.339532	0.70629	3595360
1	0.465412	0.821374	4181200
1	0.338786	0.705483	3591260
0.303833	0.332101	0.332334	1691750
0.0891315	0.495384	0.181919	926055
1	0.484499	0.835586	4253540
1	0.488767	0.83866	4269190
1	1	1	5090490
1	1	1	5090490
1	1	1	5090490
0.406423	1	0.77235	3931640
1	1	1	5090490
1	0.811635	0.981027	4993910
0.0538191	0.528386	0.129675	660112
0.28308	0.402421	0.361378	1839590
1	0.70046	0.949837	4835130
0.0754252	0.700544	0.208211	1059900
1	0.701696	0.950275	4837370
0.255415	0.703858	0.488279	2485580
1	0.679031	0.941876	4794610
1	0.681405	0.942791	4799270
0.0801705	0.539241	0.179029	911344
0.478441	0.534117	0.604197	3075660
0.0543368	1	0.212596	1082220
0.24909	1	0.59531	3030420
0.0754515	1	0.270438	1376660
1	0.835874	0.985727	5017840
0.0502413	0.835874	0.175129	891493
0.499715	1	0.846376	4308470
0.168835	1	0.469164	2388270
0.203708	1	0.527821	2686870
0.00155784	1	0.0116284	59194.5
1	0.812259	0.981157	4994570
0.25359	0.806587	0.529147	2693620
0.237677	1	0.579182	2948320
0.102392	0.774011	0.280167	1426190
0.311977	0.771241	0.583377	2969680
0.290549	1	0.649662	3307100
0.104478	0.561878	0.225144	1146090
1	0.452055	0.810965	4128210
1	1	1	5090490
1	1	1	5090490
0.137255	1	0.409832	2086240
1	1	1	5090490
0.422427	1	0.786449	4003410
0.344828	0.448276	0.443184	2256020
1	1	1	5090490
1	0.45	0.809328	4119880
1	1	1	5090490
1	1	1	5090490
1	0.442308	0.80312	4088270
1	1	1	5090490
0.142857	1	0.420844	2142300
0.0857143	1	0.296292	1508270
1	0.481481	0.83339	4242370
1	0.471698	0.82614	4205460
1	1	1	5090490
1	0.50766	0.851825	4336210
1	0.493442	0.841985	4286120
1	1	1	5090490
1	0.496673	0.844256	4297680
1	1	1	5090490
1	1	1	5090490
1	1	1	5090490
1	0.444444	0.804858	4097120
1	1	1	5090490
1	0.472222	0.826533	4207460
1	1	1	5090490
1	1	1	5090490
1	0.473684	0.827628	4213030
1	0.454545	0.812935	4138240
0.199457	0.446811	0.304591	1550520
1	0.527183	0.864689	4401690
1	0.399395	0.765961	3899120
1	0.399433	0.765996	3899300
1	0.564918	0.887528	4517950
0.197491	0.565376	0.356444	1814480
0.41791	0.562476	0.575413	2929140
1	0.789615	0.97613	4968980
1	0.792239	0.976745	4972110
0.302632	0.445207	0.404801	2060640
0.50065	0.459547	0.568131	2892070
1	0.459547	0.816851	4158170
1	0.459547	0.816851	4158170
0.00755254	1	0.0444533	226289
1	0.640964	0.926053	4714060
1	1	1	5090490
0.540737	1	0.873194	4444990
1	1	1	5090490
0.0216415	1	0.104597	532448
0.436581	1	0.798411	4064300
0.25	1	0.596574	3036850
0.118474	1	0.371187	1889520
1	0.822413	0.983205	5005000
1	0.802799	0.979134	4984280
0.427833	0.279183	0.373251	1900030
1	0.190348	0.506117	2576380
1	0.182223	0.492462	2506870
0.47561	0.275459	0.397288	2022390
0.0770412	0.275357	0.102953	524081
0.556311	0.427583	0.579458	2949720
0.110601	0.279432	0.138358	704310
0.47561	0.279432	0.401115	2041870
0.0480245	0.292412	0.0739451	376417
0.580667	0.411887	0.58132	2959210
1	0.292412	0.65196	3318800
0.183653	1	0.494892	2519240
0.117571	1	0.369257	1879700
0.183653	1	0.494892	2519240
0.0827086	1	0.288854	1470410
0.550373	1	0.879033	4474710
1	1	1	5090490
0.130897	1	0.397057	2021210
0.193191	1	0.510812	2600280
0.0986572	1	0.327158	1665390
0.450012	1	0.809338	4119930
0.419121	0.808798	0.705698	3592350
0.374351	1	0.742174	3778030
0.0806452	1	0.283685	1444100
0.374575	0.673289	0.59961	3052310
0.248737	1	0.59482	3027930
0.368305	1	0.736184	3747540
1	0.491525	0.840627	4279210
0.127273	1	0.389636	1983440
1	0.493151	0.841779	4285070
1	1	1	5090490
1	0.489855	0.839438	4273150
1	0.0459603	0.187517	954554
1	1	1	5090490
1	0.629787	0.920984	4688260
1	0.490566	0.839945	4275730
1	0.47619	0.829494	4222530
1	0.411765	0.777125	3955950
1	1	1	5090490
1	1	1	5090490
1	0.477612	0.830546	4227890
1	1	1	5090490
1	1	1	5090490
1	1	1	5090490
1	0.480769	0.832869	4239710
1	0.182084	0.492225	2505670
0.0777778	1	0.276414	1407090
1	0.454545	0.812935	4138240
1	0.492308	0.841182	4282030
1	1	1	5090490
1	1	1	5090490
1	1	1	5090490
1	1	1	5090490
1	0.481481	0.83339	4242370
1	0.414286	0.779354	3967290
0.162978	1	0.458643	2334720
1	1	1	5090490
1	0.465116	0.821148	4180050
1	1	1	5090490
0.274194	1	0.628978	3201810
0.174641	1	0.479394	2440350
1	1	1	5090490
1	1	1	5090490
1	0.0176185	0.0887762	451914
1	0.478261	0.831026	4230330
1	1	1	5090490
1	1	1	5090490
1	1	1	5090490
1	0.487805	0.837971	4265680
1	1	1	5090490
1	1	1	5090490
1	1	1	5090490
1	0.428571	0.791699	4030140
1	1	1	5090490
0.03125	1	0.139554	710400
0.0253165	0.481013	0.0658581	335250
1	1	1	5090490
0.0925926	1	0.312921	1592920
1	1	1	5090490
0.0392157	1	0.166223	846155
1	0.488372	0.838377	4267750
1	0.457627	0.815355	4150550
1	1	1	5090490
1	0.460317	0.81745	4161220
0.118415	1	0.37106	1888880
1	1	1	5090490
0.0689655	0.482759	0.146572	746122
1	1	1	5090490
0.084507	1	0.293317	1493130
1	1	1	5090490
1	0.42623	0.789708	4020000
1	1	1	5090490
1	1	1	5090490
1	0.372881	0.740727	3770660
1	0.448718	0.808303	4114660
1	1	1	5090490
1	1	1	5090490
1	1	1	5090490
0.0847458	0.440678	0.160121	815093
1	0.496528	0.844155	4297160
1	0.492694	0.841456	4283420
0.0483871	0.435484	0.102405	521292
1	1	1	5090490
1	0.459016	0.816438	4156070
1	0.47619	0.829494	4222530
1	0.219925	0.552994	2815010
1	0.464286	0.820511	4176810
1	1	1	5090490
0.159091	0.454545	0.262264	1335050
1	1	1	5090490
1	0.492063	0.841009	4281150
1	0.44	0.801231	4078660
1	0.44	0.801231	4078660
1	0.461538	0.818395	4166030
1	0.461538	0.818395	4166030
1	0.46	0.817203	4159970
1	1	1	5090490
1	1	1	5090490
1	0.44	0.801231	4078660
1	1	1	5090490
1	1	1	5090490
0.123288	0.438356	0.211742	1077870
1	1	1	5090490
1	0.46875	0.823915	4194130
1	1	1	5090490
1	0.484375	0.835496	4253090
0.109375	0.46875	0.203574	1036290
1	0.42	0.78435	3992730
1	0.48	0.832305	4236840
1	0.466667	0.822332	4186070
0.530087	0.297184	0.448674	2283970
1	0.321644	0.686488	3494560
1	1	1	5090490
1	1	1	5090490
1	1	1	5090490
1	1	1	5090490
1	1	1	5090490
1	0.485714	0.836465	4258020
1	1	1	5090490
1	0.428571	0.791699	4030140
1	1	1	5090490
1	0.495251	0.843259	4292600
0.0666667	1	0.247203	1258390
1	1	1	5090490
1	0.111955	0.357098	1817810
1	0.493333	0.841908	4285720
1	0.409836	0.775409	3947210
1	1	1	5090490
1	1	1	5090490
1	1	1	5090490
1	1	1	5090490
1	0.238095	0.579782	2951380
1	1	1	5090490
0.0555556	0.458333	0.118926	605389
1	1	1	5090490
1	1	1	5090490
1	1	1	5090490
0.20787	1	0.534401	2720360
1	1	1	5090490
1	0.382979	0.750552	3820680
1	0.377778	0.745525	3795090
1	0.341463	0.708371	3605960
1	1	1	5090490
0.0769231	0.403846	0.138913	707135
1	0.47561	0.829063	4220340
1	0.494118	0.842462	4288540
1	0.457627	0.815355	4150550
1	0.458333	0.815906	4153360
1	0.480769	0.832869	4239710
1	1	1	5090490
1	0.48913	0.83892	4270520
1	1	1	5090490
1	0.493151	0.841779	4285070
1	0.489796	0.839396	4272940
1	1	1	5090490
0.0555556	1	0.216132	1100220
0.0348837	1	0.151944	773471
1	1	1	5090490
1	0.474359	0.828132	4215600
1	0.45	0.809328	4119880
1	0.589219	0.900891	4585980
0.114754	0.459016	0.207727	1057430
0.206897	0.448276	0.313288	1594790
0.105263	0.438596	0.188156	957808
0.155172	0.448276	0.254977	1297960
0.0727273	0.436364	0.141233	718947
0.0217391	1	0.10497	534351
0.0652174	1	0.243263	1238330
0.0652174	1	0.243263	1238330
0.0638298	1	0.23946	1218970
0.06	1	0.228805	1164730
0.0789474	1	0.279393	1422250
0.0263158	1	0.122042	621252
0.263158	1	0.614474	3127970
1	1	1	5090490
0.210526	1	0.538557	2741520
0.0810811	1	0.284782	1449680
0.162791	1	0.458303	2332990
0.177778	1	0.484839	2468070
1	0.457143	0.814976	4148630
0.191489	0.446809	0.29591	1506330
1	1	1	5090490
0.0422535	1	0.175947	895654
1	1	1	5090490
1	0.485294	0.836162	4256470
1	1	1	5090490
1	0.497869	0.845092	4301930
1	1	1	5090490
1	0.438596	0.800077	4072780
0.0701754	0.385965	0.12483	635444
1	0.413333	0.778514	3963020
1	0.478723	0.831367	4232060
1	0.471429	0.825937	4204430
1	1	1	5090490
0.0843373	1	0.292898	1490990
1	1	1	5090490
1	1	1	5090490
1	1	1	5090490
1	1	1	5090490
1	0.238806	0.580801	2956560
1	0.492063	0.841009	4281150
1	0.0350806	0.152605	776832
0.15942	1	0.45215	2301660
0.106667	0.48	0.203367	1035240
1	0.472222	0.826533	4207460
1	1	1	5090490
1	0.492754	0.841498	4283640
1	0.46875	0.823915	4194130
1	1	1	5090490
0.0923077	1	0.312243	1589470
1	0.492754	0.841498	4283640
1	1	1	5090490
1	0.4375	0.799172	4068180
0.0192308	1	0.0952162	484697
1	1	1	5090490
0.0930233	1	0.313945	1598130
0.15873	1	0.450881	2295210
1	0.397436	0.764159	3889940
0.333333	0.491228	0.460028	2341770
1	0.203634	0.527704	2686270
1	0.403509	0.769716	3918230
1	1	1	5090490
1	1	1	5090490
1	0.482143	0.833873	4244820
0.00497571	0.411757	0.0147318	74992
1	0.405179	0.771228	3925930
1	0.301156	0.662581	3372860
1	0.778934	0.973534	4955770
1	0.420362	0.784664	3994330
1	0.588542	0.900532	4584150
0.333333	0.588542	0.515704	2625180
1	0.770746	0.971445	4945130
1	0.781565	0.974187	4959090
1	0.493976	0.842362	4288030
1	0.433333	0.795707	4050540
1	0.490909	0.840189	4276980
0.0681818	0.386364	0.122141	621756
1	0.48	0.832305	4236840
1	1	1	5090490
1	0.472727	0.826912	4209390
1	1	1	5090490
1	1	1	5090490
1	1	1	5090490
1	1	1	5090490
1	0.489362	0.839086	4271360
1	1	1	5090490
1	1	1	5090490
0.0784314	1	0.278081	1415570
1	0.202797	0.52637	2679480
1	0.441176	0.802196	4083570
1	1	1	5090490
1	1	1	5090490
0.217391	0.734777	0.452726	2304600
0.541221	0.523017	0.640319	3259540
0.125318	0.53102	0.246878	1256730
1	0.490909	0.840189	4276980
1	0.561748	0.885709	4508690
1	0.698104	0.948994	4830840
0.0105795	0.846577	0.051189	260577
0.0378471	1	0.161766	823470
1	1	1	5090490
1	1	1	5090490
1	1	1	5090490
1	1	1	5090490
1	0.494253	0.842557	4289030
1	0.482759	0.834322	4247110
1	1	1	5090490
1	0.489362	0.839086	4271360
1	0.42	0.78435	3992730
1	1	1	5090490
1	0.457143	0.814976	4148630
1	0.488095	0.838179	4266740
0.179099	1	0.487117	2479660
1	0.484848	0.835839	4254830
1	0.489796	0.839396	4272940
1	1	1	5090490
0.0967742	1	0.322778	1643100
0.112903	1	0.35917	1828350
0.0126582	0.493671	0.0379648	193259
0.113384	1	0.360219	1833690
1	1	1	5090490
1	0.469697	0.824632	4197780
0.0454545	0.477273	0.104798	533476
1	1	1	5090490
1	0.485294	0.836162	4256470
1	0.492063	0.841009	4281150
0.078125	1	0.2773	1411600
1	0.470588	0.825304	4201200
1	1	1	5090490
1	0.478261	0.831026	4230330
1	0.488889	0.838748	4269640
1	0.458333	0.815906	4153360
0.136986	0.465753	0.239383	1218580
1	1	1	5090490
1	1	1	5090490
1	0.444444	0.804858	4097120
1	1	1	5090490
1	1	1	5090490
1	1	1	5090490
1	1	1	5090490
1	0.488095	0.838179	4266740
1	0.454545	0.812935	4138240
1	0.428571	0.791699	4030140
1	0.110444	0.35378	1800910
1	1	1	5090490
1	1	1	5090490
1	1	1	5090490
1	1	1	5090490
1	1	1	5090490
1	0.488889	0.838748	4269640
1	0.428571	0.791699	4030140
1	1	1	5090490
1	0.491228	0.840416	4278130
1	1	1	5090490
1	0.492256	0.841146	4281840
1	0.449275	0.808749	4116930
1	1	1	5090490
1	0.493976	0.842362	4288030
1	0.44	0.801231	4078660
1	0.354839	0.722484	3677800
1	1	1	5090490
0.00300435	0.305281	0.00733206	37323.8
1	0.532087	0.867806	4417560
0.188912	0.682389	0.393003	2000580
0.443641	0.68144	0.66397	3379930
0.514353	0.522989	0.62221	3167350
0.0105154	0.658818	0.041374	210614
0.428003	0.522989	0.55889	2845030
0.00781697	0.40712	0.0214819	109353
1	0.844915	0.987299	5025840
1	0.699849	0.949618	4834020
1	1	1	5090490
0.0337062	0.19199	0.0390889	198982
1	1	1	5090490
0.0576065	0.840702	0.195058	992942
0.27842	1	0.634414	3229480
1	1	1	5090490
0.325562	1	0.690909	3517070
1	1	1	5090490
0.211401	1	0.539918	2748450
1	0.497592	0.844899	4300950
1	1	1	5090490
1	1	1	5090490
1	0.343291	0.71033	3615930
1	0.590943	0.9018	4590600
1	0.296101	0.656472	3341770
0.00725543	0.73111	0.0330959	168474
0.0338983	1	0.148623	756566
1	0.481481	0.83339	4242370
1	1	1	5090490
1	1	1	5090490
1	0.491525	0.840627	4279210
1	1	1	5090490
1	0.434783	0.796917	4056700
1	1	1	5090490
1	1	1	5090490
1	1	1	5090490
1	0.452381	0.811223	4129530
1	1.91627e-06	2.71442e-05	138.177
1	0.48	0.832305	4236840
1	0.48	0.832305	4236840
1	0.0956522	0.320151	1629730
0.0555556	1	0.216132	1100220
1	1	1	5090490
1	1	1	5090490
1	0.484848	0.835839	4254830
0.0769231	0.423077	0.144014	733101
1	0.487179	0.837521	4263390
1	1	1	5090490
1	0.208145	0.534832	2722560
1	1	1	5090490
0.0704225	1	0.257271	1309630
1	0.497787	0.845035	4301640
1	1	1	5090490
1	1	1	5090490
1	0.490909	0.840189	4276980
1	0.421053	0.785262	3997370
1	0.4	0.766516	3901940
1	0.387097	0.754483	3840690
1	0.431373	0.794063	4042170
1	1	1	5090490
1	1	1	5090490
1	1	1	5090490
1	0.442308	0.80312	4088270
0.0645161	0.483871	0.139442	709826
1	0.238462	0.580307	2954050
1	1	1	5090490
1	1	1	5090490
0.0778947	1	0.276713	1408610
0.0266667	1	0.123316	627738
1	1	1	5090490
1	1	1	5090490
1	0.492308	0.841182	4282030
1	1	1	5090490
1	1	1	5090490
1	0.430556	0.793376	4038670
0.0881954	1	0.302351	1539120
1	0.47541	0.828914	4219580
1	0.47541	0.828914	4219580
1	1	1	5090490
0.0508475	0.491525	0.117195	596583
1	1	1	5090490
1	1	1	5090490
1	0.428571	0.791699	4030140
1	1	1	5090490
1	1	1	5090490
1	0.0769231	0.274227	1395950
1	1	1	5090490
1	1	1	5090490
1	1	1	5090490
1	1	1	5090490
1	0.412698	0.777952	3960160
1	1	1	5090490
1	1	1	5090490
1	0.491228	0.840416	4278130
1	0.493506	0.84203	4286350
1	0.441176	0.802196	4083570
0.0322581	1	0.143032	728102
1	0.474576	0.828294	4216420
1	1	1	5090490
1	1	1	5090490
1	1	1	5090490
1	0.486631	0.837127	4261390
1	0.494505	0.842735	4289930
1	1	1	5090490
1	1	1	5090490
1	0.470588	0.825304	4201200
1	0.48	0.832305	4236840
1	0.275	0.630021	3207110
1	1	1	5090490
0.0819672	1	0.287003	1460990
0.101695	0.440678	0.183974	936519
1	1	1	5090490
1	0.446154	0.806241	4104160
0.105263	1	0.342241	1742180
1	1	1	5090490
1	1	1	5090490
0.106667	0.426667	0.186131	947500
1	0.466667	0.822332	4186070
1	1	1	5090490
1	0.492063	0.841009	4281150
0.0853659	0.487805	0.174007	885780
1	1	1	5090490
1	1	1	5090490
1	0.449275	0.808749	4116930
1	0.4375	0.799172	4068180
0.0666667	1	0.247203	1258390
1	0.491525	0.840627	4279210
1	1	1	5090490
0.199457	0.497965	0.328697	1673230
1	1	1	5090490
1	1	1	5090490
1	0.275671	0.630886	3211520
1	0.471429	0.825937	4204430
1	0.4125	0.777777	3959260
1	0.217707	0.549624	2797860
1	1	1	5090490
0.2	0.457143	0.310144	1578780
0.2	0.457143	0.310144	1578780
1	0.457143	0.814976	4148630
0.228571	0.457143	0.340497	1733300
0.0285714	0.457143	0.0697222	354920
1	0.457143	0.814976	4148630
1	0.493671	0.842146	4286940
1	1	1	5090490
1	1	1	5090490
1	1	1	5090490
1	0.464286	0.820511	4176810
1	1	1	5090490
1	1	1	5090490
1	1	1	5090490
1	0.488889	0.838748	4269640
1	1	1	5090490
1	0.467742	0.82315	4190240
1	1	1	5090490
1	1	1	5090490
1	0.411765	0.777125	3955950
0.118415	1	0.37106	1888880
1	1	1	5090490
0.133192	1	0.401703	2044870
1	0.468085	0.823411	4191570
1	1	1	5090490
1	1	1	5090490
1	1	1	5090490
1	1	1	5090490
1	0.0531136	0.209019	1064010
1	1	1	5090490
1	1	1	5090490
1	1	1	5090490
1	0.465517	0.821455	4181610
0.111111	1	0.355247	1808380
1	1	1	5090490
1	0.465403	0.821367	4181160
0.111111	1	0.355247	1808380
0.09375	1	0.315668	1606900
0.0212766	1	0.103195	525311
1	0.104072	0.339554	1728500
1	1	1	5090490
1	1	1	5090490
1	0.473684	0.827628	4213030
1	0.492754	0.841498	4283640
1	0.449275	0.808749	4116930
0.0761689	1	0.272289	1386080
1	0.403509	0.769716	3918230
1	0.163636	0.459836	2340790
1	1	1	5090490
1	1	1	5090490
0.153846	1	0.441816	2249060
1	1	1	5090490
1	0.493671	0.842146	4286940
1	0.44898	0.808513	4115730
1	1	1	5090490
1	1	1	5090490
1	0.438596	0.800077	4072780
1	1	1	5090490
1	0.433333	0.795707	4050540
1	0.509921	0.853352	4343980
1	1	1	5090490
1	0.462963	0.819495	4171630
0.0526316	1	0.207602	1056800
1	1	1	5090490
0.322473	1	0.687427	3499340
0.0869183	1	0.299241	1523290
1	0.226244	0.562475	2863270
0.2	1	0.521888	2656660
1	0.468085	0.823411	4191570
0.283019	1	0.640257	3259220
1	1	1	5090490
1	1	1	5090490
1	0.418182	0.782769	3984680
1	0.4	0.766516	3901940
1	1	1	5090490
0.173077	1	0.476657	2426420
1	0.489796	0.839396	4272940
1	0.489796	0.839396	4272940
1	1	1	5090490
1	0.239437	0.581703	2961160
1	0.484375	0.835496	4253090
1	1	1	5090490
1	1	1	5090490
1	1	1	5090490
1	0.431818	0.794438	4044080
1	0.479167	0.831693	4233720
0.12766	1	0.390433	1987490
0.0666667	1	0.247203	1258390
1	1	1	5090490
1	0.444444	0.804858	4097120
1	0.227027	0.563637	2869190
1	1	1	5090490
1	0.442623	0.803377	4089580
1	1	1	5090490
1	0.490909	0.840189	4276980
1	0.442857	0.803568	4090550
1	1	1	5090490
1	1	1	5090490
1	1	1	5090490
0.084507	1	0.293317	1493130
1	0.492063	0.841009	4281150
1	1	1	5090490
1	0.466667	0.822332	4186070
1	0.483333	0.83474	4249240
1	1	1	5090490
1	1	1	5090490
1	1	1	5090490
1	1	1	5090490
1	1	1	5090490
1	1	1	5090490
1	1	1	5090490
1	0.508036	0.85208	4337500
0.0824468	1	0.288201	1467090
0.282609	1	0.639739	3256590
1	0.485294	0.836162	4256470
0.0169492	0.40678	0.041209	209774
0.0338983	1	0.148623	756566
0.06298	1	0.237116	1207040
1	0.233333	0.5729	2916340
1	0.418605	0.783137	3986550
1	0.480519	0.832686	4238780
1	1	1	5090490
1	0.470588	0.825304	4201200
0.0363636	1	0.156879	798594
0.134977	1	0.405288	2063110
1	1	1	5090490
1	1	1	5090490
0.116689	1	0.367366	1870070
1	1	1	5090490
1	1	1	5090490
1	0.40678	0.772671	3933280
1	1	1	5090490
1	0.492063	0.841009	4281150
1	1	1	5090490
1	0.488889	0.838748	4269640
1	1	1	5090490
0.157614	0.585477	0.312175	1589120
1	0.45	0.809328	4119880
1	1	1	5090490
1	1	1	5090490
1	1	1	5090490
1	1	1	5090490
1	0.489796	0.839396	4272940
1	1	1	5090490
1	0.428571	0.791699	4030140
1	0.473684	0.827628	4213030
0.124093	1	0.383041	1949860
1	1	1	5090490
1	0.493506	0.84203	4286350
1	0.489796	0.839396	4272940
1	0.212121	0.541036	2754140
0.155556	1	0.445006	2265300
1	1	1	5090490
1	0.433962	0.796233	4053220
1	0.489796	0.839396	4272940
1	1	1	5090490
1	1	1	5090490
1	0.483871	0.835131	4251230
1	1	1	5090490
1	1	1	5090490
1	0.444444	0.804858	4097120
1	0.459016	0.816438	4156070
1	1	1	5090490
0.0454545	1	0.185956	946610
1	1	1	5090490
1	1	1	5090490
1	1	1	5090490
1	1	1	5090490
1	0.481481	0.83339	4242370
1	1	1	5090490
1	1	1	5090490
1	1	1	5090490
1	0.234869	0.57513	2927690
1	1	1	5090490
1	1	1	5090490
1	1	1	5090490
0.025	1	0.117222	596717
1	1	1	5090490
1	0.416667	0.781445	3977940
1	0.46875	0.823915	4194130
1	0.482143	0.833873	4244820
1	0.242481	0.586036	2983210
0.0545455	1	0.213203	1085310
1	1	1	5090490
1	1	1	5090490
1	0.479452	0.831903	4234790
1	0.233449	0.573069	2917200
1	1	1	5090490
1	0.463415	0.819842	4173400
0.12807	1	0.391277	1991790
1	1	1	5090490
0.0784314	1	0.278081	1415570
1	1	1	5090490
1	1	1	5090490
1	0.491803	0.840824	4280210
1	0.480769	0.832869	4239710
1	0.424658	0.788365	4013160
1	1	1	5090490
1	0.484375	0.835496	4253090
1	1	1	5090490
1	0.47541	0.828914	4219580
1	0.489796	0.839396	4272940
0.0392157	1	0.166223	846155
1	1	1	5090490
1	1	1	5090490
1	0.176799	0.483147	2459450
1	1	1	5090490
1	1	1	5090490
1	0.491228	0.840416	4278130
1	1	1	5090490
1	1	1	5090490
1	1	1	5090490
1	1	1	5090490
1	0.462963	0.819495	4171630
0.244444	0.488889	0.373384	1900710
0.240404	1	0.583084	2968180
1	0.476923	0.830037	4225300
1	0.492063	0.841009	4281150
1	1	1	5090490
1	0.484848	0.835839	4254830
1	0.490566	0.839945	4275730
0.0363636	0.454545	0.0843412	429338
0.120192	1	0.374839	1908120
1	0.232558	0.571771	2910590
1	0.45283	0.81158	4131340
1	1	1	5090490
0.18006	1	0.488766	2488060
1	1	1	5090490
1	1	1	5090490
1	0.467532	0.822991	4189430
1	1	1	5090490
1	0.412698	0.777952	3960160
0.0625	0.484375	0.136154	693092
0.117647	1	0.36942	1880530
1	0.451613	0.810613	4126420
1	1	1	5090490
1	1	1	5090490
1	1	1	5090490
1	1	1	5090490
1	1	1	5090490
1	0.489362	0.839086	4271360
1	0.448276	0.807948	4112850
0.27451	0.470588	0.393555	2003390
0.1	0.46	0.187639	955176
1	1	1	5090490
0.0793651	1	0.280452	1427640
1	1	1	5090490
1	1	1	5090490
1	1	1	5090490
1	0.48	0.832305	4236840
0.146589	0.490566	0.261206	1329670
1	0.462687	0.819282	4170550
0.175084	1	0.480166	2444280
1	1	1	5090490
1	0.430769	0.793556	4039590
1	1	1	5090490
1	0.465517	0.821455	4181610
1	1	1	5090490
1	1	1	5090490
1	0.446809	0.806769	4106850
1	1	1	5090490
0.0344828	1	0.150596	766610
1	1	1	5090490
1	1	1	5090490
1	1	1	5090490
1	0.368421	0.7363	3748130
0.0555556	0.472222	0.121746	619748
1	0.452381	0.811223	4129530
0.0588235	1	0.225483	1147820
1	0.423077	0.787008	4006260
1	1	1	5090490
1	0.428571	0.791699	4030140
0.142857	0.428571	0.232237	1182200
1	0.428571	0.791699	4030140
1	0.428571	0.791699	4030140
1	0.110769	0.354495	1804560
0.157895	1	0.449341	2287370
1	1	1	5090490
1	1	1	5090490
1	0.4	0.766516	3901940
1	0.458333	0.815906	4153360
1	1	1	5090490
1	1	1	5090490
1	1	1	5090490
0.0731707	1	0.264509	1346480
1	0.473684	0.827628	4213030
1	1	1	5090490
0.0859903	0.223188	0.0950632	483918
1	1	1	5090490
1	0.44	0.801231	4078660
1	0.485714	0.836465	4258020
1	0.485714	0.836465	4258020
1	1	1	5090490
1	0.193457	0.511248	2602500
1	1	1	5090490
1	0.25	0.596574	3036850
1	0.4	0.766516	3901940
1	1	1	5090490
1	0.457143	0.814976	4148630
1	1	1	5090490
1	1	1	5090490
1	0.416667	0.781445	3977940
1	0.465116	0.821148	4180050
1	0.465116	0.821148	4180050
1	0.465116	0.821148	4180050
0.0606061	1	0.230507	1173390
1	1	1	5090490
1	0.482143	0.833873	4244820
1	1	1	5090490
1	1	1	5090490
1	0.470588	0.825304	4201200
1	0.444444	0.804858	4097120
0.137255	0.470588	0.241548	1229600
0.14703	1	0.428904	2183330
1	1	1	5090490
1	0.442623	0.803377	4089580
1	1	1	5090490
0.116689	1	0.367366	1870070
1	1	1	5090490
1	0.483871	0.835131	4251230
1	1	1	5090490
1	1	1	5090490
1	0.175763	0.481348	2450300
1	1	1	5090490
1	0.484375	0.835496	4253090
1	1	1	5090490
1	1	1	5090490
1	1	1	5090490
1	0.428571	0.791699	4030140
1	0.485714	0.836465	4258020
1	0.461538	0.818395	4166030
1	0.442623	0.803377	4089580
1	1	1	5090490
1	0.496983	0.844474	4298780
1	0.411765	0.777125	3955950
1	0.464789	0.820897	4178770
1	0.409091	0.774744	3943830
1	0.493333	0.841908	4285720
1	0.48	0.832305	4236840
1	0.480769	0.832869	4239710
1	0.223752	0.558758	2844350
1	1	1	5090490
1	1	1	5090490
0.280441	1	0.636992	3242600
0.0357143	0.482143	0.0871597	443686
1	0.416667	0.781445	3977940
1	1	1	5090490
1	1	1	5090490
1	1	1	5090490
1	0.438356	0.799879	4071780
1	1	1	5090490
1	1	1	5090490
0.254822	1	0.603212	3070640
0.047619	1	0.192596	980410
1	1	1	5090490
0.14703	1	0.428904	2183330
1	1	1	5090490
1	0.418182	0.782769	3984680
1	1	1	5090490
1	0.385965	0.753407	3835210
1	0.634292	0.923051	4698780
0.205244	0.816509	0.466934	2376920
1	1	1	5090490
0.112903	1	0.35917	1828350
1	0.457143	0.814976	4148630
1	1	1	5090490
1	1	1	5090490
1	0.450704	0.80989	4122740
0.117647	0.470588	0.215576	1097390
0.263158	1	0.614474	3127970
1	1	1	5090490
1	1	1	5090490
1	1	1	5090490
1	1	1	5090490
1	0.458333	0.815906	4153360
1	0.223188	0.557913	2840050
1	0.464286	0.820511	4176810
1	1	1	5090490
1	1	1	5090490
1	1	1	5090490
1	0.494523	0.842747	4290000
1	0.481013	0.833047	4240620
1	0.491228	0.840416	4278130
0.287726	1	0.64616	3289270
0.205288	1	0.53033	2699640
0.0307692	1	0.137884	701899
0.0555556	1	0.216132	1100220
1	1	1	5090490
1	1	1	5090490
1	1	1	5090490
1	1	1	5090490
1	1	1	5090490
1	0.451613	0.810613	4126420
1	1	1	5090490
1	0.477273	0.830296	4226610
0.0333333	1	0.146707	746809
1	0.490909	0.840189	4276980
1	1	1	5090490
1	0.483871	0.835131	4251230
1	0.00628931	0.0381692	194300
1	1	1	5090490
1	0.446429	0.806462	4105290
1	1	1	5090490
1	1	1	5090490
1	1	1	5090490
1	0.459016	0.816438	4156070
1	0.47619	0.829494	4222530
1	1	1	5090490
1	0.485714	0.836465	4258020
1	1	1	5090490
1	0.466667	0.822332	4186070
1	0.0302506	0.136075	692687
1	1	1	5090490
1	0.474576	0.828294	4216420
1	1	1	5090490
1	0.462963	0.819495	4171630
0.105263	1	0.342241	1742180
1	1	1	5090490
1	0.458333	0.815906	4153360
1	0.491803	0.840824	4280210
1	1	1	5090490
0.166667	1	0.465293	2368570
0.0776471	1	0.27608	1405390
1	1	1	5090490
0.0704225	0.43662	0.13781	701520
1	0.451613	0.810613	4126420
0.0807823	1	0.28403	1445850
0.0833333	1	0.290409	1478320
1	0.489362	0.839086	4271360
1	1	1	5090490
1	0.45283	0.81158	4131340
0.0638298	0.489362	0.139505	710150
1	1	1	5090490
1	1	1	5090490
1	0.454545	0.812935	4138240
1	0.457627	0.815355	4150550
1	0.491525	0.840627	4279210
1	1	1	5090490
1	0.488889	0.838748	4269640
0.223529	1	0.558424	2842650
1	1	1	5090490
1	1	1	5090490
1	1	1	5090490
1	0.793068	0.976938	4973090
1	0.34238	0.709354	3610960
0.442961	0.475974	0.539042	2743990
0.140836	0.241137	0.148835	757644
0.564329	0.615438	0.714603	3637680
0.609772	0.319803	0.513789	2615440
1	0.428571	0.791699	4030140
1	0.428571	0.791699	4030140
1	0.205882	0.531269	2704420
1	1	1	5090490
1	0.0686275	0.252485	1285270
0.313725	0.0686275	0.104169	530274
1	0.31677	0.680922	3466230
1	0.22619	0.562395	2862870
0.32	1	0.684619	3485050
1	1	1	5090490
1	1	1	5090490
0.125	0.4375	0.213616	1087410
0.214286	0.428571	0.311119	1583750
0.285714	0.428571	0.379599	1932350
0.307692	0.216783	0.2473	1258880
1	0.216783	0.548214	2790680
1	1	1	5090490
0.125	1	0.38493	1959480
0.0447761	1	0.183854	935909
1	1	1	5090490
1	1	1	5090490
1	0.229249	0.566921	2885900
0.404345	0.449725	0.491817	2503590
0.1761	0.449725	0.280026	1425470
0.366667	1	0.734544	3739190
1	0.449725	0.809109	4118760
0.166667	1	0.465293	2368570
0.552608	0.651341	0.72773	3704500
1	0.606178	0.909619	4630410
0.136439	1	0.408209	2077980
0.290659	1	0.649799	3307790
1	1	1	5090490
1	0.60692	0.909991	4632300
1	1	1	5090490
1	1	1	5090490
1	1	1	5090490
1	0.48	0.832305	4236840
1	0.415094	0.780066	3970920
1	0.491228	0.840416	4278130
0.127869	1	0.390863	1989690
1	0.4	0.766516	3901940
1	0.464286	0.820511	4176810
1	1	1	5090490
1	0.464286	0.820511	4176810
1	0.441176	0.802196	4083570
1	1	1	5090490
0.375	0.422533	0.450365	2292580
0.041502	0.422533	0.0884427	450217
0.542958	0.422533	0.567169	2887170
0.619216	0.71163	0.801767	4081390
1	0.487805	0.837971	4265680
1	0.487805	0.837971	4265680
0.121951	1	0.378553	1927020
1	0.684532	0.943983	4805340
1	0.684532	0.943983	4805340
1	0.684532	0.943983	4805340
0.0952381	1	0.319179	1624780
0.228675	1	0.566075	2881600
1	1	1	5090490
0.263393	1	0.614788	3129570
0.0655738	1	0.244235	1243270
1	0.188571	0.503161	2561340
1	1	1	5090490
1	0.438356	0.799879	4071780
1	0.449275	0.808749	4116930
1	0.446154	0.806241	4104160
1	1	1	5090490
1	1	1	5090490
1	1	1	5090490
1	1	1	5090490
1	0.152632	0.439537	2237460
0.125	0.46875	0.224832	1144500
1	0.474576	0.828294	4216420
1	1	1	5090490
1	0.472973	0.827096	4210320
1	1	1	5090490
0.0714286	1	0.259933	1323180
1	1	1	5090490
1	0.490196	0.839681	4274390
1	0.419355	0.78379	3989880
1	1	1	5090490
1	1	1	5090490
1	0.460317	0.81745	4161220
1	0.470588	0.825304	4201200
0.136213	1	0.407758	2075690
1	0.476923	0.830037	4225300
1	1	1	5090490
1	0.16875	0.469013	2387510
1	1	1	5090490
1	1	1	5090490
1	1	1	5090490
1	1	1	5090490
1	0.236364	0.577291	2938690
1	0.403226	0.769459	3916920
1	1	1	5090490
1	0.122807	0.380351	1936170
1	0.439394	0.800733	4076130
1	0.466667	0.822332	4186070
1	1	1	5090490
1	1	1	5090490
1	1	1	5090490
0.0655738	1	0.244235	1243270
1	1	1	5090490
1	0.363636	0.731491	3723650
1	1	1	5090490
1	1	1	5090490
1	1	1	5090490
1	0.472727	0.826912	4209390
1	1	1	5090490
1	0.448276	0.807948	4112850
1	0.424242	0.788009	4011350
0.0163934	0.442623	0.0429991	218886
1	1	1	5090490
1	0.362069	0.729902	3715560
1	1	1	5090490
0.197273	1	0.517481	2634230
0.132445	1	0.400194	2037190
0.0517241	1	0.204922	1043160
1	0.482143	0.833873	4244820
1	0.480769	0.832869	4239710
1	0.491525	0.840627	4279210
1	0.491265	0.840442	4278260
1	0.469388	0.824398	4196590
1	0.472727	0.826912	4209390
0.253394	0.490196	0.38329	1951140
1	1	1	5090490
1	1	1	5090490
1	1	1	5090490
1	0.481481	0.83339	4242370
1	1	1	5090490
1	0.453333	0.811978	4133370
1	1	1	5090490
1	0.483871	0.835131	4251230
1	0.457627	0.815355	4150550
1	0.471698	0.82614	4205460
1	0.477612	0.830546	4227890
1	1	1	5090490
1	1	1	5090490
1	0.481481	0.83339	4242370
1	1	1	5090490
1	0.462963	0.819495	4171630
1	0.478873	0.831477	4232630
1	0.442623	0.803377	4089580
1	0.218855	0.551372	2806750
1	0.1875	0.501371	2552220
1	1	1	5090490
1	0.42623	0.789708	4020000
1	1	1	5090490
1	1	1	5090490
1	0.493333	0.841908	4285720
1	1	1	5090490
1	1	1	5090490
0.0461538	1	0.188113	957586
1	1	1	5090490
1	1	1	5090490
1	1	1	5090490
1	0.453333	0.811978	4133370
1	1	1	5090490
0.0952381	1	0.319179	1624780
1	0.469388	0.824398	4196590
1	0.489362	0.839086	4271360
1	0.468085	0.823411	4191570
1	1	1	5090490
1	0.435484	0.797501	4059670
1	1	1	5090490
1	1	1	5090490
1	0.461538	0.818395	4166030
1	0.367347	0.735226	3742660
1	1	1	5090490
1	1	1	5090490
1	1	1	5090490
1	0.24472	0.589199	2999310
1	0.492063	0.841009	4281150
1	1	1	5090490
1	0.464286	0.820511	4176810
1	0.483871	0.835131	4251230
0.0740741	1	0.266866	1358480
1	0.482143	0.833873	4244820
1	1	1	5090490
0.0641026	1	0.24021	1222790
1	0.236818	0.577945	2942030
1	0.483871	0.835131	4251230
1	1	1	5090490
1	1	1	5090490
0.0922619	1	0.312133	1588910
1	0.455882	0.813987	4143590
1	0.482759	0.834322	4247110
1	0.478261	0.831026	4230330
1	1	1	5090490
0.0547945	1	0.213927	1088990
1	1	1	5090490
1	0.439394	0.800733	4076130
1	0.201389	0.524118	2668020
1	1	1	5090490
1	0.225064	0.560718	2854330
1	0.47541	0.828914	4219580
0.0615385	1	0.233113	1186660
1	1	1	5090490
0.103448	1	0.33814	1721300
1	0.440678	0.801788	4081490
1	0.431034	0.793779	4040720
1	1	1	5090490
1	1	1	5090490
0.0752688	0.473118	0.154377	785857
1	1	1	5090490
1	1	1	5090490
1	0.448276	0.807948	4112850
0.0810502	1	0.284704	1449280
1	0.446154	0.806241	4104160
0.04	1	0.168755	859046
1	0.423729	0.787568	4009110
1	1	1	5090490
1	0.232786	0.572103	2912280
1	1	1	5090490
1	1	1	5090490
1	1	1	5090490
0.06	1	0.228805	1164730
0.22	1	0.553108	2815590
1	1	1	5090490
1	1	1	5090490
1	1	1	5090490
1	0.461538	0.818395	4166030
1	0.459016	0.816438	4156070
0.037037	1	0.159105	809923
0.0377358	1	0.161402	821614
1	1	1	5090490
1	1	1	5090490
0.0869565	1	0.299335	1523760
1	0.444444	0.804858	4097120
1	1	1	5090490
1	1	1	5090490
1	1	1	5090490
0.0859903	1	0.296969	1511720
1	1	1	5090490
1	1	1	5090490
0.289997	0.4911	0.419988	2137950
1	0.492941	0.841631	4284310
1	0.491228	0.840416	4278130
1	1	1	5090490
1	0.484375	0.835496	4253090
1	0.492754	0.841498	4283640
1	1	1	5090490
1	1	1	5090490
1	1	1	5090490
1	0.459016	0.816438	4156070
1	0.368421	0.7363	3748130
1	1	1	5090490
1	0.444444	0.804858	4097120
1	0.478261	0.831026	4230330
1	1	1	5090490
1	1	1	5090490
1	0.457143	0.814976	4148630
1	0.45098	0.81011	4123860
1	0.442308	0.80312	4088270
1	0.491803	0.840824	4280210
0.0470588	0.482353	0.108624	552952
1	0.493671	0.842146	4286940
1	0.423729	0.787568	4009110
1	1	1	5090490
1	1	1	5090490
1	1	1	5090490
1	1	1	5090490
0.0625	1	0.235787	1200270
1	0.489362	0.839086	4271360
0.0769231	1	0.274227	1395950
1	1	1	5090490
1	0.557508	0.883248	4496170
0.433498	0.547783	0.578873	2946750
1	0.44	0.801231	4078660
1	0.433962	0.796233	4053220
0.267857	0.442721	0.371425	1890740
0.110994	0.382656	0.176639	899180
1	1	1	5090490
1	0.46875	0.823915	4194130
1	1	1	5090490
1	0.468085	0.823411	4191570
1	1	1	5090490
1	0.465116	0.821148	4180050
1	0.462687	0.819282	4170550
1	0.454545	0.812935	4138240
0.140665	1	0.416562	2120500
1	0.491228	0.840416	4278130
1	0.451613	0.810613	4126420
1	1	1	5090490
0.0325077	1	0.143888	732462
0.473684	1	0.827628	4213030
0.473684	1	0.827628	4213030
0.473684	1	0.827628	4213030
1	1	1	5090490
1	1	1	5090490
0.0866873	1	0.298677	1520410
1	1	1	5090490
0.0869565	1	0.299335	1523760
0.0652174	1	0.243263	1238330
0.0652174	1	0.243263	1238330
0.0217391	1	0.10497	534351
0.0652174	1	0.243263	1238330
0.0434783	1	0.179804	915291
1	1	1	5090490
1	1	1	5090490
1	1	1	5090490
1	0.487805	0.837971	4265680
1	1	1	5090490
1	1	1	5090490
1	1	1	5090490
1	1	1	5090490
1	1	1	5090490
1	1	1	5090490
1	1	1	5090490
1	1	1	5090490
0.0277778	1	0.12732	648121
0.137931	0.448276	0.233929	1190810
1	0.459016	0.816438	4156070
1	0.179221	0.487326	2480730
1	0.4375	0.799172	4068180
1	1	1	5090490
1	1	1	5090490
1	0.239437	0.581703	2961160
1	1	1	5090490
1	0.428571	0.791699	4030140
1	1	1	5090490
1	1	1	5090490
1	1	1	5090490
1	1	1	5090490
1	0.478261	0.831026	4230330
0.025	1	0.117222	596717
1	1	1	5090490
1	0.4	0.766516	3901940
1	1	1	5090490
1	0.488172	0.838234	4267020
1	0.222222	0.556462	2832660
0.133333	1	0.401987	2046310
1	1	1	5090490
1	1	1	5090490
1	1	1	5090490
0.025	0.375	0.0531535	270578
1	0.46875	0.823915	4194130
1	0.488372	0.838377	4267750
1	0.472973	0.827096	4210320
1	1	1	5090490
1	0.484848	0.835839	4254830
1	0.479167	0.831693	4233720
1	0.459459	0.816783	4157830
0.0847458	0.491525	0.174048	885987
1	1	1	5090490
1	1	1	5090490
1	1	1	5090490
1	0.486486	0.837022	4260860
0.113122	1	0.359648	1830780
1	1	1	5090490
1	0.423077	0.787008	4006260
1	0.413043	0.778258	3961710
1	0.436364	0.798231	4063390
1	0.489362	0.839086	4271360
0.107692	0.492308	0.208738	1062580
0.0724638	1	0.262657	1337050
1	1	1	5090490
1	0.238839	0.580849	2956800
1	1	1	5090490
1	0.487805	0.837971	4265680
1	1	1	5090490
