seq_id	position	insert_position	reference_base	major_base	minor_base	major_frequency	major_top_strand	major_bot_strand	minor_top_strand	minor_bot_strand	major_quals	minor_quals	
CU458745	289	1	.	G	.	0.526882	25	24	2	42	34,34,34,34,34,34,34,34,34,12,34,34,34,34,34,34,34,34,34,34,34,34,34,34,34,34,34,34,34,34,34,34,34,34,26,34,34,34,34,34,34,34,34,34,34,34,34,34,34	34,34,34,34,34,34,34,34,34,34,34,34,34,34,34,34,34,34,34,34,34,34,34,34,34,34,34,34,12,34,34,34,34,34,34,34,34,34,34,34,34,34,34,34	
CU458745	289	2	.	C	.	0.526882	25	24	2	42	34,34,34,34,34,34,34,34,34,34,34,34,34,34,34,34,34,34,34,34,34,34,34,34,34,34,34,34,34,34,34,34,34,34,34,34,34,34,12,34,34,34,34,12,34,34,34,34,34	34,34,34,34,34,34,34,34,34,34,34,34,34,34,34,34,34,34,34,34,34,34,34,34,34,34,34,34,12,34,34,34,34,34,34,34,34,34,34,34,34,34,34,34	
CU458745	289	3	.	T	.	0.526882	25	24	2	42	34,34,34,34,34,34,34,34,34,34,34,34,34,34,34,34,34,34,34,34,34,34,34,34,34,34,34,34,34,34,34,34,34,34,26,34,34,34,34,34,34,34,34,34,34,34,34,34,34	34,34,34,34,34,34,34,34,34,34,34,34,34,34,34,34,34,34,34,34,34,34,34,34,34,34,34,34,12,34,34,34,34,34,34,34,34,34,34,34,34,34,34,34	
CU458745	289	4	.	G	.	0.526882	25	24	2	42	34,34,34,34,34,34,34,34,34,26,34,34,34,34,34,34,34,34,34,34,34,34,34,34,34,34,34,34,34,34,34,26,34,26,34,34,34,34,34,34,34,34,34,26,34,34,34,34,34	34,34,34,34,34,34,34,34,34,34,34,34,34,34,34,34,34,34,34,34,34,34,34,34,34,34,34,34,12,34,34,34,34,34,34,34,34,34,34,34,34,34,34,34	
CU458745	289	5	.	G	.	0.526882	25	24	2	42	34,34,34,34,34,34,34,34,34,34,34,34,34,12,34,34,34,34,34,34,34,34,34,34,34,34,34,34,34,34,34,34,34,26,34,34,34,34,34,34,34,34,34,26,34,26,34,34,34	34,34,34,34,34,34,34,34,34,34,34,34,34,34,34,34,34,34,34,34,34,34,34,34,34,34,34,34,12,34,34,34,34,34,34,34,34,34,34,34,34,34,34,34	
CU458745	289	6	.	A	.	0.526882	25	24	2	42	34,34,34,34,26,34,26,34,26,34,26,34,34,12,34,34,34,34,34,34,34,34,34,12,34,34,34,34,34,12,34,34,26,34,34,34,34,34,34,34,34,34,34,34,34,34,26,34,34	34,34,34,34,34,34,34,34,34,34,34,34,34,34,34,34,34,34,34,34,34,34,34,34,34,34,34,34,12,34,34,34,34,34,34,34,34,34,34,34,34,34,34,34	
CU458745	289	7	.	A	.	0.521739	25	23	2	42	34,34,34,34,34,34,34,34,34,34,34,34,34,34,34,34,34,34,34,34,34,34,34,34,34,34,34,34,34,34,12,34,34,34,34,34,34,34,34,34,34,34,34,34,34,34,34,12	34,34,34,34,34,34,34,34,34,34,34,34,34,34,34,34,34,34,34,34,34,34,34,34,34,34,34,34,12,34,34,34,34,34,34,34,34,34,34,34,34,34,34,34	
CU458745	289	8	.	C	.	0.526882	25	24	2	42	34,34,34,34,34,34,34,34,34,12,34,26,26,34,34,34,34,34,34,34,34,34,34,34,34,34,34,34,34,34,34,34,34,34,34,34,34,34,34,34,34,34,34,34,26,34,26,34,34	34,34,34,34,34,34,34,34,34,34,34,34,34,34,34,34,34,34,34,34,34,34,34,34,34,34,34,34,12,34,34,34,34,34,34,34,34,34,34,34,34,34,34,34	
CU458745	290	1	.	G	C	0.985714	77	61	1	1	34,34,34,34,34,34,34,34,34,34,34,34,34,34,34,34,34,34,34,34,34,34,34,34,34,34,34,34,34,34,34,26,34,34,34,34,34,34,34,34,34,26,34,34,34,34,34,34,34,34,34,34,34,34,34,34,26,34,34,34,34,12,34,34,34,34,34,34,34,34,34,34,34,34,34,34,34,34,34,12,34,34,34,34,34,34,34,34,34,34,34,34,26,34,34,34,34,34,34,34,34,26,34,34,34,34,34,34,34,34,34,34,34,34,34,34,34,34,34,34,34,34,34,34,34,34,34,34,34,34,34,34,34,34,34,34,34,34	34,34	
CU458745	389	0	G	A	C	0.979798	96	98	4	0	12,26,12,26,26,34,12,34,12,12,12,26,34,12,12,12,12,12,12,12,12,34,34,34,34,34,34,34,34,34,34,34,26,34,34,34,34,34,34,34,34,12,12,12,26,26,34,34,34,26,12,12,12,34,26,34,34,34,34,34,34,12,26,12,34,34,34,34,34,34,26,34,34,34,34,34,34,26,26,34,34,34,34,34,34,34,34,12,34,26,34,12,26,26,34,12,34,26,34,12,34,34,34,34,34,34,34,26,34,34,34,12,34,34,26,34,34,34,34,34,34,34,12,26,12,34,34,34,26,34,26,34,34,34,34,34,34,12,34,34,26,34,34,34,12,34,34,34,34,26,34,34,34,34,34,34,34,12,12,34,12,34,34,34,34,26,26,34,34,34,34,34,12,26,34,34,34,26,26,34,34,34,34,34,34,34,26,26,12,12,34,34,34,34	12,12,12,12	
CU458745	593	0	A	G	C	0.992701	71	65	1	0	34,34,34,34,34,34,34,34,34,34,34,34,34,34,34,34,34,12,34,34,26,34,34,34,34,34,12,26,34,34,34,34,26,34,34,34,34,34,34,34,34,34,26,34,34,34,34,34,34,34,34,34,34,34,34,34,34,34,34,34,34,34,34,34,34,34,34,34,34,34,34,34,34,34,34,34,34,26,34,34,26,34,34,34,34,34,34,34,34,34,34,34,34,34,34,34,34,34,34,34,34,34,34,34,34,34,34,34,34,34,34,34,34,34,34,34,34,26,34,34,34,12,26,34,26,34,34,34,34,34,34,34,34,34,34,34	12	
CU458745	611	0	A	G	T	0.993197	75	71	0	1	34,34,34,34,12,34,34,34,34,34,34,34,34,34,34,34,34,34,34,34,12,34,34,34,26,34,26,12,34,34,34,34,34,34,34,34,34,34,34,34,26,26,34,34,34,34,34,34,34,34,34,34,34,34,34,34,34,34,34,34,34,34,34,34,34,34,34,34,34,34,34,34,34,34,34,34,34,26,34,34,34,34,34,34,34,34,34,34,34,34,34,34,34,34,34,34,34,34,34,34,34,34,34,34,34,12,34,34,34,34,34,34,34,34,34,26,34,34,34,34,34,34,34,26,34,12,34,34,34,34,34,34,26,34,34,34,34,34,34,34,34,34,34,34,34,34	12	
CU458745	686	0	G	T	G	0.99	54	45	0	1	34,26,34,26,34,34,34,34,26,34,34,34,34,34,34,34,26,34,34,34,34,34,34,12,34,34,34,34,12,34,34,34,34,34,34,34,26,34,34,34,26,34,34,34,34,34,34,12,34,34,34,34,12,34,34,26,34,34,34,34,34,34,12,34,34,34,34,34,34,34,34,34,34,34,34,34,26,34,34,34,34,26,34,34,34,26,34,34,34,34,34,26,34,34,34,34,34,34,26	12	
CU458745	715	0	C	T	A	0.992188	68	59	1	0	34,34,34,34,34,34,34,34,34,34,34,34,34,34,34,34,34,34,34,34,34,34,34,34,34,34,34,34,34,34,34,34,34,34,34,34,34,34,34,34,34,34,34,34,34,34,34,34,34,34,34,34,34,34,34,34,34,34,34,34,34,34,34,34,34,34,34,34,34,34,34,34,34,34,34,34,34,34,34,34,34,34,34,34,34,34,34,34,34,34,34,34,34,34,34,34,34,34,12,34,34,12,34,34,34,34,34,34,34,34,34,34,34,34,12,34,34,34,26,26,34,34,34,34,12,34,34	12	
CU458745	829	0	G	A	T	0.994012	83	83	0	1	26,12,34,34,26,34,34,34,34,34,34,26,26,34,34,34,34,34,34,12,34,34,34,12,34,34,34,34,34,34,34,34,34,34,34,26,34,34,34,34,34,34,34,34,34,34,34,34,34,34,34,34,34,34,34,34,12,34,34,34,34,34,34,34,34,34,34,34,34,34,34,34,26,34,34,12,12,34,34,34,34,34,34,34,34,34,34,34,34,34,34,34,34,34,34,34,34,34,34,34,34,34,34,34,34,34,34,34,34,34,34,34,34,34,34,34,34,34,34,34,34,34,34,34,34,34,34,26,34,34,34,34,34,34,34,34,26,34,34,34,34,34,34,34,34,34,34,34,34,34,12,34,12,34,34,34,26,34,34,34,34,34,34,34,34,26	12	
CU458745	866	0	G	C	G	0.994444	86	93	0	1	34,12,34,34,34,34,34,34,34,34,34,34,34,12,34,34,34,34,34,34,34,34,34,34,34,34,34,34,34,34,34,34,34,26,34,34,34,34,34,34,34,34,12,34,34,34,34,34,34,34,34,34,34,26,34,34,34,34,34,34,34,34,34,34,34,34,34,34,34,34,34,34,34,34,34,34,34,34,34,34,34,34,34,34,34,34,34,26,34,34,34,34,34,34,34,34,34,26,34,34,34,34,34,34,34,34,34,34,34,34,34,34,34,26,34,34,34,34,34,34,34,34,34,34,34,34,34,34,34,34,34,34,34,34,34,34,34,12,26,34,34,34,34,34,34,34,26,34,34,34,34,34,34,34,34,34,34,34,34,34,12,12,34,34,34,12,34,34,34,34,34,34,34,34,34,34,34,34,34	12	
CU458745	1037	0	C	A	T	0.990196	53	48	0	1	34,34,34,34,34,34,34,34,34,34,34,26,34,34,34,34,34,34,34,34,34,34,34,34,34,34,34,34,34,34,34,34,34,34,34,26,34,34,34,34,34,34,34,34,34,34,34,26,34,34,34,34,34,34,34,34,12,34,34,34,26,34,34,34,34,34,34,34,34,34,26,34,34,34,34,34,34,34,26,34,34,34,34,34,34,34,34,26,34,34,34,34,34,34,34,34,34,26,34,34,34	12	
CU458745	1496	0	C	T	A	0.979167	41	53	2	0	34,34,34,34,34,34,34,34,34,34,34,34,34,34,34,34,34,34,34,34,34,34,34,34,34,34,34,34,34,34,34,12,34,34,34,34,34,34,34,34,26,34,34,34,34,34,34,34,34,34,34,34,34,34,34,34,12,34,34,34,34,34,34,34,34,34,34,34,12,34,34,34,26,34,26,34,34,34,34,34,34,34,34,34,34,34,34,34,34,34,34,34,34,34	12,12	
CU458745	1523	0	C	T	A	0.991667	59	60	1	0	34,34,34,34,34,34,34,34,34,34,34,34,34,34,34,34,34,34,34,34,34,34,34,34,34,34,34,34,34,34,34,34,34,34,34,34,26,34,34,34,34,34,34,34,34,34,34,34,34,34,26,34,34,34,26,34,26,34,34,34,34,34,34,34,34,34,34,34,34,34,34,34,34,34,34,34,34,34,34,34,34,34,34,34,34,34,34,34,34,34,34,34,34,34,34,34,34,34,34,34,34,34,34,12,34,34,34,34,34,34,34,34,34,26,34,34,34,34,34	12	
CU458745	1637	0	C	T	A	0.993789	87	73	1	0	34,34,34,34,34,34,34,12,34,34,26,34,34,34,34,34,34,34,34,34,34,34,34,34,34,34,34,34,34,34,34,34,34,34,34,34,34,34,34,34,34,34,34,34,34,34,34,34,26,34,26,34,34,34,34,34,34,34,34,34,34,34,34,34,34,34,34,34,34,34,34,34,34,34,34,34,34,34,34,34,34,34,34,34,34,34,34,34,34,34,34,34,34,34,34,34,34,34,34,34,34,34,34,34,26,34,34,34,34,34,34,34,34,34,34,34,34,34,34,34,34,34,34,34,34,34,26,34,34,34,34,34,34,34,34,26,34,34,34,34,34,34,34,34,34,34,34,34,34,34,34,34,34,34,34,34,34,34,34,34	12	
CU458745	1667	0	C	T	C	0.994286	88	86	0	1	34,34,34,26,34,34,34,34,34,34,34,34,34,34,34,34,34,34,34,34,34,34,34,34,34,12,34,34,34,34,34,34,26,34,34,34,34,34,34,34,34,34,34,34,34,34,34,34,34,34,34,34,34,34,34,34,34,34,34,34,34,34,34,34,34,34,34,34,34,34,34,34,34,34,26,34,34,34,34,26,34,34,34,34,34,34,34,34,34,34,34,34,34,34,34,34,34,34,34,34,34,34,34,34,34,34,34,34,34,26,34,34,34,34,34,34,34,34,34,34,34,34,34,34,34,34,34,34,34,34,34,34,34,34,34,34,34,34,34,34,34,34,26,34,34,34,34,34,34,34,34,26,34,34,34,34,26,34,34,34,34,34,12,34,34,34,34,34,34,34,34,34,34,34	12	
CU458745	1707	0	A	G	C	0.993827	79	82	1	0	34,34,34,34,34,34,34,34,34,26,34,34,34,34,34,34,34,34,34,34,12,34,34,34,34,34,34,34,34,26,34,34,34,34,34,34,34,34,34,34,34,34,34,34,34,34,34,34,34,34,34,34,34,34,34,34,34,34,34,34,34,34,34,34,34,34,34,34,34,34,34,34,34,34,34,34,34,34,34,34,34,34,34,34,34,26,34,34,34,34,34,34,34,26,34,34,34,34,34,34,34,34,34,34,34,34,34,34,34,12,34,34,34,34,34,26,34,34,34,34,34,34,34,34,34,34,34,34,34,34,34,34,34,34,34,34,34,34,34,34,34,34,34,12,34,26,34,34,34,34,34,34,34,12,34,34,34,34,34,34,26	12	
CU458745	1866	0	G	A	T	0.993548	79	75	0	1	34,34,34,34,34,34,26,34,34,34,34,34,34,34,34,34,34,34,34,34,12,26,34,34,34,34,34,34,34,34,26,34,34,34,34,34,34,34,34,34,34,34,34,34,34,34,34,34,34,34,34,34,34,34,34,34,34,34,34,34,34,34,34,34,34,34,34,34,34,34,34,34,34,34,34,34,34,34,34,34,34,34,34,34,34,34,34,34,34,34,34,34,34,34,34,34,34,34,34,34,34,34,34,34,34,34,34,34,34,34,34,34,34,34,34,34,34,34,34,34,34,34,34,34,34,34,34,34,34,12,34,34,34,34,34,34,34,34,34,34,34,34,34,34,26,34,34,34,34,34,34,34,34,34	12	
CU458745	2005	0	C	T	A	0.993865	73	89	0	1	34,34,34,34,34,34,34,34,34,34,34,34,12,34,34,34,34,12,26,34,26,26,34,34,34,34,34,34,34,34,12,34,34,34,34,34,34,34,34,34,34,34,34,34,34,34,26,34,34,34,34,34,34,26,34,34,34,34,34,34,34,34,34,34,34,34,34,34,34,34,34,34,34,34,34,26,34,34,34,34,34,34,26,34,34,34,34,34,34,34,34,34,34,34,34,34,34,34,34,34,34,34,34,34,34,34,34,34,34,34,34,34,34,34,34,34,34,34,34,34,34,34,34,34,34,34,34,26,34,34,34,34,34,34,34,34,34,34,34,34,34,34,34,34,34,34,34,34,34,34,34,34,34,34,34,34,34,34,34,34,34,34	12	
CU458745	2025	0	A	G	A	0.994118	77	92	0	1	34,34,26,12,12,34,34,34,34,12,12,34,34,34,34,12,34,34,34,34,34,26,34,34,26,34,34,34,34,34,34,34,34,26,34,34,34,34,34,34,34,34,34,12,34,34,34,34,34,34,34,34,34,34,34,34,34,34,34,34,34,34,34,34,26,34,34,34,34,34,26,34,34,34,34,34,34,34,34,34,34,34,34,34,34,34,34,34,34,34,34,34,34,34,34,34,34,34,26,34,26,34,34,34,34,34,34,34,34,34,34,34,34,34,34,34,34,34,34,34,34,34,34,34,34,34,34,34,34,26,34,34,34,34,34,34,34,34,34,34,34,34,34,34,34,34,34,34,34,34,34,34,34,34,34,34,34,34,34,34,34,34,34,34,34,34,34,34,34	34	
CU458745	2039	0	C	.	T	0.993976	74	91	1	0	34,34,34,34,26,26,26,26,34,12,12,26,34,34,26,12,34,34,26,34,34,34,34,34,34,12,34,34,12,26,12,34,34,34,34,12,12,12,26,34,34,34,34,34,34,34,34,34,34,34,34,12,34,12,34,34,34,34,34,34,34,34,34,34,34,34,12,34,34,12,34,34,34,26,34,34,34,12,34,34,34,34,34,34,34,34,12,34,12,12,34,34,34,26,34,12,34,34,34,34,26,34,34,34,12,34,34,34,12,26,34,34,12,34,34,26,34,12,12,34,34,12,34,34,26,34,34,34,34,26,34,34,34,34,12,12,12,34,34,26,34,12,34,34,34,26,34,34,34,34,12,34,26,26,12,34,34,34,34,34,34,34,34,34,34	34	
CU458745	15997	0	G	A	G	0.952381	9	11	0	1	12,12,34,26,34,26,12,34,34,34,34,34,34,34,34,12,12,34,34,34	12	
CU458745	16802	0	A	G	T	0.991379	58	57	0	1	34,26,34,34,34,34,34,34,34,34,34,34,34,34,34,34,34,34,34,34,34,34,34,26,34,34,34,34,34,34,34,34,34,34,26,34,34,34,34,34,34,26,34,34,34,34,26,34,34,34,34,12,34,34,34,34,34,34,34,34,34,34,34,34,34,34,34,34,34,34,34,34,34,34,34,34,34,34,34,34,34,34,34,34,34,26,34,34,12,34,34,34,34,26,26,34,12,34,34,34,34,34,34,34,34,34,34,12,12,34,34,26,34,34,26	12	
CU458745	16922	0	A	G	C	0.974359	36	40	2	0	34,34,34,34,12,12,34,34,34,34,12,12,12,34,12,34,34,12,12,12,12,34,34,34,34,34,34,26,34,34,26,12,34,34,34,26,34,34,34,12,34,12,34,34,34,34,34,34,34,34,34,34,34,34,34,34,26,34,34,34,34,26,34,26,26,34,34,34,34,12,34,34,34,34,34,34	12,12	
CU458745	16939	0	A	.	G	0.988235	46	38	1	0	34,34,34,34,34,34,34,34,34,34,34,26,34,34,34,34,34,34,12,34,34,34,34,34,34,34,34,34,34,34,34,34,34,34,34,34,34,34,34,34,34,34,34,34,34,34,34,26,34,34,34,34,34,34,34,34,34,26,34,34,34,34,34,34,26,34,34,34,34,34,34,34,34,12,34,34,34,12,34,12,34,34,34,34	12	
CU458745	16942	0	G	C	G	0.988095	45	38	1	0	34,34,34,34,34,34,34,34,34,26,34,34,34,34,34,34,34,34,34,34,34,34,34,34,34,34,26,34,34,34,34,34,34,34,34,34,34,34,12,26,34,34,34,34,34,34,34,34,34,34,34,34,34,34,34,34,34,34,34,34,26,34,34,34,34,34,34,12,34,34,34,34,34,34,34,34,34,34,34,12,34,34,34	34	
CU458745	16946	0	C	G	C	0.988235	46	38	1	0	12,26,34,26,34,34,12,34,34,26,34,12,12,26,34,34,26,34,12,34,34,26,34,34,12,12,34,12,34,34,34,34,34,34,34,34,26,34,34,34,34,34,34,34,34,34,34,34,34,34,34,34,34,34,34,12,34,34,34,34,34,34,34,34,34,34,34,34,34,34,34,34,34,34,34,34,12,34,34,26,34,34,34,34	12	
CU458745	16957	0	G	.	G	0.987805	44	37	1	0	26,26,26,12,34,34,34,34,34,34,34,34,34,34,34,26,34,26,34,34,12,26,34,34,26,34,34,34,34,34,34,34,34,26,34,34,34,34,34,34,34,34,34,34,26,34,34,34,34,34,12,34,34,34,12,34,34,34,34,34,26,34,34,34,34,34,34,34,34,34,34,34,34,34,34,34,12,34,34,34,34	12	
CU458745	16958	0	C	.	C	0.987805	44	37	1	0	26,26,26,12,34,34,34,34,34,34,34,34,34,34,34,26,34,26,34,34,12,26,34,34,26,34,34,34,34,34,34,34,34,26,34,34,34,34,34,34,34,34,34,34,26,34,34,34,34,34,12,34,34,34,12,34,34,34,34,34,26,34,34,34,34,34,34,34,34,34,34,34,34,34,34,34,12,34,34,34,34	12	
CU458745	17085	0	C	G	C	0.991228	58	55	0	1	34,26,34,34,34,34,34,34,34,34,34,34,34,34,34,34,34,34,34,34,34,34,34,34,34,34,34,34,34,34,34,34,34,34,34,34,34,34,34,34,34,34,34,34,34,34,34,34,26,34,34,34,34,34,34,34,34,34,34,34,34,34,34,34,34,34,34,34,34,34,34,34,34,34,26,34,34,34,34,34,34,34,34,34,34,34,34,34,34,34,34,34,34,34,34,34,34,34,34,34,34,34,34,34,34,34,34,34,34,34,34,34,34	12	
CU458745	17209	0	C	C	G	0.502924	38	48	40	45	34,34,34,34,34,34,34,34,34,34,34,34,34,34,34,34,34,34,34,34,34,34,34,34,34,34,26,26,34,34,26,34,34,34,34,34,26,12,34,34,34,34,34,34,12,34,34,34,34,34,34,34,34,34,34,34,34,34,34,34,34,34,34,34,34,34,34,34,34,34,34,34,34,34,34,34,34,34,34,34,34,34,12,34,34,34	34,34,34,34,34,34,34,34,34,34,34,34,34,34,34,34,34,34,12,34,34,34,34,34,34,34,34,34,34,34,34,34,34,34,26,34,34,34,34,34,26,34,34,34,34,34,34,34,34,34,34,34,34,26,34,34,34,34,26,34,34,34,34,34,12,34,34,34,34,34,26,34,34,34,34,34,34,34,34,34,34,34,34,12,34	
CU458745	17383	0	A	G	C	0.992	60	64	1	0	34,34,34,34,34,34,34,34,34,34,34,34,34,34,34,34,26,34,34,34,34,34,34,34,34,34,12,12,34,34,12,34,34,34,34,34,34,34,34,34,34,34,34,34,34,34,34,34,26,34,34,34,34,34,34,34,34,34,34,34,34,34,34,34,34,34,34,34,34,34,34,34,34,34,34,26,26,12,34,34,34,34,12,34,34,34,34,34,34,34,34,12,34,12,34,34,34,34,34,34,34,34,34,34,34,34,34,34,34,34,34,34,34,34,26,34,34,34,34,34,34,34,34,34	12	
CU458745	17466	0	C	T	.	0.992126	64	62	1	0	34,34,34,34,34,34,34,34,34,34,34,34,34,26,34,26,26,34,34,34,34,34,34,34,34,34,34,34,34,34,34,34,34,34,34,34,34,12,34,34,34,34,34,34,34,34,34,34,34,34,34,34,34,34,34,34,34,34,12,26,34,34,34,34,34,34,34,34,12,34,34,34,34,34,34,34,34,34,34,12,34,34,34,34,26,34,34,34,26,34,34,34,34,34,34,12,34,34,34,12,34,34,34,34,34,34,34,34,34,34,34,34,34,34,12,34,34,34,34,12,34,34,34,34,34,34	34	
CU458745	17514	0	C	T	A	0.989691	45	51	0	1	12,34,34,34,34,34,34,34,34,34,34,34,34,34,34,34,34,34,34,34,34,34,34,34,12,34,34,34,34,34,34,34,34,34,12,34,34,34,34,34,34,34,26,34,34,34,34,34,34,34,34,34,34,34,34,34,34,34,34,34,34,34,34,34,34,34,34,34,34,34,34,34,26,34,34,34,34,34,34,12,34,34,34,34,34,26,34,12,34,34,34,34,34,34,34,34	12	
CU458745	17528	0	T	A	T	0.989691	43	53	0	1	12,34,34,34,34,26,34,34,12,34,34,34,34,34,34,34,34,34,34,34,34,26,34,34,34,26,34,34,26,34,34,34,12,12,34,34,34,34,34,34,26,34,34,26,34,34,34,34,26,34,34,34,34,34,34,34,34,34,34,34,34,34,34,34,34,26,12,34,34,34,34,34,26,34,34,34,34,34,34,34,34,34,34,34,34,34,34,34,34,26,12,12,34,34,34,34	12	
CU458745	17533	0	A	T	G	0.978947	42	51	0	2	12,34,34,12,26,26,34,34,34,34,34,34,26,34,34,26,34,26,34,34,34,34,12,12,34,34,34,34,12,12,34,34,12,34,34,34,34,34,34,12,34,34,34,34,12,12,34,34,34,34,34,34,26,34,26,12,34,26,34,26,34,34,26,34,34,12,12,12,34,26,12,34,34,12,12,12,34,12,26,34,12,26,34,12,12,34,12,34,34,34,12,12,34	12,34	
CU458745	17569	0	T	C	A	0.884211	30	54	11	0	12,12,12,34,12,34,34,12,34,34,34,34,12,12,12,12,34,34,12,34,34,12,12,34,34,34,34,34,34,34,12,34,34,12,34,34,34,34,34,34,34,34,34,12,34,34,34,34,34,34,34,12,12,34,34,12,34,34,26,12,34,34,34,34,34,34,34,34,34,34,34,34,34,34,34,34,34,34,34,26,34,34,34,34	12,34,12,12,12,26,12,12,12,12,12	
CU458745	17628	0	A	G	T	0.991453	53	63	0	1	34,34,34,34,34,34,34,34,34,34,34,34,34,34,34,34,34,34,12,26,34,34,12,34,34,34,34,34,34,34,26,12,34,34,34,34,34,26,34,34,34,34,34,34,34,34,26,34,34,34,34,34,34,34,34,34,34,26,34,34,34,34,34,34,34,26,34,34,34,34,34,34,34,34,34,34,34,34,34,34,34,34,34,34,34,34,34,34,26,34,34,34,34,34,34,34,34,34,34,34,34,34,34,34,34,34,34,34,34,26,34,34,34,12,34,34	12	
CU458745	17876	0	C	T	A	0.981982	56	53	2	0	34,12,34,34,34,34,26,34,34,34,34,34,34,12,34,34,26,34,34,34,34,34,34,34,34,34,34,34,34,34,34,34,34,34,34,34,34,34,34,34,34,12,34,34,34,12,34,34,34,34,34,12,34,34,34,34,34,34,34,34,34,26,34,34,34,34,34,34,34,34,34,34,12,34,26,34,34,34,34,26,34,34,34,34,34,34,34,34,34,34,34,34,34,34,12,34,34,34,34,34,34,34,34,34,34,34,34,34,34	12,12	
CU458745	17924	0	C	T	G	0.993197	83	63	0	1	34,34,34,34,34,34,34,34,34,34,34,26,34,34,34,34,34,34,34,34,34,34,34,34,34,34,12,34,26,12,34,34,34,34,34,34,26,34,34,34,34,34,34,34,34,34,34,34,34,26,34,34,34,34,34,34,34,34,34,34,34,34,34,34,26,34,34,12,26,34,34,34,34,34,34,34,34,34,34,12,34,12,34,26,34,34,26,26,34,34,34,34,34,34,34,34,34,34,34,26,34,34,34,34,34,34,12,34,34,34,34,34,34,34,34,34,34,34,34,34,34,34,34,34,34,34,34,34,34,34,34,34,34,34,34,34,34,34,34,34,34,12,34,34,34,34	12	
CU458745	17932	0	G	T	A	0.992857	79	60	1	0	34,26,26,34,34,34,34,34,34,34,34,34,34,34,26,34,26,34,34,34,34,12,34,34,12,12,34,34,26,34,34,34,34,34,34,34,34,34,34,26,34,34,34,34,34,34,34,34,34,34,34,34,34,34,26,34,34,34,34,34,34,34,34,34,34,34,34,34,26,34,34,26,34,34,34,34,34,34,34,34,34,34,34,26,34,34,34,34,26,34,26,34,34,34,34,34,34,34,34,34,34,34,34,34,34,34,34,34,34,26,34,34,34,34,34,34,34,34,34,34,34,34,34,12,34,34,12,34,34,34,34,34,34,34,34,34,34,34,34	12	
CU458745	17958	0	C	G	A	0.992647	76	59	1	0	34,34,34,34,34,34,34,26,34,34,34,34,34,34,34,12,34,34,34,34,34,34,34,34,34,34,34,34,34,34,34,34,34,34,34,34,34,34,34,34,34,34,26,34,34,34,12,34,34,34,34,34,34,34,34,34,34,34,34,34,34,34,34,34,34,34,26,34,34,34,34,34,34,34,34,34,34,34,34,34,34,34,34,34,34,12,34,34,34,34,34,34,34,34,34,34,34,34,34,34,34,34,34,34,34,34,34,34,34,34,34,34,34,34,34,34,34,34,34,34,34,34,34,34,34,34,34,34,34,34,34,34,34,34,34	34	
CU458745	18018	0	A	G	C	0.990741	61	46	1	0	12,34,34,34,34,34,26,34,34,34,34,34,34,34,34,34,34,34,34,34,26,34,34,34,34,34,34,34,34,34,34,34,34,34,34,34,34,34,34,26,34,34,34,34,34,34,34,34,12,34,34,34,34,34,34,34,34,34,34,34,34,34,34,34,34,34,34,34,34,34,34,34,34,34,34,34,34,34,34,34,34,34,34,34,34,34,34,34,34,34,34,26,34,34,34,34,34,34,34,34,34,34,34,34,34,34,34	12	
CU458745	18056	0	G	T	G	0.977778	25	19	0	1	34,34,34,34,34,34,34,34,12,34,26,34,34,34,34,34,34,34,34,34,34,34,34,12,34,34,34,34,34,34,34,34,34,34,34,34,34,34,34,34,34,34,34,34	34	
CU458745	18057	0	C	G	.	0.977778	25	19	0	1	34,34,34,34,34,34,34,34,34,34,34,34,34,34,34,34,34,34,34,34,34,34,34,34,34,34,34,34,34,34,34,34,34,34,34,34,34,34,34,34,34,34,34,34	34	
CU458745	18283	0	C	T	C	0.970588	33	33	1	1	34,34,34,34,34,34,34,26,34,34,12,26,12,34,34,12,12,34,34,34,34,26,34,26,12,34,34,34,12,26,34,12,34,34,12,34,34,34,34,26,34,12,12,26,12,12,34,12,12,12,12,34,26,12,12,34,12,26,34,34,12,34,34,34,12,34	34,34	
CU458745	18283	1	.	T	.	0.941176	33	31	1	3	34,34,34,34,34,34,34,34,34,34,34,34,34,34,34,34,34,34,34,34,34,34,34,34,34,34,34,34,34,34,34,34,34,34,34,34,34,34,34,34,34,34,34,34,34,34,34,34,34,34,34,34,26,34,34,34,34,34,34,34,34,34,34,34	34,34,34,34	
CU458745	18285	0	C	G	C	0.970588	33	33	1	1	34,34,34,34,34,34,34,34,34,34,34,34,34,34,34,34,26,34,34,34,34,34,34,34,34,34,34,34,34,34,34,34,34,34,34,34,34,34,34,34,34,34,34,34,12,34,34,34,34,34,34,34,34,34,34,34,34,34,34,34,34,26,34,34,34,34	34,34	
CU458745	18287	0	A	G	A	0.970588	33	33	1	1	34,34,34,34,34,34,34,34,34,34,34,34,34,34,34,34,34,34,34,34,34,34,34,34,34,34,34,34,34,34,34,34,34,34,34,34,34,34,34,34,34,34,34,34,26,34,34,34,34,34,34,34,34,34,34,34,34,34,34,34,34,34,34,34,34,34	34,34	
CU458745	18288	0	A	.	A	0.970588	33	33	1	1	34,34,34,34,34,34,34,34,34,34,34,34,34,34,34,34,34,26,34,34,34,34,34,34,34,26,34,34,34,34,34,34,34,34,34,34,34,34,34,34,34,34,34,34,34,34,34,34,34,34,34,34,34,34,34,34,34,34,34,34,34,34,34,34,34,34	12,34	
CU458745	18299	1	.	A	.	0.985294	34	33	0	1	34,34,34,34,34,34,34,34,34,34,34,26,34,26,34,34,34,26,34,26,34,34,34,34,34,34,34,34,34,26,34,34,34,34,34,34,34,34,34,34,12,34,34,34,34,34,34,34,34,34,34,34,34,34,34,34,34,34,34,26,34,34,34,34,34,34,34	12	
CU458745	18309	0	G	A	C	0.985294	33	34	1	0	34,34,34,34,34,34,34,34,34,34,26,26,34,34,34,12,26,34,34,34,34,34,34,34,26,34,34,26,34,34,34,34,34,26,34,34,34,34,34,26,34,34,34,34,34,34,34,34,34,34,34,34,34,34,34,34,34,34,34,34,34,34,34,34,34,34,34	12	
CU458745	18315	0	C	T	A	0.985507	33	35	1	0	34,34,34,34,34,34,34,34,34,34,34,34,34,34,34,34,34,34,34,34,34,34,34,34,34,34,34,12,34,34,34,34,34,34,34,34,34,34,34,34,34,34,34,34,34,34,34,34,34,34,34,34,34,34,34,34,34,34,34,34,34,34,34,34,34,34,34,34	12	
CU458745	19289	0	C	T	G	0.993827	87	74	1	0	34,12,34,34,34,26,34,34,34,34,34,12,34,34,26,34,34,34,34,34,34,34,34,34,34,34,26,34,34,34,34,34,34,26,34,34,34,34,34,34,34,34,34,34,34,34,34,34,34,34,26,34,34,34,34,34,34,34,34,34,34,34,34,34,34,34,34,34,12,12,34,26,34,12,34,34,34,34,34,34,12,34,34,34,34,34,34,34,34,34,34,26,34,34,34,34,34,34,34,34,34,34,34,34,34,34,34,26,34,34,34,34,34,34,34,12,34,34,34,34,12,34,26,34,34,26,34,34,34,34,34,34,34,34,34,12,34,34,12,34,34,34,34,34,34,34,34,34,12,26,12,34,26,34,34,12,34,34,34,34,26	12	
CU458745	19441	0	T	C	G	0.993711	76	82	0	1	34,34,34,34,34,34,34,34,12,26,12,34,34,34,34,34,34,34,34,34,34,34,34,34,34,34,34,34,34,34,26,34,34,34,12,34,34,34,34,34,34,34,34,34,34,34,34,34,34,34,34,34,34,34,34,34,34,26,34,34,34,34,34,34,34,34,34,34,34,34,34,34,34,34,34,34,34,34,34,34,26,34,34,34,34,34,34,34,34,34,34,34,34,34,34,34,34,34,34,34,34,34,34,34,34,34,12,34,34,34,34,34,34,34,34,34,34,34,34,12,34,34,34,34,34,34,34,34,34,26,34,34,34,34,34,34,34,34,34,34,34,34,34,34,34,34,34,34,34,34,34,34,34,34,34,26,34,34	12	
CU458745	19621	0	T	C	A	0.994565	84	99	1	0	34,34,34,34,34,34,12,34,34,34,34,34,34,34,34,34,34,34,34,34,34,34,34,34,34,26,34,34,34,34,34,34,34,34,34,34,34,34,34,34,26,34,34,34,34,34,34,34,12,34,34,34,34,34,34,34,34,34,34,34,34,34,34,34,34,34,34,34,34,34,34,34,34,34,34,34,34,34,34,34,34,34,34,34,34,34,34,34,34,34,34,26,34,34,34,34,34,34,34,34,34,34,34,34,34,34,34,34,34,34,34,26,34,12,34,34,34,34,34,34,34,34,34,34,34,34,34,34,34,34,34,34,34,34,34,34,34,12,34,34,34,34,34,34,34,34,34,34,34,34,34,34,34,34,34,34,34,34,34,34,34,34,34,34,34,34,34,34,34,34,34,34,34,34,34,26,34,34,34,34,34,34,34	12	
CU458745	19777	0	C	T	A	0.994286	88	86	1	0	26,34,34,34,34,34,34,34,34,26,12,12,26,34,34,34,34,34,34,26,34,34,34,34,34,34,34,12,26,34,34,34,34,34,34,34,34,34,34,26,34,34,34,12,12,34,34,34,26,34,26,34,34,34,34,34,34,34,26,12,34,26,34,34,34,34,34,34,34,34,34,26,12,12,34,34,26,34,34,34,34,34,34,26,34,34,26,34,34,12,34,34,34,26,34,34,34,34,34,34,34,26,26,34,34,34,34,34,26,34,34,34,34,34,26,34,34,34,34,26,34,34,26,34,34,34,12,34,34,34,34,34,34,34,26,34,34,34,34,34,34,34,26,12,12,34,34,34,26,12,26,34,26,34,34,34,34,34,34,34,12,26,34,34,26,12,34,34,34,26,26,34,34,34	12	
CU458745	19801	0	G	A	T	0.985612	68	69	0	2	34,34,34,34,34,34,34,34,34,12,34,34,34,34,34,34,34,34,34,34,34,34,34,34,34,34,34,34,34,34,34,34,34,34,34,34,34,34,34,26,34,34,34,34,34,34,34,34,34,34,34,34,34,34,34,34,34,34,34,34,26,34,34,34,34,34,34,34,34,34,26,34,34,34,34,34,34,34,34,34,34,34,34,34,34,34,34,34,34,34,34,34,34,34,34,34,26,34,34,34,34,34,34,34,34,34,34,34,34,34,34,34,26,34,34,34,34,34,34,34,26,34,12,34,34,34,34,34,34,34,34,34,34,34,34,34,34	12,12	
CU458745	19843	0	G	T	A	0.959677	60	59	0	5	12,34,12,34,34,34,34,34,12,34,34,34,26,34,34,34,12,34,34,34,26,12,26,34,26,12,34,26,34,34,34,34,12,34,26,12,34,34,34,12,34,12,12,12,12,34,34,34,12,26,34,34,34,34,12,34,34,26,34,34,34,34,26,34,34,34,34,26,34,26,12,26,34,34,34,34,26,34,34,34,34,34,34,34,26,34,12,34,34,12,26,12,34,12,12,34,12,34,34,34,34,34,34,34,34,34,34,34,34,12,26,34,34,34,12,26,34,34,26	12,12,12,12,26	
CU458745	19897	0	A	G	T	0.985915	66	74	0	2	34,34,34,34,34,34,34,34,34,34,34,34,34,34,34,34,34,34,34,34,34,34,34,34,34,12,34,34,34,34,34,34,34,26,34,34,34,34,34,34,34,34,34,34,34,34,26,34,34,34,34,34,34,34,34,34,34,26,34,34,26,34,34,34,34,34,34,34,34,34,34,34,34,34,34,34,34,34,34,34,34,34,34,34,34,34,34,34,34,34,34,34,34,34,34,34,34,34,34,34,34,34,34,34,34,34,34,34,34,34,34,12,34,34,34,34,34,34,34,34,34,34,34,34,34,34,26,34,34,12,34,12,34,34,34,34,34,34,34,34	12,12	
CU458745	19939	0	C	G	A	0.992063	61	64	0	1	34,34,34,34,34,34,34,34,34,34,34,34,34,34,34,26,34,34,34,34,34,34,34,34,34,34,26,34,34,34,34,34,34,34,26,34,34,26,34,34,34,34,34,34,34,34,34,34,34,34,34,12,34,34,34,34,34,34,34,34,34,34,34,34,26,34,34,34,34,34,34,34,34,34,34,34,34,34,34,34,34,34,12,34,26,34,34,34,34,34,34,34,34,34,34,34,34,34,34,34,34,34,34,34,34,34,34,34,26,34,34,34,12,34,34,34,34,34,34,34,34,34,34,34,34	34	
CU458745	20053	1	.	A	.	0.987952	37	45	0	1	34,34,34,34,34,34,34,34,34,34,34,34,34,34,34,34,34,34,34,34,34,34,26,34,34,34,34,34,34,34,34,34,34,34,34,26,26,34,34,34,34,34,34,26,34,12,34,34,34,34,34,34,34,34,34,26,34,34,34,34,34,34,34,34,34,34,34,34,34,34,34,34,34,34,34,34,34,34,34,34,34,34	26	
CU458745	20053	2	.	T	.	0.987952	37	45	0	1	34,34,34,34,34,34,34,34,26,34,34,34,34,34,34,34,34,34,34,34,34,34,34,34,34,34,34,34,34,34,34,34,34,34,34,34,34,34,34,34,34,34,34,12,34,12,34,34,34,34,34,34,34,34,34,34,34,34,34,34,34,34,34,34,12,34,34,34,34,34,34,34,34,34,34,34,34,34,34,34,34,34	26	
CU458745	20076	0	C	T	A	0.975	34	44	0	2	34,34,12,34,34,34,12,12,12,34,34,12,34,12,34,34,34,34,34,34,26,12,34,34,34,26,12,34,34,34,34,26,34,26,26,34,26,34,34,34,34,34,34,34,34,12,34,12,34,12,12,26,12,34,12,34,12,12,12,34,34,34,34,34,34,34,26,12,34,34,34,12,34,34,12,34,34,12	12,12	
CU458745	20120	0	C	T	G	0.961538	13	37	2	0	34,34,34,34,34,34,12,34,34,12,34,34,34,12,34,34,34,34,34,34,34,34,34,34,34,34,12,34,34,34,34,34,34,34,34,34,34,34,34,34,34,34,34,34,12,34,34,34,34,34	12,12	
CU458745	20139	1	.	G	.	0.930233	11	29	2	1	12,34,34,34,34,34,34,34,34,26,34,34,34,34,34,34,34,34,34,12,34,12,34,12,26,34,34,12,34,34,34,34,34,34,34,34,34,34,34,34	12,12,34	
CU458745	20140	0	C	T	G	0.953488	11	30	2	0	34,34,34,34,34,34,34,34,34,34,34,34,34,34,34,34,34,34,34,34,34,34,34,34,34,34,34,12,34,34,34,34,34,34,34,34,34,34,12,34,34	12,12	
CU458745	20163	0	T	.	T	0.961538	22	28	1	1	34,34,34,34,34,12,26,34,34,26,34,34,34,34,26,34,34,34,34,34,34,34,34,34,34,34,34,34,34,34,34,34,26,34,34,34,12,34,34,34,34,34,26,34,34,34,34,34,34,34	12,34	
CU458745	20166	0	C	.	G	0.980769	23	28	0	1	34,34,34,34,34,34,34,34,34,34,34,34,34,34,34,34,34,34,34,34,34,34,34,34,34,34,34,34,34,34,34,34,34,34,34,34,34,34,34,34,34,34,34,34,34,26,34,34,34,34,34	12	
CU458745	20177	0	A	G	C	0.969697	29	35	1	1	26,12,12,26,34,34,12,12,26,34,34,26,34,34,34,34,34,34,34,34,34,26,34,34,34,34,26,34,34,34,34,34,34,34,12,34,34,34,12,34,34,34,34,34,34,34,34,34,34,34,34,34,34,34,34,34,26,34,34,12,34,34,34,34	12,12	
CU458745	20376	0	G	C	A	0.99435	85	91	1	0	34,34,34,34,34,34,34,34,34,34,34,34,34,34,34,34,34,26,34,34,34,34,34,34,34,34,34,34,34,34,34,34,34,34,34,34,34,34,34,34,34,34,34,34,34,12,34,34,34,34,34,34,34,34,34,34,34,34,34,34,34,34,34,34,34,34,26,34,34,34,34,34,34,34,34,34,34,34,34,34,34,34,34,34,34,34,34,34,34,34,34,34,34,34,34,34,34,34,34,34,34,34,34,34,34,34,34,34,34,34,34,34,34,34,34,34,34,34,34,34,34,34,34,34,26,34,34,34,34,34,34,34,34,26,34,34,26,34,34,34,34,34,12,34,34,34,34,34,34,34,34,34,34,34,34,34,34,34,34,34,34,34,34,34,34,34,34,34,34,26,34,34,34,34,34,34	12	
CU458745	20469	0	G	T	A	0.99005	110	89	1	1	34,34,34,34,34,34,34,34,34,34,26,34,34,34,26,34,34,12,34,26,34,34,34,34,34,34,34,34,34,34,34,34,34,34,34,12,34,34,34,34,34,34,34,34,34,34,26,34,26,34,26,34,34,34,34,34,34,12,34,34,34,34,34,34,34,34,34,34,34,34,34,34,34,26,34,34,34,34,34,34,34,34,34,34,34,34,34,34,34,34,34,34,34,34,34,34,34,34,34,34,34,34,34,34,34,34,34,34,34,34,34,34,34,34,34,34,34,34,34,34,34,34,34,34,34,34,34,34,34,34,34,34,34,34,34,34,34,34,34,34,34,34,34,34,34,34,34,34,34,34,34,34,34,34,34,34,34,34,34,34,34,34,34,34,34,34,34,26,26,34,34,12,34,34,34,34,34,34,34,34,34,34,26,34,34,34,34,26,34,34,34,34,34,34,34,34,34,34,34	12,12	
CU458745	20524	0	G	C	A	0.995392	118	98	1	0	34,34,34,34,34,34,34,34,34,34,34,34,34,34,34,34,34,34,34,34,34,34,34,34,34,34,34,34,34,34,26,34,34,34,34,34,34,34,34,34,34,34,34,34,34,34,34,34,34,34,34,34,34,34,34,34,34,34,34,34,34,34,34,34,34,34,34,34,34,34,34,34,34,34,34,34,34,34,34,34,26,34,34,34,34,34,34,34,34,34,34,34,34,34,34,34,34,34,34,34,34,34,34,34,34,34,34,34,34,34,34,34,34,34,34,34,34,34,34,34,34,34,34,34,34,34,34,34,34,34,34,34,34,34,34,34,34,34,34,34,34,34,34,26,34,34,26,34,34,34,34,34,34,34,34,34,34,34,34,34,34,34,34,34,34,34,34,34,34,34,34,34,34,34,34,26,34,34,34,34,34,34,34,34,34,34,34,34,12,34,34,34,34,34,34,34,34,34,34,34,34,34,34,34,34,34,34,34,34,34,34,34,34,34,34,34	12	
CU458745	20560	0	G	A	G	0.994845	96	97	1	0	34,34,34,34,34,34,34,34,34,34,34,34,34,34,34,34,34,34,34,34,34,34,34,34,34,34,34,34,34,34,34,34,34,34,34,34,26,34,34,34,34,34,34,34,34,34,34,34,34,34,34,34,34,34,34,34,34,34,34,34,34,34,34,34,34,34,34,34,34,34,26,34,34,34,34,34,34,34,34,34,34,34,34,12,34,34,34,34,26,34,34,34,34,34,34,34,34,34,34,34,34,34,34,34,34,34,34,34,34,34,34,34,34,34,34,34,34,34,34,34,34,34,34,34,34,34,12,34,34,34,34,34,34,34,34,34,34,34,34,34,34,34,34,34,34,12,34,34,34,34,34,34,34,34,34,12,34,34,34,34,34,34,34,34,34,34,34,34,34,34,34,34,34,34,34,34,34,34,12,34,34,34,34,34,34,34,34,34,34,34,34,12,34	12	
CU458745	20588	2	.	G	C	0.994475	85	95	1	0	26,34,34,34,26,34,34,34,26,34,26,34,34,34,34,34,12,26,34,34,34,34,34,34,34,34,34,34,34,34,34,34,34,34,34,34,34,34,34,34,34,34,12,34,34,34,34,34,34,34,34,34,34,34,34,34,34,34,12,34,34,34,34,34,34,34,34,34,12,34,34,34,12,34,34,34,34,34,34,34,34,34,34,34,34,34,34,34,34,34,34,34,34,34,34,12,34,34,34,34,34,34,34,34,34,34,12,34,34,34,34,34,34,34,34,34,34,34,34,34,34,34,34,34,34,26,34,34,34,34,34,34,34,34,34,34,12,34,34,34,34,34,34,34,34,34,34,34,34,34,34,34,34,34,34,12,34,34,34,34,34,34,34,34,34,34,34,34,34,34,34,34,34,34,34,34,34,34,34,26	34	
CU458745	20622	0	T	C	T	0.994475	84	96	0	1	26,34,34,34,34,34,34,12,34,34,34,34,34,34,34,34,34,34,34,34,34,26,34,34,34,26,34,34,34,34,34,34,34,34,34,34,34,34,34,34,34,34,34,34,34,34,34,34,34,34,34,34,34,34,34,12,34,34,26,34,34,34,34,34,34,34,34,34,34,34,34,34,34,34,34,34,34,34,34,34,34,26,34,34,34,34,34,34,34,34,34,34,34,34,34,34,34,34,34,34,34,34,34,12,34,34,34,34,12,34,34,34,34,34,34,34,34,34,34,34,34,34,34,34,34,34,34,26,12,34,26,34,34,34,34,34,34,34,34,34,34,34,34,34,34,34,34,34,34,34,34,34,34,34,34,34,34,34,34,34,34,34,34,34,34,34,34,34,34,34,34,34,34,34,26,12,34,34,34,12	34	
CU458745	20688	0	T	C	A	0.994382	79	98	1	0	34,34,34,34,34,34,34,34,34,34,34,34,34,34,34,34,34,12,34,34,34,34,34,34,34,34,34,34,34,34,34,34,34,34,34,34,34,34,34,34,34,26,12,34,34,34,34,34,34,34,34,34,34,34,34,34,34,34,34,34,34,34,34,34,34,34,34,34,34,34,34,34,34,34,34,34,34,34,34,34,34,34,34,34,34,34,12,34,34,34,34,34,34,34,34,34,34,34,26,34,34,34,34,34,34,34,34,34,34,34,34,12,34,34,34,34,34,34,34,34,34,34,34,34,34,34,34,34,34,34,34,34,34,34,34,34,34,34,34,34,34,26,34,34,34,34,12,34,34,34,34,34,34,34,26,34,34,34,34,34,34,34,34,34,34,12,34,34,34,34,34,12,34,34,34,34,34	12	
CU458745	20727	0	G	.	G	0.983607	53	67	0	2	34,34,34,26,26,12,26,34,12,34,34,12,34,34,26,34,12,26,12,34,12,26,34,34,34,34,34,26,34,34,26,34,12,34,12,26,12,34,12,34,34,34,34,26,12,26,12,26,26,26,12,12,34,34,12,34,34,12,34,34,26,34,34,34,34,34,34,34,12,34,12,12,34,34,34,12,34,34,12,12,12,12,34,12,26,34,34,12,34,34,12,12,26,34,34,34,34,34,34,34,34,34,34,34,34,34,34,26,34,12,34,34,12,34,34,12,34,26,34,12	12,12	
CU458745	20902	1	.	C	.	0.5	24	23	26	21	34,34,34,34,26,34,34,34,34,34,34,34,34,34,34,34,34,34,26,34,34,34,34,34,34,34,34,34,34,34,34,26,34,34,34,34,34,34,34,34,34,34,34,34,34,34,34	34,34,34,34,34,34,34,34,34,34,12,34,12,34,34,34,34,34,34,34,34,34,34,34,34,26,34,34,34,34,34,34,34,34,12,34,34,34,34,34,34,34,34,34,34,34,34	
CU458745	20905	1	.	.	C	0.521739	24	24	25	19	34,34,34,34,34,34,34,34,34,34,34,34,34,34,34,34,34,34,34,34,34,34,34,34,34,34,34,34,34,34,34,34,34,34,34,34,34,34,34,34,34,34,34,34,34,34,34,34	34,26,34,34,26,34,34,34,34,34,34,34,26,34,34,34,34,34,34,34,34,34,34,34,34,34,34,34,34,12,34,34,34,12,34,34,34,34,34,34,34,26,34,34	
CU458745	20909	0	G	G	.	0.673469	38	28	15	17	34,34,34,34,34,34,34,34,34,34,34,34,34,26,34,34,34,26,34,34,34,34,34,34,34,34,34,34,34,34,34,34,34,34,34,34,34,34,34,34,34,34,26,34,34,34,34,34,34,34,34,34,34,34,34,34,34,34,34,34,34,34,34,34,34,34	34,34,34,34,12,34,34,34,34,34,34,12,34,34,34,34,34,34,34,34,26,34,34,34,34,34,34,34,34,26,34,34	
CU458745	20910	0	A	.	G	0.695652	15	17	11	3	34,34,34,34,12,34,34,34,34,34,34,12,34,34,34,34,34,34,34,34,26,34,34,34,34,34,34,34,34,26,34,34	34,26,34,12,34,12,34,34,34,34,34,34,34,26	
CU458745	20911	0	G	.	G	0.695652	15	17	11	3	34,34,34,34,12,34,34,34,34,34,34,12,34,34,34,34,34,34,34,34,26,34,34,34,34,34,34,34,34,26,34,34	34,34,34,34,34,34,34,34,26,34,34,34,34,26	
CU458745	20922	0	C	T	A	0.989362	48	45	1	0	34,34,12,34,34,34,34,34,34,34,34,34,34,34,34,34,34,34,34,34,34,34,34,34,34,34,34,34,34,34,34,34,34,34,34,34,34,34,26,34,34,34,34,34,34,34,34,34,34,34,34,34,34,34,34,34,34,34,34,34,34,34,34,34,26,34,34,34,34,34,34,34,34,34,34,34,34,34,34,34,34,34,34,34,34,34,34,34,34,34,34,34,34	12	
CU458745	20926	0	C	.	C	0.542553	27	24	22	21	34,34,34,34,34,34,34,12,34,34,34,34,34,34,34,34,34,34,34,34,34,34,34,34,34,34,34,34,34,34,34,34,34,34,34,34,34,34,34,34,34,26,34,34,34,34,34,34,34,34,34	34,34,26,34,34,34,34,34,34,34,34,12,34,34,34,34,34,34,34,34,34,34,34,34,34,34,34,34,34,34,34,34,34,34,34,34,34,34,34,34,34,34,34	
CU458745	20928	0	C	C	.	0.542553	27	24	22	21	34,34,34,34,34,34,34,12,34,34,34,34,34,34,34,34,34,34,34,34,34,34,34,34,34,34,34,34,34,34,34,34,34,34,34,34,34,34,26,34,34,34,34,34,34,34,34,34,34,34,34	34,34,34,34,34,34,34,34,34,34,34,26,34,34,34,34,34,34,34,34,12,34,34,34,34,34,26,34,34,34,34,34,34,34,34,34,34,34,34,34,34,34,34	
CU458745	20929	0	G	A	T	0.989362	48	45	1	0	34,34,34,34,34,34,34,34,34,34,34,34,34,34,34,34,34,34,34,12,34,34,34,34,34,34,34,34,34,34,34,34,34,34,34,34,34,34,34,34,34,34,12,34,34,34,34,34,34,34,34,34,34,34,34,34,34,34,34,34,34,34,34,34,34,34,34,34,34,34,34,34,34,34,34,34,34,34,34,34,34,12,34,34,34,34,34,34,34,34,34,34,34	12	
CU458745	20936	0	A	G	C	0.990476	53	51	0	1	34,34,34,34,34,34,34,34,34,34,34,12,34,34,34,34,34,34,34,34,34,34,34,12,34,34,34,34,34,26,34,34,34,34,34,34,34,34,34,12,34,34,34,34,34,34,34,34,34,34,34,34,34,34,34,34,34,34,34,34,34,34,34,34,34,34,34,34,34,34,34,34,34,26,34,26,34,34,34,34,34,34,34,34,34,34,34,34,26,34,34,34,34,34,34,34,34,34,34,26,34,34,34,34	12	
CU458745	20960	0	C	T	G	0.992647	69	66	0	1	34,34,34,26,26,34,12,34,34,34,34,34,34,34,34,34,26,34,34,34,34,34,34,34,34,34,34,34,34,34,26,34,34,34,34,34,34,34,34,34,34,34,34,26,34,34,34,34,34,34,34,12,26,26,34,34,34,12,34,34,34,34,34,34,34,34,34,26,34,34,34,26,26,34,34,12,34,12,34,34,34,12,34,12,34,34,34,34,34,26,34,34,34,12,34,34,34,34,34,34,34,34,34,34,34,34,34,34,34,34,26,34,34,26,34,34,34,34,34,34,34,34,34,26,34,26,34,34,34,34,34,34,34,34,12	12	
CU458745	20981	0	G	T	A	0.993865	82	80	1	0	34,34,26,34,34,34,34,34,34,34,34,34,34,34,34,34,34,34,34,34,12,34,34,34,34,34,34,34,34,12,34,34,12,34,12,34,34,34,34,34,34,34,34,34,34,34,34,34,34,34,34,34,34,34,34,34,34,34,34,34,34,34,34,34,34,34,34,34,34,34,34,34,34,34,34,34,34,34,34,34,34,34,34,34,34,34,34,34,12,34,34,34,34,34,34,34,34,34,34,34,34,34,34,34,34,34,34,34,34,34,34,34,34,34,34,34,34,34,34,34,34,34,34,34,34,34,26,34,34,34,34,34,34,34,26,34,34,34,34,34,34,34,34,34,34,34,34,26,26,34,34,34,34,26,34,34,34,26,34,34,34,34	26	
CU458745	21032	0	G	C	A	0.994012	84	82	1	0	34,34,34,34,34,34,12,34,34,34,34,34,34,26,34,34,34,34,34,34,34,34,34,34,34,34,34,34,34,34,34,34,26,34,34,34,26,12,34,34,34,34,34,34,34,34,34,34,34,34,34,34,34,34,34,34,34,34,34,34,34,34,34,34,26,34,34,34,34,34,34,34,34,34,34,34,34,34,34,34,34,34,34,34,34,34,34,34,34,34,34,34,26,34,12,26,34,34,34,34,34,34,34,34,34,34,34,34,34,34,34,34,34,34,12,34,34,34,34,34,34,34,34,34,34,34,34,34,34,34,12,34,34,34,34,34,34,34,34,34,34,34,34,34,34,26,34,34,34,34,34,34,34,34,34,34,34,34,34,34,34,34,34,34,34,34	12	
CU458745	21104	0	G	T	G	0.955556	67	62	0	6	34,26,34,12,26,34,34,34,34,34,34,26,34,34,26,34,34,34,34,12,12,26,26,12,26,12,12,12,26,34,12,34,26,34,12,12,26,12,34,34,12,34,34,12,34,34,34,34,12,12,34,12,34,12,34,34,34,34,34,34,12,12,34,34,34,12,12,26,34,12,12,34,34,34,34,12,12,12,34,34,26,34,34,34,26,34,12,34,12,26,34,34,34,12,34,34,34,12,34,34,34,12,12,12,26,34,12,34,12,34,34,12,34,34,12,34,34,34,34,34,34,12,12,12,12,34,26,12,34	12,12,12,12,12,12	
CU458745	21105	0	A	T	A	0.992593	66	68	1	0	34,34,34,34,34,34,34,34,34,34,34,34,34,26,34,34,34,34,34,34,34,34,34,34,34,34,34,34,34,34,34,34,34,34,34,34,34,34,34,34,34,34,34,34,34,34,34,34,34,34,34,34,34,34,34,34,34,34,34,34,34,34,34,34,34,34,34,34,34,34,34,34,34,34,34,34,34,34,26,34,34,12,34,34,34,34,34,26,34,34,26,34,34,34,26,34,34,34,34,34,34,34,34,12,34,34,34,34,34,34,34,34,26,34,34,34,12,34,34,34,34,34,34,34,12,34,34,26,34,34,34,34,34,34	12	
CU458745	21138	0	C	T	A	0.988764	44	44	1	0	34,34,34,34,34,34,34,34,34,34,34,34,34,34,34,34,34,34,12,34,34,34,34,34,34,34,34,34,34,34,34,34,34,34,34,34,34,34,26,34,34,34,34,34,34,34,34,34,34,34,34,34,34,34,26,26,34,34,34,34,26,34,12,34,34,34,34,34,34,34,34,34,34,34,34,34,34,34,34,34,34,34,34,34,26,34,34,34	12	
CU458745	21145	0	C	T	A	0.988764	44	44	1	0	12,12,34,34,34,34,34,34,34,34,34,34,34,34,34,34,26,34,34,34,34,34,34,34,34,34,34,26,34,34,34,34,34,34,34,34,34,34,34,34,34,34,34,34,34,34,34,26,34,34,34,34,34,34,34,34,34,34,34,34,34,34,34,34,34,34,34,34,34,34,34,34,34,34,34,34,34,34,34,34,34,34,34,34,34,34,34,34	12	
CU458745	21156	0	T	C	G	0.979592	48	48	0	2	34,34,34,34,34,34,34,34,34,34,34,34,34,34,26,34,34,34,34,34,34,34,34,34,26,34,34,34,34,34,34,34,34,12,34,34,34,34,34,34,34,34,34,34,26,34,26,12,34,34,34,34,34,34,34,34,34,34,34,34,34,34,34,34,34,34,34,34,34,34,34,34,34,34,34,34,34,34,34,34,26,34,34,34,34,34,26,34,34,34,34,26,26,34,34,34	12,12	
CU458745	21266	0	G	C	A	0.994048	79	88	1	0	34,34,34,34,34,34,34,34,34,34,34,12,34,34,34,34,34,34,34,34,34,34,34,34,34,34,26,34,34,26,34,34,34,34,34,34,34,26,34,34,34,34,34,34,34,34,34,34,34,34,34,34,34,34,34,34,34,34,34,34,34,34,34,34,34,34,12,34,34,34,34,34,34,34,34,34,34,34,34,34,34,34,34,34,34,12,34,34,34,34,34,34,34,34,34,34,34,34,34,34,34,34,34,34,34,34,34,12,26,34,34,34,34,34,34,34,34,34,34,26,34,34,26,34,34,34,34,34,12,12,34,34,34,34,26,34,34,34,26,34,34,34,34,34,34,34,34,34,34,34,34,34,34,26,34,34,34,34,34,34,34,34,34,34,12,34,34	12	
CU458745	21278	0	C	A	C	0.994083	81	87	0	1	34,12,34,34,34,34,12,34,34,34,34,34,34,34,34,34,34,34,34,34,34,34,34,34,34,34,34,12,34,34,34,34,34,34,34,34,34,34,34,34,34,34,34,34,34,34,34,34,34,34,34,34,34,34,26,26,34,34,34,12,34,34,34,34,34,34,34,34,12,34,34,34,34,26,34,34,34,26,26,34,26,34,34,34,26,12,26,34,34,12,34,26,26,26,34,26,12,26,34,12,34,34,26,26,26,26,34,34,34,34,34,34,34,34,26,34,34,34,34,34,34,34,34,34,34,12,26,34,34,12,12,34,26,34,34,34,26,34,34,34,34,34,34,34,34,34,34,26,34,34,34,34,34,34,34,34,34,34,26,34,34,12,34,26,34,34,34,34	12	
CU458745	21412	0	C	T	A	0.993289	71	77	1	0	34,34,34,34,34,34,34,34,34,34,34,34,34,34,34,34,26,26,34,34,34,34,26,34,34,26,34,34,34,26,34,34,34,34,34,34,34,34,34,34,34,34,34,34,34,34,26,34,34,26,34,34,34,34,34,34,34,34,34,34,34,34,34,34,34,34,34,34,26,12,34,26,34,34,34,34,34,34,34,34,34,34,34,34,34,34,34,34,34,34,34,34,34,34,34,34,34,34,34,12,34,34,34,34,34,34,34,34,34,34,26,34,34,34,34,34,34,34,34,34,34,34,34,34,34,34,34,34,34,34,34,34,26,34,34,34,34,34,12,26,34,26,34,34,34,12,34,34	12	
CU458745	21430	0	C	T	A	0.992647	67	68	0	1	26,34,34,34,34,34,12,34,26,34,34,34,34,34,34,34,34,34,34,34,34,34,34,34,34,34,34,34,34,34,34,34,34,34,34,34,34,34,34,34,34,34,34,34,34,34,34,34,34,34,34,12,34,34,34,34,34,34,34,34,34,34,34,34,34,26,34,34,34,34,34,34,34,26,34,34,34,34,34,34,34,34,34,34,34,34,34,34,34,34,34,34,34,34,34,34,34,34,34,34,34,26,34,34,34,34,34,34,34,12,34,34,34,34,34,34,34,34,34,34,34,34,34,34,34,34,34,34,34,34,12,34,34,34,34	12	
CU458745	21466	0	A	G	C	0.993464	70	82	1	0	12,34,34,34,34,34,34,34,34,12,34,34,34,34,34,26,34,34,34,34,34,34,34,34,34,34,34,34,34,34,34,34,34,34,34,34,34,34,34,34,34,34,34,34,34,34,34,34,34,34,34,34,34,34,26,12,34,34,34,34,34,34,34,34,34,34,34,34,34,34,34,34,34,34,26,34,34,34,34,34,34,34,34,34,34,12,34,34,34,34,34,34,34,34,34,34,34,34,34,34,34,34,34,34,34,34,34,34,34,34,34,34,34,34,34,34,34,34,34,34,34,34,34,34,34,34,34,34,34,34,34,26,34,34,34,34,34,34,34,34,34,26,34,34,34,34,12,34,34,34,34,34	12	
CU458745	21592	0	C	G	T	0.99422	84	88	0	1	34,34,34,34,34,34,34,34,26,12,34,34,34,34,34,34,34,34,34,34,34,34,34,34,34,34,34,34,34,34,34,34,34,12,34,34,34,34,34,34,34,34,34,34,34,26,34,34,34,34,34,34,34,34,34,34,34,34,34,34,34,34,34,34,34,34,34,34,34,34,34,34,34,34,34,34,34,26,34,34,34,34,34,34,34,34,34,34,34,34,34,34,34,12,34,34,34,34,34,34,34,34,34,34,34,34,34,34,34,34,34,34,34,34,34,34,34,12,34,12,34,34,34,34,26,34,34,26,34,34,34,34,12,34,34,34,34,34,34,34,34,34,34,34,34,34,34,34,34,34,34,34,12,34,34,34,34,34,34,34,34,34,34,34,34,34,34,34,34,34,34,26	12	
CU458745	21640	0	A	C	A	0.988024	82	83	1	1	34,34,34,34,34,26,34,34,12,34,34,34,34,34,34,34,34,34,34,34,34,34,34,34,34,34,34,34,26,34,34,34,34,34,34,34,34,34,34,12,34,34,34,34,34,34,34,34,12,34,34,34,34,34,34,34,34,34,34,34,34,34,34,34,34,34,34,34,34,34,34,34,34,34,26,34,34,34,34,34,34,34,34,34,34,34,34,34,34,12,34,34,34,34,34,34,34,34,34,34,34,34,34,34,34,34,34,34,34,34,34,34,34,34,34,34,34,34,34,34,34,34,34,34,34,12,34,34,34,34,34,34,34,34,34,34,34,34,34,34,34,34,34,34,34,34,34,34,34,34,34,34,34,34,26,34,34,34,34,34,34,34,34,34,12	12,12	
CU458745	21672	0	A	G	T	0.994253	87	86	0	1	34,34,34,34,34,34,34,34,34,34,34,34,34,34,34,34,34,34,34,34,34,34,26,34,34,34,34,34,34,34,34,34,34,34,34,34,34,34,34,34,34,34,26,34,34,34,34,34,34,34,34,34,34,34,34,34,34,34,34,34,34,34,34,34,34,34,34,34,34,34,34,34,34,34,34,34,34,34,34,34,34,34,34,34,34,34,34,34,34,34,26,34,34,34,34,34,34,34,34,34,34,34,34,34,34,34,34,34,34,34,34,34,34,34,34,34,34,34,34,34,34,34,34,34,34,34,34,34,34,34,34,34,34,34,34,34,34,34,34,34,34,34,34,34,34,26,34,12,34,34,34,34,34,34,34,34,26,34,34,34,26,34,34,34,34,34,34,34,34,34,34,34,34	12	
CU458745	21786	0	A	G	C	0.994012	78	88	1	0	26,34,34,34,26,34,34,34,34,34,34,34,34,34,34,34,34,34,34,34,34,34,34,26,34,34,34,34,34,34,34,34,34,34,34,34,34,34,34,34,34,34,34,34,12,34,26,34,34,34,34,34,34,34,34,34,34,34,34,34,34,34,34,34,34,34,34,34,34,34,34,34,34,34,34,34,34,34,34,34,34,34,34,34,34,34,34,34,34,34,34,34,34,12,34,34,34,34,34,12,34,34,34,34,34,34,34,34,34,34,34,34,34,34,34,12,34,26,26,34,34,34,34,34,34,34,34,34,34,34,12,34,34,34,34,26,34,34,34,34,34,34,34,26,26,34,34,34,34,34,34,34,34,34,26,34,26,26,34,34,34,34,34,34,12,34	12	
CU458745	21888	0	G	A	T	0.994048	82	85	0	1	34,34,34,34,34,34,34,34,34,34,34,34,34,34,26,34,34,34,34,34,34,34,34,34,34,34,26,26,12,26,34,34,34,26,34,34,34,34,34,34,34,12,34,34,34,34,34,34,34,34,26,34,34,26,34,34,34,26,12,34,34,34,34,34,34,34,34,34,34,34,34,34,34,26,34,34,26,34,34,12,34,34,34,34,34,34,34,12,34,34,12,34,34,34,34,34,34,34,34,34,12,34,34,34,34,34,34,26,34,34,34,34,12,26,34,34,34,34,34,34,34,34,34,34,34,34,34,12,12,34,34,34,34,34,26,34,34,34,34,12,34,34,26,34,34,34,34,34,34,34,34,34,34,34,34,34,34,34,34,34,34,34,34,26,34,34,34	12	
CU458745	21963	0	A	G	C	0.993671	80	77	0	1	12,34,34,34,34,34,34,34,34,34,34,34,34,34,34,34,34,12,12,34,34,34,34,34,34,34,34,34,34,34,34,26,34,34,26,34,34,34,34,34,34,34,34,34,34,34,34,34,34,34,34,34,34,34,34,34,34,34,34,12,34,12,34,34,34,34,34,34,34,34,34,34,34,34,34,34,34,34,34,34,34,34,34,34,34,34,12,34,34,34,34,34,34,34,34,34,34,34,34,12,34,12,34,12,34,34,34,34,34,34,34,34,34,34,34,34,34,26,34,34,26,34,34,34,34,34,34,34,34,34,34,12,34,34,34,34,34,34,34,34,34,34,34,34,34,34,34,34,34,34,34,34,34,26,34,34,34	12	
CU458745	22012	0	C	T	A	0.993671	83	74	1	0	34,34,34,34,34,34,34,34,34,34,34,34,34,34,34,34,34,34,34,34,34,34,34,34,34,34,34,34,34,34,34,34,34,34,34,34,34,34,34,34,34,34,34,34,34,34,34,34,34,34,34,34,34,34,34,34,34,34,34,34,34,26,34,34,26,34,26,34,34,34,34,34,34,34,34,34,34,34,12,34,34,34,34,34,34,34,34,34,34,34,34,34,34,34,34,34,34,34,34,34,34,34,34,34,34,34,34,26,34,34,34,34,34,34,34,34,34,34,34,34,34,26,34,34,34,34,34,34,34,34,34,34,34,34,34,26,34,34,34,34,34,34,34,34,34,26,34,34,26,34,34,34,34,34,34,34,34	12	
CU458745	22138	0	T	C	A	0.985294	34	33	1	0	34,34,34,26,34,34,34,34,34,34,34,34,34,34,34,34,34,34,34,34,34,34,34,34,12,34,34,34,34,34,34,12,34,34,34,34,34,34,34,34,34,34,34,34,34,34,34,34,34,34,34,34,34,34,34,34,34,34,34,34,34,34,34,34,34,34,34	12	
CU458745	22189	0	G	T	A	0.985915	36	34	1	0	34,12,34,34,34,26,26,34,34,34,34,34,34,34,34,34,34,34,34,34,34,34,34,34,34,34,34,34,34,34,34,34,34,34,34,26,34,34,26,34,34,34,34,34,34,34,26,34,34,34,34,34,34,34,34,34,34,34,34,12,34,34,34,34,34,34,34,34,34,34	12	
CU458745	22233	0	G	A	G	0.970588	17	16	1	0	34,34,34,34,34,34,34,34,34,34,34,34,34,34,34,34,34,34,34,34,34,34,34,34,34,34,34,12,34,34,34,34,34	12	
CU458745	22253	0	C	T	G	0.979167	26	21	0	1	34,34,34,34,34,12,34,34,34,34,34,34,34,34,34,34,34,34,26,34,34,34,12,34,34,34,34,34,12,34,12,34,34,34,34,34,34,34,34,34,34,12,12,12,26,34,34	12	
CU458745	22457	0	G	A	T	0.995305	104	108	0	1	34,34,34,34,34,34,26,34,34,34,26,34,34,12,34,12,34,34,34,34,34,34,12,34,34,34,34,34,34,12,34,34,34,34,34,26,26,26,34,34,34,34,34,34,34,34,34,34,34,34,34,34,12,34,34,34,34,34,34,34,34,12,34,34,34,34,34,34,34,34,34,34,34,34,34,34,34,34,26,34,34,34,34,34,34,34,34,34,34,34,34,34,34,34,34,34,34,34,34,34,34,34,34,34,34,34,12,34,34,34,34,34,34,34,34,12,34,34,34,34,34,34,34,34,34,26,34,34,34,34,34,34,34,34,34,34,26,34,34,34,34,34,34,34,34,34,34,34,34,34,34,34,34,34,34,34,34,34,34,34,34,34,34,12,26,34,34,34,34,34,34,26,34,34,34,12,34,34,34,34,34,34,34,34,34,34,34,34,34,34,34,34,26,34,12,34,34,34,34,34,34,34,34,34,34,34,34,34,34,34,34,34	12	
CU458745	22508	0	A	G	T	0.994898	97	98	1	0	34,34,34,34,34,34,34,34,34,34,34,34,34,34,34,34,34,34,34,34,34,34,34,34,34,34,34,34,34,34,34,34,34,34,34,34,34,34,34,34,34,34,34,34,34,34,34,34,34,34,34,34,34,34,34,34,34,34,34,34,34,34,34,34,34,34,34,34,34,34,34,34,34,34,34,34,34,34,34,34,34,34,34,34,34,34,34,34,34,34,34,34,26,34,34,34,34,34,34,34,34,34,34,34,34,34,34,34,34,34,34,34,34,34,34,34,34,34,34,34,34,34,34,34,34,34,34,34,34,34,34,34,34,34,34,34,34,34,34,34,34,34,34,34,34,12,34,34,34,34,34,34,12,34,34,34,34,34,34,34,34,34,34,34,34,34,34,34,34,34,34,34,34,34,34,34,34,34,34,34,34,34,34,34,34,34,34,34,34,34,26,34,34,34,34	12	
CU458745	22541	0	G	C	A	0.99375	81	78	1	0	34,34,34,34,34,34,34,34,34,34,34,34,34,34,34,34,34,34,34,34,34,12,34,34,34,34,34,34,34,34,34,34,34,34,34,34,34,34,34,34,34,34,34,34,34,34,12,26,34,34,26,34,34,34,34,34,34,34,34,34,34,34,34,34,34,34,34,34,34,34,34,34,34,34,34,34,34,26,34,34,34,26,34,34,34,34,34,34,34,34,34,34,34,34,34,34,34,34,34,34,34,34,34,34,34,26,34,34,34,34,34,34,34,34,34,34,34,34,26,34,34,34,34,34,26,34,34,34,34,34,26,34,34,34,34,34,34,34,34,34,34,34,34,34,34,34,34,34,34,34,34,34,34,34,34,34,34,34,34	12	
CU458745	22544	0	G	A	T	0.99375	82	77	0	1	34,34,34,34,34,34,26,26,34,34,12,34,34,34,34,34,26,26,34,34,12,34,26,34,26,34,12,12,34,34,34,34,34,34,26,34,34,12,34,34,34,34,34,34,34,34,34,12,12,26,34,34,12,34,34,34,12,34,34,34,34,12,34,34,34,34,34,34,34,34,34,34,34,34,34,34,34,34,34,12,34,34,26,12,34,34,12,12,34,34,34,34,34,34,34,34,34,34,34,12,34,12,26,34,34,34,34,34,34,26,34,34,34,34,34,34,34,34,34,34,34,34,26,34,34,34,34,34,34,34,34,12,34,34,34,26,34,34,34,34,34,34,34,34,34,34,34,34,26,34,34,34,34,34,26,34,34,34,34	12	
CU458745	22721	0	G	A	T	0.98995	90	107	1	1	34,34,34,34,34,34,34,12,34,34,34,34,34,34,34,34,34,34,34,34,34,34,26,34,34,34,34,34,34,34,12,34,34,34,34,34,34,34,34,34,34,12,34,34,34,34,34,34,34,34,34,34,34,34,34,34,34,34,26,34,34,34,34,34,34,34,34,34,12,34,34,34,34,26,34,34,34,34,34,12,12,12,12,26,34,34,34,34,34,12,34,34,34,34,34,34,34,34,34,12,34,12,12,34,34,34,34,34,34,12,12,34,34,34,34,26,34,34,34,34,26,34,34,34,26,34,34,34,34,26,34,34,34,34,26,34,34,34,26,34,34,12,34,34,34,34,34,34,34,26,34,12,34,34,34,34,34,34,34,34,34,34,34,34,26,12,12,34,34,26,34,34,34,12,34,12,26,34,34,34,12,34,34,34,26,34,34,34,34,34,34,34,34,34,34,34,34	12,12	
CU458745	22862	0	G	A	T	0.986014	67	74	2	0	34,34,34,34,34,34,34,34,34,34,12,34,34,34,34,34,12,34,34,34,34,34,34,34,34,34,34,34,34,34,34,12,34,34,26,34,34,34,12,34,34,26,34,12,12,26,34,34,34,34,26,34,26,34,34,34,34,34,12,34,34,34,12,12,34,12,12,34,34,34,34,34,34,26,26,26,26,34,12,12,34,12,34,34,34,26,34,34,34,34,26,34,34,34,34,34,26,34,26,34,12,26,34,34,12,34,34,34,34,12,34,12,34,26,34,12,34,34,34,34,34,34,34,34,12,26,12,34,34,34,12,26,34,34,34,12,34,26,12,26,34	12,12	
CU458745	22994	0	T	C	A	0.992248	67	61	1	0	34,34,34,34,34,34,34,34,34,34,34,34,34,34,34,34,34,26,34,34,34,34,34,34,34,34,34,34,34,34,34,34,34,34,34,34,34,12,34,34,34,34,34,34,26,34,34,34,34,34,34,34,34,34,34,26,34,34,34,34,34,34,34,34,34,34,34,34,34,34,34,34,34,34,34,34,34,34,34,34,34,34,34,34,34,34,34,34,34,34,34,34,34,34,34,34,34,34,34,34,34,34,34,34,34,34,34,34,34,34,34,34,34,34,26,34,34,34,34,34,34,34,34,34,34,34,34,34	12	
CU458745	23113	1	.	T	.	0.95	21	17	2	0	34,34,34,34,34,34,34,34,34,34,34,34,34,34,34,34,34,34,34,34,34,34,34,34,34,34,34,26,34,34,34,34,34,34,34,34,34,34	34,34	
CU458745	23113	2	.	T	.	0.95	21	17	2	0	34,34,34,34,34,34,34,34,34,34,34,34,34,34,34,34,34,34,34,34,34,34,34,26,34,34,34,34,34,34,34,34,34,34,34,34,34,26	34,34	
CU458745	23126	0	C	.	A	0.975	22	17	1	0	34,34,34,34,34,34,34,34,34,34,34,34,34,34,34,34,34,34,34,34,34,34,34,34,34,34,34,34,34,34,34,34,34,34,34,34,34,34,34	34	
CU458745	23127	0	C	.	C	0.975	22	17	1	0	34,34,34,34,34,34,34,34,34,34,34,34,34,34,34,34,34,34,34,34,34,34,34,34,34,34,34,34,34,34,34,34,34,34,34,34,34,34,34	12	
CU458745	23157	1	.	T	.	0.958333	15	8	1	0	34,34,34,34,34,34,34,34,34,34,34,34,12,34,34,34,34,26,34,34,34,34,34	34	
CU458745	23187	0	C	T	C	0.958333	16	7	0	1	34,34,34,34,34,34,34,34,34,34,34,34,34,34,34,34,34,34,34,26,34,34,34	34	
CU458896	81393	1	.	C	.	0.985507	34	34	0	1	34,34,34,34,34,34,34,34,34,12,12,34,34,34,34,26,34,34,34,34,34,34,34,34,34,34,34,34,34,34,34,34,34,34,26,34,34,34,34,34,34,34,34,34,34,34,34,34,34,34,34,34,34,34,34,12,34,34,34,34,34,34,34,34,34,34,34,34	34	
CU458896	116671	1	.	T	.	0.93617	21	23	2	1	34,34,34,34,34,34,34,34,34,34,34,34,34,34,34,34,34,34,34,34,34,34,34,34,34,34,34,34,34,34,34,26,34,34,34,34,34,34,34,34,34,34,34,34	34,34,26	
CU458896	116671	2	.	G	.	0.934783	21	22	2	1	34,34,34,34,34,34,34,34,34,34,34,34,34,12,34,34,34,34,34,26,34,34,34,34,26,34,34,12,34,34,34,34,34,12,34,34,34,34,34,34,34,34,34	34,34,26	
CU458896	141701	0	C	C	A	0.698113	5	32	16	0	34,12,34,34,34,34,26,34,34,12,34,34,34,34,34,34,34,34,34,34,34,34,34,34,34,34,34,34,12,26,34,34,34,34,34,34,34	26,34,26,12,12,12,26,12,12,12,12,12,26,34,12,26	
CU458896	141716	0	G	G	C	0.822581	17	34	11	0	12,34,34,12,34,34,34,12,12,34,34,26,34,34,34,26,12,34,34,34,34,34,34,34,34,34,34,34,12,34,34,34,34,34,34,34,34,34,34,34,34,34,34,34,34,34,34,34,34,34,34	12,12,34,12,34,34,26,12,12,34,12	
CU458896	168418	0	C	C	A	0.816327	9	31	9	0	34,34,34,34,34,34,34,34,34,34,34,34,34,34,34,34,26,34,34,34,12,34,34,34,34,34,34,34,34,34,34,34,34,34,34,34,34,34,34,34	12,34,26,12,34,34,34,34,12	
CU458896	208462	0	C	T	A	0.980769	23	28	1	0	34,34,34,34,34,34,34,34,34,34,34,34,34,34,34,34,34,34,34,34,34,34,34,34,34,34,34,26,34,34,34,34,34,34,34,34,12,34,26,34,34,34,34,34,34,12,34,26,34,34,34	12	
CU458896	219106	0	A	T	A	0.62963	15	19	6	14	34,34,34,34,34,34,34,34,34,34,34,34,34,34,34,26,34,34,34,34,34,34,34,34,34,34,34,34,34,34,34,34,34,34	26,26,34,12,34,34,26,34,34,34,26,34,34,34,12,34,34,34,26,34	
CU458896	219114	0	C	C	A	0.615385	8	16	8	7	34,34,34,34,34,34,34,34,34,34,34,34,34,34,34,34,34,34,34,34,34,34,26,34	12,34,34,34,34,34,34,34,34,34,34,34,12,12,34	
CU458896	219115	0	A	A	C	0.6	8	16	8	8	34,34,34,26,34,34,34,34,34,34,34,34,34,34,12,34,34,34,26,34,34,34,34,34	34,34,34,34,34,34,34,34,34,34,34,34,34,34,34,34	
CU458896	219119	0	T	T	A	0.627907	9	18	8	8	34,34,34,34,34,34,34,34,34,34,34,34,34,34,34,34,34,26,34,34,34,34,34,34,34,34,34	34,34,34,34,34,34,34,34,34,34,34,34,34,34,34,34	
CU458896	262266	0	A	G	C	0.983607	32	28	1	0	34,34,34,34,34,12,34,12,34,34,34,34,34,34,34,34,34,26,34,34,12,12,34,34,34,12,34,34,34,34,34,34,34,34,34,34,34,34,12,34,34,34,34,34,34,34,34,34,34,34,34,34,34,34,34,34,34,34,34,34	12	
CU458896	298186	1	.	G	.	0.925926	24	26	2	2	34,26,34,26,34,34,12,34,34,34,34,34,34,34,34,12,34,34,34,34,34,34,34,34,34,34,34,12,34,26,34,34,34,34,34,34,34,34,34,34,34,34,34,26,34,34,34,34,34,34	12,34,34,34	
CU458896	454685	1	.	.	T	0.938462	27	34	2	2	34,12,12,34,34,34,34,34,34,34,26,34,34,34,26,26,34,34,34,34,26,34,34,34,34,34,34,34,34,34,34,34,34,34,34,34,34,12,26,12,34,34,12,34,34,34,34,34,34,34,34,34,34,34,34,34,34,34,34,34,34	34,34,34,34	
CU458896	514261	1	.	.	G	0.932432	33	36	2	3	34,34,34,34,34,34,34,34,34,34,34,34,34,34,12,34,34,34,34,34,34,34,34,34,34,34,34,12,34,34,34,34,34,34,34,34,34,34,34,34,12,34,34,34,34,26,34,34,34,34,34,12,34,34,34,34,34,34,34,34,34,34,34,34,34,34,34,12,34	34,34,34,34,34	
CU458896	514261	2	.	.	T	0.932432	33	36	2	3	34,34,34,34,34,34,34,34,34,34,34,34,34,34,12,34,34,34,34,34,34,34,34,34,34,34,34,12,34,34,34,34,34,34,34,34,34,34,34,34,12,34,34,34,34,26,34,34,34,34,34,12,34,34,34,34,34,34,34,34,34,34,34,34,34,34,34,12,34	34,34,34,34,34	
CU458896	514271	0	C	C	.	0.932432	32	37	2	3	34,34,26,34,34,34,34,34,34,34,34,34,34,34,34,34,34,34,34,34,34,34,34,34,34,34,34,34,34,34,34,34,34,34,34,34,12,34,34,34,34,34,34,34,34,34,34,34,34,34,34,34,34,34,34,34,34,34,34,34,34,34,34,26,34,34,34,34,34	34,26,34,34,34	
CU458896	514272	0	A	A	.	0.932432	32	37	2	3	34,34,34,34,34,34,34,34,34,34,34,34,34,34,26,34,34,34,34,34,34,34,34,34,34,34,34,34,34,34,34,34,34,34,34,34,34,34,34,34,34,34,34,34,34,34,34,34,34,34,34,34,34,34,34,34,34,26,34,12,34,34,34,34,34,26,34,34,34	34,26,34,34,34	
CU458896	690873	0	C	C	.	0.920635	34	24	2	3	34,12,34,34,34,34,34,34,34,34,34,34,34,34,34,34,34,34,12,34,26,34,34,34,34,34,34,34,34,26,34,34,26,34,34,34,34,34,34,34,34,34,34,34,34,34,34,34,34,34,34,34,34,34,34,34,34,12	34,34,34,34,34	
CU458896	690881	1	.	.	G	0.921875	35	24	2	3	34,12,12,12,34,34,34,34,34,34,34,34,34,34,34,34,34,34,12,34,26,34,34,34,26,34,34,34,34,34,34,34,34,34,34,34,34,34,34,34,34,12,34,34,34,34,12,34,34,34,34,34,34,34,34,34,34,26,12	34,12,34,34,34	
CU458896	1097319	0	A	A	C	0.9	34	29	3	4	34,12,34,34,34,34,34,34,34,34,34,34,34,34,26,34,34,34,34,34,34,34,34,34,34,26,34,34,34,34,34,34,26,34,34,34,34,34,34,34,34,34,34,34,34,34,34,34,26,34,34,34,34,34,34,34,12,34,34,34,34,34,34	34,34,34,34,34,34,34	
CU458896	1097324	0	G	G	C	0.892308	31	27	3	4	34,34,34,34,34,34,34,34,34,34,34,34,34,34,34,34,34,34,34,34,34,34,34,34,34,34,34,34,12,34,34,34,34,34,34,34,34,34,34,34,34,26,34,34,34,34,34,34,34,34,34,34,34,34,34,34,34,34	34,34,34,26,34,34,34	
CU458896	1097327	0	G	G	C	0.895522	32	28	3	4	26,34,34,34,34,34,34,34,34,34,26,34,34,26,34,34,34,34,34,34,34,34,34,34,34,34,34,34,34,12,34,34,34,34,34,34,34,34,34,34,34,26,34,34,34,34,34,34,34,34,26,34,34,34,34,34,34,26,34,34	34,34,34,34,34,34,12	
CU458896	1097332	0	G	G	T	0.895522	32	28	3	4	34,34,34,34,34,34,34,34,34,34,34,26,34,34,34,34,34,34,34,34,34,34,34,34,34,34,34,34,34,34,34,34,34,34,34,34,34,34,34,34,34,34,12,34,34,34,34,34,34,34,34,34,34,34,34,34,34,34,34,34	34,34,34,34,34,12,34	
CU458896	1385802	1	.	T	.	0.985915	31	39	1	0	34,34,34,12,34,34,34,34,34,34,34,34,34,34,34,34,34,34,34,34,34,34,34,34,34,34,34,34,34,34,26,34,34,34,34,34,34,12,34,34,34,34,34,34,34,34,34,34,34,34,34,34,26,34,34,34,34,34,34,34,34,34,26,34,34,34,34,34,34,34	34	
CU458896	1411812	0	C	.	T	0.982143	24	31	0	1	34,34,34,34,34,34,34,34,34,34,34,34,34,34,34,34,34,26,34,34,34,34,34,34,12,34,34,34,34,34,34,34,34,34,34,34,34,34,34,34,34,12,34,26,34,34,34,34,34,34,34,34,34,34,34	12	
CU458896	1574347	0	C	G	C	0.986111	35	36	0	1	34,34,34,34,34,34,34,34,34,12,34,34,34,34,34,34,34,34,34,34,34,34,34,34,34,34,34,34,34,34,34,12,34,34,34,34,34,34,34,34,34,34,34,34,34,34,34,34,34,34,26,34,34,34,34,34,34,34,12,34,34,34,34,34,34,34,34,12,34,34,26	34	
CU458896	1736409	0	G	A	T	0.981818	27	27	0	1	34,34,34,34,12,34,34,34,34,34,34,34,34,34,26,34,34,34,34,26,34,26,26,34,34,34,34,34,34,34,34,34,34,34,26,34,34,26,34,34,34,34,34,34,34,34,34,34,34,34,26,34,34,34	12	
CU458896	1757160	1	.	.	T	0.9375	31	29	2	2	34,34,34,34,34,34,34,34,34,34,34,34,34,12,34,34,34,34,26,34,34,34,34,34,34,34,34,34,34,34,34,34,34,34,34,34,34,34,34,34,34,34,34,34,34,34,34,34,34,34,34,34,34,34,26,34,34,34,34,34	34,34,34,34	
CU458896	1856148	0	T	T	G	0.907895	34	35	4	3	34,12,12,34,34,34,34,12,34,34,34,34,34,26,12,34,34,34,34,34,26,26,26,34,26,34,34,34,34,34,34,34,34,26,34,12,34,34,34,34,34,34,34,34,34,34,34,34,34,34,12,34,34,34,34,34,34,34,34,34,26,34,34,34,34,34,34,34,34	26,34,34,34,34,34,34	
CU458896	1988690	0	A	A	.	0.901639	24	31	3	3	34,34,34,34,34,34,34,34,12,34,34,34,34,34,34,34,34,34,34,34,34,34,34,34,34,34,34,34,34,34,34,34,34,34,34,26,34,26,34,34,34,34,34,34,34,34,34,34,34,34,34,12,34,34,34	34,34,34,34,34,34	
CU458896	1988694	1	.	.	T	0.896552	23	29	3	3	34,34,34,26,34,34,26,34,34,34,12,34,34,34,34,34,34,34,34,34,34,34,34,34,34,34,26,34,26,34,34,34,34,34,34,34,34,34,34,34,34,34,34,34,34,34,34,34,34,34,34,34	34,34,34,34,34,34	
CU458896	2064246	0	C	G	C	0.984127	33	29	1	0	34,34,34,34,34,12,34,26,26,34,34,34,34,34,26,34,34,34,34,34,34,34,34,34,34,12,34,34,34,12,34,34,34,34,34,34,34,34,34,34,34,34,34,34,34,34,34,34,34,34,34,34,34,34,34,34,34,34,34,34,12,34	12	
CU458896	2087029	0	T	T	A	0.78125	37	38	12	9	12,34,34,34,34,34,34,34,34,34,34,12,34,34,34,34,34,34,34,12,34,34,34,34,12,34,34,34,34,34,34,34,12,34,34,34,34,34,34,34,34,34,34,34,34,34,34,34,34,34,34,34,34,34,34,34,26,34,34,34,34,34,34,34,26,34,34,34,12,34,34,34,34,34,34	34,34,34,26,34,34,34,34,34,34,34,26,34,34,34,34,34,34,34,34,34	
CU458896	2087037	0	A	A	G	0.745098	38	38	14	12	34,34,12,34,34,34,34,34,26,34,34,34,34,34,34,34,34,34,34,34,34,34,34,26,34,34,34,34,12,34,34,34,34,34,34,34,34,34,34,34,34,34,34,34,34,34,34,34,12,34,34,34,34,34,34,34,34,34,34,34,34,34,34,34,26,34,34,34,26,34,34,34,34,34,34,34	34,34,34,34,34,34,34,34,34,34,34,34,26,34,34,34,34,34,34,34,34,34,34,34,34,34	
CU458896	2087038	0	C	C	G	0.742574	36	39	14	12	34,34,34,34,34,34,34,34,34,34,34,34,12,34,34,34,34,34,34,34,34,34,34,34,26,34,34,34,34,34,34,34,34,34,34,34,34,34,34,34,34,34,34,12,34,34,34,34,34,34,34,34,34,34,34,34,34,34,34,12,34,34,34,34,34,34,34,34,34,34,34,34,34,34,12	34,34,34,34,34,34,34,34,34,12,34,34,34,34,34,34,34,34,34,34,34,34,26,34,34,34	
CU458896	2087056	0	T	T	C	0.587413	39	45	25	34	34,34,34,34,34,26,34,34,12,34,34,34,26,34,12,34,34,34,34,34,34,26,34,34,34,34,34,34,34,34,34,34,34,34,34,34,34,34,34,34,34,34,34,34,34,34,34,34,34,34,34,34,34,34,34,34,34,34,34,34,34,34,26,34,34,34,34,34,34,34,34,34,34,34,34,34,34,34,34,34,34,34,26,34	34,34,26,34,34,34,34,34,34,12,34,26,34,34,34,34,34,34,34,34,34,34,12,34,34,34,34,34,34,34,34,12,34,34,12,34,34,26,34,34,34,12,34,34,34,34,34,34,34,34,26,34,34,34,34,34,34,34,34	
CU458896	2087065	0	T	T	C	0.601351	42	47	25	34	34,34,12,34,34,34,12,34,34,26,34,34,34,34,34,34,34,34,26,34,34,34,34,26,34,34,34,12,34,34,34,34,26,34,34,34,34,34,34,34,34,34,34,34,34,34,34,34,34,34,34,34,34,34,34,34,34,34,34,34,34,34,34,34,34,34,34,12,26,34,34,34,34,34,34,34,34,34,34,34,34,34,12,34,34,34,34,34,34	34,34,34,34,34,34,34,34,34,34,34,34,26,34,34,34,34,34,34,34,34,34,34,34,34,34,34,34,26,34,34,34,34,34,34,34,34,34,26,34,34,26,34,34,34,34,34,34,34,26,34,34,34,34,34,34,34,34,34	
CU458896	2087069	0	G	G	A	0.606667	43	48	25	34	34,34,12,34,34,34,34,34,34,34,34,34,34,34,34,34,34,34,34,34,34,34,34,34,34,34,34,34,34,34,34,34,34,34,34,34,34,34,34,34,34,34,34,34,34,26,34,34,34,34,34,34,26,12,26,34,34,34,34,34,34,34,34,34,34,34,12,34,34,34,34,34,34,34,34,34,34,34,34,34,12,34,34,34,34,34,34,34,34,34,34	34,34,34,34,34,34,34,34,34,34,34,34,26,34,34,34,34,34,34,34,34,34,34,34,34,34,34,34,34,34,34,34,34,34,34,34,34,34,34,34,34,34,34,34,34,34,34,34,34,34,12,34,34,34,34,34,34,34,34	
CU458896	2087070	0	C	C	T	0.609272	42	50	25	34	34,34,34,34,34,34,34,34,34,34,12,34,12,34,34,34,34,34,34,34,34,34,34,34,34,34,34,34,34,34,34,34,34,34,26,34,34,34,34,34,34,34,34,34,34,34,34,34,34,34,34,34,34,12,34,34,34,34,34,34,26,34,34,34,34,34,34,34,34,34,34,34,34,34,34,34,34,34,34,26,34,34,34,34,34,34,34,34,26,34,34,34	34,12,34,12,34,34,34,34,26,34,34,34,34,34,34,34,34,34,34,34,34,34,34,34,34,34,34,34,34,34,34,26,34,34,34,34,34,34,34,34,34,34,34,34,34,34,34,34,34,34,34,34,34,34,34,34,34,34,34	
CU458896	2087073	0	G	G	A	0.59589	41	46	25	34	34,34,34,34,34,34,34,34,34,34,34,34,34,34,34,34,34,34,34,34,34,34,34,34,34,34,34,34,34,34,34,34,34,34,34,34,34,34,34,34,34,34,34,34,34,26,34,34,12,34,34,34,34,34,34,34,34,34,34,34,26,34,34,34,34,34,34,34,34,34,34,34,34,34,34,34,34,34,34,34,34,34,34,34,34,34,34	34,26,34,34,26,34,34,34,34,34,34,12,34,34,12,34,34,34,34,34,34,26,34,34,34,34,34,34,26,26,34,34,34,34,34,34,34,34,34,34,34,34,34,34,12,34,34,34,34,34,34,34,34,34,34,34,34,34,34	
CU458896	2087076	0	G	G	A	0.59589	41	46	25	34	34,34,34,12,34,26,34,34,34,34,34,34,34,34,34,34,34,34,34,34,34,26,34,26,34,26,34,34,34,34,34,34,34,34,34,34,34,34,34,34,12,34,34,34,34,34,34,34,34,34,34,34,34,34,34,34,34,34,34,34,26,34,26,34,34,34,34,34,34,34,34,34,34,34,34,26,34,34,34,34,34,34,34,34,34,34,34	34,26,34,34,34,34,34,34,34,34,34,34,34,34,34,34,34,34,34,34,34,34,34,12,34,34,34,34,34,34,34,34,34,26,34,34,34,34,34,34,34,26,34,34,34,34,34,34,34,34,34,34,34,34,34,34,34,34,34	
CU458896	2087088	0	C	C	G	0.526667	37	42	30	41	34,34,34,34,34,34,26,12,34,34,34,34,34,34,34,26,34,34,34,34,34,34,34,34,34,34,34,34,34,34,34,12,34,34,34,34,34,34,34,34,34,34,34,26,34,34,34,26,34,34,34,34,34,34,34,34,34,34,34,34,34,34,34,34,34,34,34,34,34,34,12,34,34,34,34,12,34,12,34	34,34,34,34,34,34,34,34,34,34,34,34,34,34,34,34,26,34,34,34,34,34,12,34,26,34,34,34,34,34,34,34,12,34,34,34,34,34,34,34,34,34,34,34,34,34,34,34,34,34,34,26,34,34,34,34,34,34,34,34,34,34,34,34,12,34,34,34,34,34,34	
CU458896	2087089	0	A	A	G	0.526667	37	42	31	40	34,34,26,34,34,34,26,34,34,34,34,34,34,34,34,12,34,34,34,34,34,34,34,34,34,12,34,34,34,34,34,34,12,34,34,34,34,34,34,34,34,34,12,34,34,34,34,34,34,34,34,34,34,34,34,34,34,34,34,34,34,34,34,34,34,34,26,34,34,34,34,34,34,34,34,34,34,34,26	34,12,26,26,34,34,34,34,34,34,34,34,34,34,34,34,34,34,34,34,34,26,34,34,34,34,34,34,34,34,34,34,34,12,34,34,34,34,34,34,34,34,34,12,34,26,34,34,34,34,34,34,34,34,34,34,34,34,34,34,34,34,34,34,34,34,34,34,34,34,34	
CU458896	2087091	0	G	G	A	0.516779	35	42	31	41	26,34,34,34,34,34,34,34,34,34,34,34,34,34,34,34,12,34,34,34,34,34,34,34,34,34,34,34,34,34,34,34,34,34,34,34,34,34,34,34,34,34,34,34,34,34,34,34,34,34,34,34,34,34,34,34,34,34,26,12,34,34,34,34,34,34,34,34,34,34,34,34,34,34,34,34,34	26,34,34,34,34,34,34,34,34,34,34,26,34,34,34,34,34,34,34,34,34,34,34,12,34,34,34,34,34,34,34,34,34,12,34,34,34,34,34,34,34,34,34,34,34,34,34,34,34,34,34,34,34,34,34,34,34,34,34,34,26,34,34,34,34,34,34,34,34,34,34,34	
CU458896	2087120	0	G	G	A	0.551515	41	50	32	42	26,34,34,26,34,34,34,34,34,34,34,34,34,34,34,34,34,34,34,34,34,34,34,26,12,34,34,12,26,34,34,34,34,34,34,34,34,34,34,34,34,34,34,34,34,34,34,34,34,12,26,26,34,34,34,34,34,34,34,34,12,34,34,34,34,34,34,34,34,34,34,34,26,34,34,34,34,34,34,34,12,34,34,34,34,34,34,34,26,34,34	34,34,34,34,34,26,34,34,34,26,34,34,34,34,34,34,34,34,34,34,34,34,34,34,34,34,34,34,34,34,34,34,34,34,34,34,34,34,34,34,34,34,34,34,34,34,34,34,34,34,34,34,34,34,34,34,34,34,34,34,34,34,34,34,34,34,34,34,34,34,34,34,26,34	
CU458896	2087122	0	G	G	A	0.54878	41	49	31	43	34,34,34,34,12,34,34,34,34,34,34,34,34,34,34,34,34,34,34,34,34,34,34,12,34,34,34,34,34,34,34,34,34,34,34,26,34,34,34,34,34,34,34,34,34,34,34,34,34,34,34,34,34,34,34,34,34,34,34,34,34,34,34,34,34,34,34,34,34,34,34,34,34,34,34,34,34,34,34,12,34,26,34,34,34,34,34,34,34,34	34,34,34,34,34,34,34,34,34,12,34,34,34,34,34,34,34,34,34,34,26,34,12,34,34,34,34,34,34,34,12,34,12,34,34,34,34,34,34,34,34,34,34,34,34,34,34,34,34,34,34,34,34,34,34,34,34,34,34,34,34,34,34,34,26,34,34,34,34,34,34,34,12,34	
CU458896	2087134	0	A	A	G	0.517442	41	48	36	47	34,34,34,34,34,34,12,34,34,12,34,34,34,12,34,34,34,34,34,12,34,34,26,34,34,34,34,34,34,26,34,34,34,34,34,34,34,34,34,34,34,34,34,34,34,34,34,34,34,34,34,34,34,34,34,34,34,34,34,34,34,34,34,34,34,34,34,34,34,34,34,34,34,34,34,34,34,34,34,34,34,34,34,34,34,34,34,34,34	34,34,34,34,34,34,34,12,34,12,34,26,34,34,34,34,34,34,34,34,34,34,34,34,34,34,12,34,34,34,34,34,34,12,34,34,34,34,34,34,34,34,34,34,34,34,34,34,34,34,34,34,34,34,34,34,34,34,34,12,34,34,34,34,34,34,34,34,34,34,34,34,34,26,34,34,34,34,34,34,34,34,34	
CU458896	2087135	0	T	T	C	0.517647	41	47	36	46	34,34,34,34,34,34,34,34,34,34,26,34,34,34,34,34,26,12,12,34,34,34,34,26,34,26,34,34,34,34,34,34,34,34,34,34,34,34,34,34,34,34,34,34,12,26,26,34,34,34,34,12,34,34,34,34,34,34,34,34,34,26,34,34,34,34,26,34,34,34,34,34,34,34,26,34,34,34,34,34,34,34,34,34,34,26,34,34	34,34,12,34,34,34,34,34,34,34,34,34,34,34,34,34,34,34,34,34,34,34,34,26,34,34,34,34,34,34,34,12,34,34,34,34,34,34,34,34,34,34,34,34,34,26,34,34,34,26,34,34,34,34,34,34,34,34,34,26,34,34,34,34,26,34,34,34,34,34,34,34,34,34,34,34,12,12,34,34,34,34	
CU458896	2087136	0	T	T	C	0.517647	41	47	36	46	34,34,34,34,34,34,34,34,34,34,34,34,34,34,34,34,34,34,34,34,34,34,34,34,34,34,34,34,34,34,34,34,34,34,34,34,34,34,34,34,34,34,34,34,34,34,34,34,34,34,34,34,34,26,34,34,34,34,34,34,34,34,34,34,34,34,34,34,34,34,34,34,34,34,34,34,34,34,34,34,34,34,34,34,34,34,34,34	34,34,34,34,34,34,34,34,34,34,34,34,34,34,34,34,34,34,34,34,34,34,34,34,34,34,34,34,34,34,34,12,34,34,12,34,34,34,34,34,34,34,34,34,34,34,34,34,34,34,26,34,34,34,34,34,34,34,34,34,34,34,34,34,34,34,34,34,34,34,34,34,34,26,34,34,34,34,26,34,34,34	
CU458896	2087151	0	A	A	G	0.529412	45	45	35	45	34,34,34,34,34,34,34,34,34,34,34,34,34,34,12,34,34,34,12,34,34,34,26,34,34,34,26,34,34,34,34,34,34,34,34,34,34,34,34,34,34,34,34,34,34,34,34,34,34,34,34,34,34,34,34,34,34,34,34,34,34,34,34,34,34,34,34,34,34,34,34,34,34,34,34,34,26,34,34,34,34,34,34,34,34,34,34,12,34,34	34,34,34,12,34,34,34,34,34,12,34,34,34,34,34,34,34,34,34,34,34,34,34,34,34,34,34,34,12,34,34,34,34,34,34,34,34,34,34,34,34,34,34,34,12,34,34,34,34,34,34,34,34,34,34,34,34,34,34,26,34,34,34,34,12,34,34,34,34,34,34,34,12,12,34,34,34,34,34,34	
CU458896	2087158	0	G	G	A	0.52439	43	43	34	44	34,34,34,34,34,34,34,12,34,34,26,34,34,34,34,34,34,34,34,34,34,34,34,34,34,26,34,34,34,34,34,34,34,34,34,34,34,12,34,34,34,34,34,34,34,34,34,34,34,34,34,34,34,34,34,34,34,34,34,34,34,34,34,34,26,34,34,34,34,34,34,34,34,34,34,34,12,34,34,34,34,12,34,34,34,34	34,34,34,34,34,34,34,34,26,34,34,34,34,34,34,34,34,34,34,34,34,34,34,34,34,34,12,34,34,34,34,34,34,34,34,34,34,34,34,34,34,34,34,34,34,34,34,34,34,34,34,34,34,34,34,26,34,34,34,34,26,34,34,34,34,34,34,34,34,34,34,34,34,34,34,34,34,34	
CU458896	2087179	0	G	G	A	0.598425	37	39	21	30	26,34,34,34,34,34,34,34,34,34,34,34,34,34,34,26,34,34,34,34,34,34,34,34,34,34,34,34,34,34,34,34,34,34,26,34,34,34,34,34,34,34,34,34,34,34,34,34,34,34,34,34,26,34,34,34,34,34,34,34,34,34,34,34,34,34,34,34,34,34,34,34,34,34,34,34	12,34,34,34,26,26,26,34,34,34,12,34,12,34,12,12,12,34,34,34,26,34,34,34,12,34,34,34,34,34,34,34,12,34,34,12,34,34,34,12,34,34,34,12,34,12,34,34,34,34,12	
CU458896	2087188	0	C	C	G	0.71134	31	38	11	17	34,34,34,34,34,34,34,34,34,34,34,34,34,34,34,34,34,34,34,34,34,34,34,34,34,34,34,34,34,34,34,34,34,34,34,34,34,34,34,34,34,34,34,34,34,34,26,34,34,34,34,26,34,34,34,34,34,34,34,26,34,34,34,34,34,34,34,34,34	34,34,34,34,34,26,34,34,34,34,34,34,26,34,34,34,34,34,34,34,34,34,34,34,34,34,34,34	
CU458896	2087191	0	G	G	C	0.717172	33	38	11	17	34,34,34,34,34,34,34,34,34,34,34,34,34,34,34,34,34,34,34,34,34,34,34,34,34,34,34,34,34,34,34,34,34,34,34,34,34,34,34,34,34,34,34,26,34,34,34,34,26,34,26,34,34,34,34,34,34,34,34,34,34,34,34,34,34,34,34,34,34,12,34	34,34,34,34,34,34,34,34,34,34,34,34,34,12,34,34,34,34,34,34,34,34,12,34,34,34,34,34	
CU458896	2087194	0	T	T	C	0.714286	34	36	11	17	34,34,34,34,34,34,26,34,34,34,26,12,34,34,34,26,34,34,34,34,12,34,34,34,34,34,26,26,26,34,34,34,34,34,26,34,34,34,34,34,34,34,34,34,34,34,34,12,34,34,34,34,34,34,12,34,34,34,34,34,34,34,34,12,26,12,34,34,26,12	34,34,34,34,34,26,34,34,34,34,34,34,26,34,34,34,34,34,34,34,34,34,34,34,34,34,34,34	
CU458896	2087203	0	C	C	T	0.786517	35	35	9	10	34,34,34,34,34,34,34,34,34,34,34,34,34,34,34,34,34,34,34,34,34,34,34,34,34,34,34,34,34,34,34,34,34,34,34,12,34,12,34,34,34,34,34,34,34,34,34,34,34,34,34,34,34,34,34,34,34,34,34,34,34,34,34,34,34,34,34,34,34,34	34,34,34,34,34,34,34,34,34,34,34,34,34,34,34,34,34,34,34	
CU458896	2087212	0	C	C	T	0.829268	35	33	7	7	34,34,34,34,34,34,34,34,34,34,26,34,34,34,34,34,34,34,34,34,34,34,34,34,34,34,34,34,26,34,34,34,34,34,34,34,34,34,34,34,34,34,34,34,26,34,34,34,34,34,34,34,34,34,12,34,34,34,34,34,34,34,12,34,34,34,34,34	34,34,34,34,26,34,34,34,34,34,12,34,34,34	
CU458896	2087213	0	T	T	C	0.831325	35	34	7	7	34,34,34,34,34,34,34,34,34,34,26,34,34,34,34,34,34,34,34,34,34,34,34,34,34,34,34,34,34,34,34,34,34,34,34,34,34,34,34,34,34,34,34,34,34,34,34,34,34,34,34,34,34,12,26,34,34,34,26,34,34,34,34,12,34,34,34,34,34	34,34,34,34,34,34,34,34,34,34,34,34,26,34	
CU458896	2087218	0	C	C	T	0.82716	35	32	7	7	34,34,34,34,34,34,34,34,12,34,34,34,34,34,34,34,34,34,34,34,34,34,34,34,34,26,34,34,34,34,34,34,34,34,34,34,34,34,34,34,34,12,34,34,34,34,34,34,34,34,34,12,34,34,34,34,26,34,34,34,34,34,34,34,34,34,34	34,34,34,12,26,34,34,34,34,34,34,34,34,34	
CU458896	2087223	0	T	T	C	0.831325	37	32	7	7	34,34,34,34,34,34,34,34,34,34,34,34,34,34,26,34,34,34,34,34,34,34,34,34,34,34,34,34,34,34,34,34,12,34,34,34,34,34,34,26,34,34,34,34,34,34,34,34,26,34,34,34,34,34,34,34,34,34,34,34,12,34,34,34,34,34,34,34,34	34,34,34,34,34,34,34,34,26,34,34,34,34,34	
CU458896	2087224	0	G	G	A	0.825	35	31	7	7	34,34,12,34,34,34,34,34,34,34,34,34,34,34,26,26,34,34,34,34,34,34,12,34,34,12,34,12,34,34,34,34,34,34,34,34,34,34,34,34,34,34,34,34,34,34,12,12,34,34,34,34,34,34,26,34,34,34,34,26,34,34,34,34,34,34	34,34,34,34,34,34,34,34,34,34,34,26,12,26	
CU458896	2087225	0	G	G	C	0.825	35	31	7	7	34,34,34,34,34,34,34,34,34,34,34,34,34,34,34,34,34,34,34,34,34,34,34,34,34,34,34,12,34,34,26,34,34,34,34,34,12,34,34,34,34,34,34,34,34,34,34,34,26,34,34,34,34,34,34,34,34,34,34,34,34,34,34,26,34,34	34,34,34,12,34,34,34,34,34,34,34,34,34,12	
CU458896	2087231	0	A	A	G	0.835294	38	33	7	7	34,34,34,34,34,34,34,34,34,34,34,34,34,34,34,34,34,34,34,34,34,34,34,34,34,34,34,34,34,34,34,34,34,34,34,34,26,34,34,34,34,34,34,34,34,34,26,34,34,34,34,34,34,34,12,34,34,34,34,34,34,34,34,34,34,34,34,34,34,12,26	34,34,34,34,34,34,34,34,34,34,34,34,34,26	
CU458896	2087233	0	T	T	G	0.841463	38	31	6	7	34,12,34,34,34,34,34,34,34,34,34,34,34,34,34,34,34,34,34,34,34,34,34,34,34,12,34,34,26,34,34,34,34,34,34,34,34,34,34,34,34,34,34,34,12,34,26,34,34,34,34,34,34,34,34,34,34,34,34,34,34,34,34,34,34,34,34,34,34	34,34,34,34,34,34,34,34,34,34,34,34,34	
CU458896	2087236	0	C	C	G	0.822785	36	29	7	7	34,34,34,34,34,34,34,34,34,34,34,34,34,34,34,34,34,34,34,34,34,34,34,34,34,34,34,34,34,34,26,34,34,34,34,34,34,34,34,34,34,34,34,34,34,34,34,34,34,34,34,34,34,34,34,34,34,34,34,34,34,34,34,12,34	34,34,34,34,34,34,34,34,34,34,34,34,26,26	
CU458896	2087245	0	C	C	T	0.841463	36	33	7	6	34,34,34,34,34,34,34,26,34,34,34,34,34,34,34,34,34,34,34,34,34,34,34,34,34,34,34,34,34,34,34,34,34,34,34,34,34,34,12,34,26,34,34,34,34,34,34,34,34,34,34,34,34,34,34,12,34,34,34,34,34,26,12,34,34,34,26,34,34	34,34,34,34,34,34,34,34,34,34,12,34,34	
CU458896	2087248	0	C	C	T	0.82716	36	31	7	7	34,34,34,34,34,34,34,34,34,34,34,34,34,34,34,34,34,12,34,34,34,34,34,34,34,34,34,34,34,34,34,34,34,34,34,34,34,34,34,34,34,34,34,34,34,26,34,34,34,34,34,34,34,34,34,34,34,34,34,34,34,34,34,34,34,34,34	34,34,34,34,26,34,12,34,34,12,34,12,12,34	
CU458896	2087251	0	C	C	G	0.829268	36	32	7	7	34,34,34,34,34,34,34,34,34,34,34,34,34,34,26,34,26,34,34,34,34,34,34,34,34,34,34,34,34,34,34,34,34,34,34,34,34,34,34,34,12,34,34,12,34,34,12,34,26,34,34,34,12,34,34,34,34,34,34,34,34,34,34,34,34,34,34,34	34,34,12,34,34,34,34,34,34,34,34,34,34,12	
CU458896	2087269	0	C	C	G	0.863014	36	27	7	3	34,34,12,34,34,34,34,34,34,34,34,34,34,34,34,34,34,34,34,34,34,26,34,34,34,34,34,34,34,34,12,34,34,34,34,34,12,34,34,34,34,34,34,34,34,34,34,34,34,34,34,34,34,34,34,34,34,34,34,34,34,34,12	26,34,34,34,12,34,34,34,26,12	
CU458896	2087368	0	T	T	C	0.827957	37	40	5	11	34,26,34,34,34,34,34,34,34,34,34,34,34,34,34,34,34,12,26,34,34,34,34,12,34,34,34,34,34,34,34,34,34,34,34,34,26,34,34,34,34,26,34,34,34,34,34,34,34,34,34,34,34,34,34,34,34,34,34,34,34,34,26,34,34,12,34,34,34,34,34,34,34,34,34,34,34	34,34,34,34,34,34,34,34,34,34,34,34,34,26,34,34	
CU458896	2087374	0	T	T	C	0.835165	35	41	5	10	34,34,12,34,34,34,34,34,34,34,34,34,34,34,34,34,34,34,34,34,34,34,34,34,34,34,34,34,34,34,34,34,34,34,34,34,34,34,34,34,34,34,34,34,34,34,34,34,34,34,34,34,34,34,34,34,34,34,34,34,34,34,34,34,34,34,34,34,34,34,34,34,34,34,34,12	34,34,34,34,34,34,34,34,26,34,34,34,34,34,34	
CU458896	2087377	0	G	G	A	0.835165	34	42	5	10	34,34,34,34,34,34,34,34,34,34,12,34,34,34,34,34,34,34,34,34,34,34,34,34,34,34,34,34,34,34,34,34,34,34,34,34,34,34,34,34,12,34,34,12,12,34,34,26,34,34,34,34,34,34,26,26,12,34,34,34,34,34,34,34,34,34,34,34,34,34,34,12,34,34,34,34	34,34,34,34,34,34,34,34,34,34,34,34,34,34,34	
CU458896	2087380	0	A	A	G	0.820225	34	39	5	11	34,34,34,34,34,34,34,34,34,34,34,34,34,34,34,34,34,34,34,34,34,34,34,34,34,34,34,34,34,34,34,34,34,34,34,34,34,34,34,34,34,34,34,34,34,34,34,34,34,34,34,34,34,12,26,34,34,34,34,34,34,34,34,34,34,34,26,34,34,34,34,34,34	34,34,12,34,34,34,34,34,26,34,34,34,34,34,34,34	
CU458896	2087383	0	G	G	C	0.822222	35	39	5	11	34,34,34,34,34,34,34,34,34,34,34,26,34,34,34,34,34,34,34,34,34,34,34,34,34,34,34,34,34,12,34,34,34,34,34,34,34,34,12,34,34,34,34,34,34,34,34,34,34,34,34,34,12,26,26,34,34,34,34,34,34,34,34,34,34,26,34,34,34,34,34,34,34,12	34,34,34,34,34,34,34,34,34,34,34,34,34,34,34,34	
CU458896	2087393	0	G	G	C	0.824176	36	39	5	11	34,34,34,34,34,34,34,34,34,34,26,34,34,34,34,34,34,34,34,34,34,34,34,34,34,12,34,34,12,34,34,34,34,34,34,34,34,34,34,34,34,34,34,34,34,34,34,34,34,34,34,34,34,34,34,34,34,34,34,34,34,34,34,34,34,34,34,34,34,34,34,34,34,34,34	34,34,34,34,34,34,34,34,34,34,34,34,34,34,34,34	
CU458896	2087394	0	T	T	G	0.826087	37	39	5	11	34,34,34,34,34,26,34,12,34,34,34,34,34,34,34,34,34,34,34,12,26,34,34,34,34,12,34,34,34,34,34,34,34,34,34,34,34,26,34,34,34,34,34,34,34,34,34,34,34,34,34,34,34,34,34,34,34,34,34,34,34,34,34,34,34,34,34,34,34,34,12,34,34,34,34,12	34,34,34,34,34,34,34,34,34,26,34,34,34,34,34,34	
CU458896	2087402	0	G	G	A	0.831579	40	39	5	11	34,34,34,34,34,34,34,34,34,34,34,34,34,34,34,34,34,34,34,26,34,34,34,34,34,34,34,34,34,34,34,34,12,34,34,34,34,34,34,34,34,34,34,34,34,34,26,34,34,34,34,34,34,34,34,34,34,34,34,34,34,34,34,34,34,34,34,12,34,26,34,34,26,34,34,34,34,34,34	34,34,34,34,34,34,34,34,34,34,34,34,34,34,34,34	
CU458896	2087409	0	T	T	C	0.826087	39	37	5	11	34,34,12,34,34,34,12,34,34,34,34,34,34,34,34,34,34,34,34,34,34,34,34,34,34,34,12,34,34,34,34,34,26,34,34,34,34,34,34,34,34,34,34,34,34,34,12,34,34,34,34,34,34,34,34,34,34,34,26,34,12,26,34,26,34,34,34,34,34,34,34,34,34,34,34,34	34,34,34,34,34,34,34,34,34,34,34,12,34,34,34,34	
CU458896	2087410	0	G	G	A	0.826087	40	36	5	11	34,12,34,34,34,34,34,34,34,34,34,34,34,34,34,34,34,34,34,34,34,34,34,34,34,34,34,34,34,26,34,26,34,34,34,34,34,34,34,34,34,34,34,34,34,34,34,34,34,34,34,34,34,34,34,34,34,34,34,34,34,34,34,26,34,34,34,34,34,34,34,34,34,34,34,34	34,12,34,34,12,34,12,34,34,34,26,34,34,12,34,34	
CU458896	2087416	0	G	G	A	0.804878	31	35	5	11	34,34,34,34,34,34,34,34,34,34,34,34,34,12,34,34,34,34,34,34,34,34,34,34,12,34,34,34,34,34,34,34,34,34,26,34,34,34,34,34,34,34,34,34,34,12,34,34,34,34,34,34,34,34,34,34,26,34,34,34,34,34,34,34,34,34	34,34,34,34,34,34,34,34,34,26,34,34,34,34,34,34	
CU458896	2087420	0	C	C	G	0.804878	32	34	5	11	34,34,34,26,34,34,34,34,34,34,34,34,34,34,34,34,34,34,34,34,34,34,34,34,34,34,34,34,34,34,34,34,34,34,34,34,34,34,34,34,34,34,34,34,34,34,34,34,34,34,34,34,34,34,34,34,34,34,34,12,34,34,34,34,34,34	34,34,34,34,34,34,34,34,34,34,34,34,34,34,34,34	
CU458896	2087425	0	A	A	C	0.797619	34	33	6	11	26,26,12,12,34,34,34,12,12,34,34,34,12,34,12,12,26,26,34,34,34,34,26,34,34,34,34,34,34,34,34,34,34,12,12,34,12,34,34,34,12,12,34,34,34,12,34,34,34,34,34,34,34,12,34,26,34,34,34,34,12,34,12,34,34,34,34	12,34,34,34,34,34,34,34,34,34,34,34,34,34,34,34,34	
CU458896	2087428	0	A	A	C	0.813953	35	35	5	11	34,34,34,34,34,34,34,26,34,26,34,34,34,34,12,34,34,34,34,34,34,34,34,34,34,34,26,26,26,34,34,34,34,34,34,34,34,34,12,34,34,34,34,34,34,34,34,34,34,34,34,34,34,34,34,34,34,34,34,34,34,26,34,34,34,34,34,34,34,34	34,34,34,34,34,34,34,34,34,34,34,34,34,34,34,34	
CU458896	2087439	0	A	A	C	0.792683	35	30	5	12	12,34,26,12,34,34,34,26,34,12,26,12,26,34,34,12,34,34,26,34,26,12,34,34,34,34,12,34,34,34,34,34,12,12,34,34,34,34,34,34,26,26,34,26,12,34,34,34,34,34,34,34,12,26,34,12,34,34,34,34,34,26,34,34,12	34,12,34,34,34,34,34,34,34,34,26,34,34,34,34,34,34	
CU458896	2087440	0	C	C	A	0.792683	34	31	5	12	34,34,34,34,34,34,12,34,34,34,34,34,34,34,34,34,34,34,34,34,34,34,34,34,34,34,34,34,34,34,34,26,34,34,34,34,34,34,26,34,34,34,34,34,34,34,34,34,34,34,34,34,34,34,34,34,34,34,34,34,34,34,34,34,34	12,34,34,34,34,34,34,34,34,34,26,34,34,34,26,34,34	
CU458896	2087443	0	A	A	G	0.802469	34	31	5	11	34,12,12,34,34,34,26,34,34,34,34,34,26,34,34,34,34,34,34,34,34,34,34,34,34,34,34,34,34,34,34,34,34,26,34,34,34,34,34,34,34,34,34,34,26,34,34,34,34,34,34,34,34,34,34,34,34,34,34,34,34,34,34,34,26	34,34,34,34,34,34,34,26,34,34,12,34,26,34,34,34	
CU458896	2087446	0	C	C	G	0.797468	32	31	5	11	34,34,34,34,34,12,34,34,34,34,12,34,34,34,34,12,34,34,34,34,34,34,34,34,34,34,12,34,34,34,34,34,12,34,26,34,34,34,34,34,34,34,34,34,34,34,34,26,34,34,34,34,34,34,34,34,34,34,34,34,34,34,34	34,34,34,34,34,34,34,26,34,26,34,34,34,34,34,34	
CU458896	2087455	0	G	G	C	0.789474	32	28	5	11	34,34,34,34,34,34,34,34,34,26,12,26,34,34,34,34,34,34,34,34,12,12,34,34,34,34,34,34,34,34,34,26,34,34,34,34,34,34,34,34,34,34,34,34,34,34,34,34,34,34,34,34,34,34,34,34,34,34,34,34	34,34,34,34,34,34,34,34,34,34,34,34,34,34,34,34	
CU458896	2087457	0	T	T	A	0.789474	32	28	5	11	34,34,34,34,34,26,34,34,34,34,34,34,34,26,34,34,34,34,34,26,34,34,34,34,34,34,34,34,34,26,34,34,34,34,34,12,34,34,34,34,34,34,34,34,34,34,34,34,34,34,34,34,34,34,34,34,34,34,34,34	26,34,34,34,34,34,34,26,34,34,34,12,34,34,34,26	
CU458896	2087458	0	G	G	A	0.786667	32	27	5	11	34,26,34,34,34,12,34,34,34,34,34,34,34,34,34,34,34,34,34,34,34,34,34,34,34,34,12,34,12,34,34,34,34,34,34,34,34,12,34,34,34,34,34,34,34,34,34,34,34,34,34,34,34,34,34,34,34,34,34	34,12,34,34,34,34,34,34,34,34,34,34,34,34,34,34	
CU458896	2087461	0	A	A	C	0.797468	33	30	5	11	34,34,34,34,34,34,34,34,34,34,34,34,34,34,34,34,34,34,34,34,34,12,34,26,34,26,34,34,34,12,34,34,34,34,34,34,34,34,34,34,34,34,34,34,34,34,34,34,34,34,34,34,34,34,34,34,34,34,34,34,34,34,34	34,34,34,34,34,34,34,34,34,34,34,34,34,34,34,34	
CU458896	2087467	0	G	G	A	0.794872	33	29	5	11	34,34,34,34,34,34,34,34,34,34,34,34,34,34,34,34,34,34,34,34,34,34,34,34,34,34,34,34,34,34,34,34,12,34,34,34,34,34,34,34,34,34,34,34,34,34,34,34,34,34,34,34,34,34,34,34,34,34,34,34,34,34	34,34,34,34,34,34,34,34,34,34,34,34,34,34,34,34	
CU458896	2087491	0	G	G	A	0.861111	34	28	3	7	34,34,26,34,34,34,26,34,26,26,34,34,34,34,34,34,34,34,34,34,34,34,26,34,34,34,26,34,34,34,34,34,34,34,34,34,34,34,34,34,34,34,34,34,34,34,34,34,34,34,34,34,12,34,34,34,34,26,12,34,34,34	34,34,12,34,34,34,34,34,34,34	
CU458896	2118093	1	.	.	G	0.942029	32	33	2	2	34,34,34,34,34,34,34,34,34,34,34,34,34,34,34,34,12,34,34,34,34,26,12,34,34,34,34,34,34,34,34,34,34,34,26,34,34,34,34,34,34,34,34,34,34,34,34,34,34,34,34,34,34,34,34,34,34,34,34,34,34,34,34,26,34	34,34,34,34	
CU458896	2127421	1	.	.	T	0.927273	28	23	2	2	34,34,34,34,34,34,34,34,34,26,34,34,34,26,34,34,34,34,34,34,34,34,34,34,34,34,34,34,34,34,34,34,34,34,34,34,34,26,34,34,34,26,12,34,34,34,34,34,34,34,34	34,34,34,34	
CU458896	2261660	0	A	A	.	0.925926	38	37	3	3	34,12,34,34,26,26,12,34,34,34,34,34,12,26,34,12,12,34,34,26,34,12,26,34,34,34,12,34,34,34,26,12,34,12,34,34,34,12,12,34,34,34,34,26,34,12,34,34,12,12,12,34,34,34,34,12,34,12,34,12,12,34,12,12,12,12,34,12,26,34,34,34,34,26,34	34,34,34,34,34,34	
CU458896	2262556	0	G	A	T	0.985507	37	31	0	1	34,34,34,26,34,34,34,34,34,34,12,26,34,12,34,34,34,12,34,34,34,34,34,34,34,34,34,34,34,34,12,34,34,26,34,34,34,34,34,34,34,34,34,34,34,34,34,34,34,34,34,34,26,26,26,34,26,34,34,34,34,34,12,34,12,34,34,12	12	
CU458896	2295725	0	T	T	G	0.758065	14	33	15	0	34,34,12,12,34,12,34,34,34,12,34,34,12,12,12,34,12,34,34,34,12,12,34,12,34,34,34,34,12,26,34,34,34,34,34,34,26,34,34,34,34,12,12,12,26,34,34	12,12,12,12,12,12,12,12,12,12,12,12,12,12,12	
CU458896	2381857	1	.	G	.	0.984127	34	28	0	1	34,34,34,34,34,34,34,34,34,34,34,34,34,26,34,34,34,34,34,34,34,34,34,34,34,34,26,34,34,34,34,34,34,34,34,26,34,34,34,34,34,34,34,26,34,34,34,34,34,34,34,34,34,34,34,34,34,34,34,34,34,34	34	
CU458896	2486167	0	T	C	A	0.985294	35	32	0	1	34,34,34,34,34,34,34,34,34,34,34,34,34,34,34,34,34,34,34,34,34,34,34,34,34,34,34,34,34,26,34,34,34,34,34,34,34,34,34,34,34,34,34,34,34,34,34,34,34,34,34,34,34,34,34,34,34,34,34,34,34,34,34,34,34,34,34	12	
CU458896	2488698	1	.	G	.	0.958904	34	36	2	1	34,34,34,34,34,12,34,34,34,34,34,34,34,34,34,34,34,34,34,12,34,34,12,34,34,34,34,34,34,34,34,34,34,34,34,34,34,34,34,34,34,34,34,26,34,34,34,26,34,34,12,12,34,34,12,34,34,34,34,34,34,34,34,34,34,34,34,34,34,34	34,34,34	
CU458896	2862363	0	C	C	.	0.912281	23	29	3	2	34,34,34,34,34,34,34,34,34,34,34,34,34,34,34,26,34,34,34,34,34,34,34,34,34,34,34,34,34,34,34,34,34,34,34,12,34,34,34,12,34,26,34,34,34,34,34,34,34,34,34,34	34,34,34,34,34	
CU458896	2962321	0	T	A	C	0.980392	23	27	1	0	34,34,34,34,34,34,34,34,26,34,34,34,34,34,34,34,34,34,34,34,34,34,34,34,34,34,34,34,34,34,34,34,34,34,34,34,34,34,34,34,26,34,34,34,34,34,34,34,26,34	12	
CU458896	3004357	0	T	T	G	0.72093	6	25	12	0	34,34,34,34,26,26,12,26,12,12,26,34,12,34,12,34,34,12,34,34,34,26,26,34,12,34,34,26,12,34,34	12,12,12,12,12,12,12,12,12,12,34,12	
CU458896	3200918	0	C	.	C	0.981481	28	25	1	0	34,34,34,34,12,34,34,34,34,34,34,26,34,34,26,34,34,34,34,34,34,34,34,34,34,34,34,34,34,34,34,34,34,34,34,34,34,34,34,34,34,34,34,34,26,34,34,34,34,34,34,34,34	12	
CU458896	3311635	0	T	C	T	0.957447	24	21	1	1	34,34,34,34,34,34,34,34,34,34,34,34,34,34,34,34,34,34,34,34,34,34,34,26,34,34,34,34,34,34,34,34,34,34,34,34,34,34,34,26,34,34,12,34,34	34,34	
CU458896	3321366	1	.	.	G	0.951807	39	40	2	2	34,34,34,12,34,34,34,34,34,34,34,34,34,34,34,34,34,34,34,34,34,12,34,34,34,34,34,34,34,34,34,34,34,34,34,34,34,26,34,34,34,34,34,34,34,34,34,34,34,34,34,34,34,34,34,34,34,34,34,34,34,34,34,34,34,34,34,34,34,34,34,34,34,34,34,34,34,34,34	34,34,34,34	
CU458896	3339946	0	A	C	A	0.985915	35	35	1	0	34,34,34,34,34,34,34,34,34,34,34,34,34,34,34,34,34,34,34,34,34,34,34,34,34,34,26,34,34,34,34,34,34,34,34,34,34,34,34,34,34,34,26,34,34,34,34,34,34,34,34,34,34,34,34,34,34,34,34,34,34,34,34,34,34,34,34,34,34,12	34	
CU458896	3353961	1	.	.	T	0.930233	39	41	3	3	34,34,34,34,34,34,34,34,34,34,34,34,34,34,34,34,34,34,34,34,34,34,34,34,34,34,34,34,34,26,34,34,34,34,34,34,34,34,34,34,34,34,26,34,34,34,34,34,26,34,34,34,26,34,34,34,34,34,34,34,34,34,34,34,34,34,34,26,34,34,34,34,34,12,26,34,34,34,34,34	34,34,34,34,34,34	
CU458896	3353964	0	A	A	.	0.931818	40	42	3	3	34,26,34,34,34,34,34,34,34,34,34,34,34,34,34,34,34,34,34,34,34,34,34,34,34,34,34,34,34,34,34,34,34,34,34,34,34,34,34,34,34,34,34,34,12,34,34,34,12,12,34,34,34,34,34,34,34,34,34,34,26,34,34,34,34,34,34,34,34,34,26,34,12,34,34,34,34,34,34,34,34,34	26,34,34,34,34,34	
CU458896	3442898	0	A	C	A	0.965517	31	25	1	1	12,34,34,34,34,34,34,34,34,34,34,34,34,34,34,12,34,34,26,34,34,26,34,34,34,34,34,34,34,34,34,34,12,12,34,34,34,34,34,34,34,34,34,12,26,34,34,34,12,34,34,34,34,34,34,34	34,26	
CU458896	3451764	0	G	G	C	0.906667	39	29	3	4	34,12,26,34,34,34,12,12,34,34,34,34,34,34,34,34,34,12,34,34,34,34,34,34,34,34,34,34,34,34,34,34,34,34,34,34,34,26,34,34,34,34,34,34,34,34,34,34,34,34,34,34,34,34,34,34,34,34,34,34,34,34,34,34,34,26,34,34	34,34,34,34,34,34,34	
CU458896	3546589	0	A	G	C	0.981132	29	23	1	0	34,34,34,34,34,34,26,34,34,34,34,34,34,34,34,34,34,34,34,34,34,34,34,34,34,34,34,34,34,34,34,34,34,34,34,34,34,34,34,34,34,34,34,34,34,34,34,34,34,34,34,34	12	
CU458896	3656370	0	C	A	T	0.985714	33	36	1	0	34,34,34,34,34,34,34,34,34,34,34,34,34,34,34,34,34,34,34,34,34,34,34,34,34,34,34,34,34,34,12,34,34,34,34,34,34,34,34,34,12,34,34,34,34,34,34,34,34,34,34,34,34,34,34,34,34,34,34,34,12,34,34,26,34,34,34,34,34	12	
CU458896	3708848	0	C	.	C	0.982759	27	30	0	1	34,34,34,34,12,34,34,34,34,34,34,12,12,34,34,34,34,34,34,34,26,34,34,34,12,12,34,12,12,34,34,34,34,34,34,34,12,34,34,34,34,12,12,34,34,34,34,34,34,34,12,34,34,34,34,34,34	12	
CU458896	3747604	0	C	G	C	0.985714	37	32	1	0	12,34,34,12,34,34,34,34,34,34,34,34,34,34,34,34,34,12,34,34,34,34,34,34,34,34,34,34,34,34,34,34,34,34,34,34,34,34,34,34,34,34,34,34,34,34,34,34,34,34,34,34,34,34,34,34,34,34,34,34,34,34,34,34,34,34,34,34,34	12	
CU458896	3848437	1	.	.	C	0.951807	38	41	2	2	34,34,34,34,34,34,34,34,34,34,34,26,34,34,34,34,34,34,34,34,34,34,34,34,34,26,34,34,34,34,34,34,34,34,34,34,34,34,34,34,34,34,34,34,34,34,34,34,34,34,34,34,34,34,34,34,34,34,34,12,34,34,34,34,34,34,34,34,34,12,34,26,26,34,34,34,34,34,34	34,34,34,34	
CU458896	3877654	1	.	.	C	0.929825	27	26	2	2	34,34,34,34,34,34,34,34,34,34,34,34,34,34,34,12,34,34,34,34,34,34,34,34,34,34,34,34,34,34,34,34,34,34,34,34,34,34,34,34,34,34,34,34,34,34,34,34,34,34,26,26,26	34,34,34,34	
CU458896	3904145	0	A	A	.	0.938144	48	43	1	5	34,12,34,34,34,34,34,12,12,34,34,34,12,34,34,34,26,34,26,12,34,26,34,12,34,34,34,34,34,34,34,34,12,12,12,34,34,34,34,26,34,34,34,34,12,34,34,34,34,12,34,12,34,34,34,34,34,34,34,34,34,26,12,34,34,26,34,34,26,26,26,34,34,26,34,34,26,34,34,26,34,34,34,34,26,34,34,34,26,34,34	34,34,34,34,34,34	
CU458896	3904149	1	.	.	T	0.93617	45	43	1	5	34,34,34,34,34,34,34,34,34,34,34,34,34,34,34,34,34,34,34,34,34,34,34,34,34,34,34,34,34,34,34,34,34,34,34,34,34,34,34,34,12,34,34,34,34,34,12,34,34,34,34,34,34,34,34,34,34,34,34,34,34,34,34,34,34,34,34,34,34,34,34,34,34,34,34,34,34,34,34,34,34,34,34,34,34,34,34,34	34,34,26,26,34,34	
CU458896	4070726	1	.	C	.	0.970588	33	33	1	1	34,34,34,34,34,34,34,34,34,34,34,34,34,34,34,34,34,34,34,34,34,34,34,34,34,34,34,34,34,34,34,34,34,34,34,34,34,34,34,34,34,34,34,34,34,34,34,34,34,34,34,34,34,34,34,34,34,34,34,34,34,34,34,34,34,34	34,12	
CU458896	4137389	1	.	.	A	0.952381	43	37	2	2	34,34,34,34,34,34,34,34,34,34,34,12,34,34,34,34,34,34,34,34,34,34,34,34,34,34,34,34,34,34,34,34,34,34,34,34,34,12,12,34,12,34,34,34,34,34,34,34,34,34,34,34,34,34,34,34,34,34,34,34,34,34,34,34,34,34,34,26,34,34,34,34,34,34,34,34,34,34,34,34	34,34,34,34	
CU458896	4154746	0	G	T	A	0.982456	28	28	1	0	34,12,12,34,34,12,34,12,34,12,26,34,34,34,34,12,34,26,34,26,34,26,26,34,26,34,26,34,12,34,34,34,34,34,34,12,34,34,34,34,34,12,34,34,34,34,34,34,12,34,12,12,34,26,26,34	12	
CU458896	4181500	1	.	.	A	0.95122	42	36	2	2	34,34,34,34,34,34,26,34,34,34,34,34,34,34,34,34,34,34,34,34,34,26,34,34,26,34,34,34,34,34,34,34,34,34,34,34,34,34,34,34,34,34,34,34,34,34,34,34,34,12,34,34,34,34,34,34,34,34,34,34,34,34,34,34,34,34,34,12,34,34,34,34,34,26,26,34,26,34	34,34,34,34	
CU458896	4226641	0	C	.	C	0.981132	24	28	0	1	26,34,12,34,34,34,34,34,34,34,34,34,34,34,34,26,34,34,34,34,34,34,34,34,34,34,26,34,34,34,34,34,34,34,34,34,34,34,34,34,34,34,34,34,34,34,34,34,26,34,34,34	34	
CU458896	4226642	0	T	A	T	0.981132	24	28	0	1	26,34,34,34,34,34,34,34,34,34,34,34,34,34,34,26,34,34,34,34,34,34,26,34,34,34,26,34,34,34,34,34,34,34,34,34,34,34,34,34,34,34,34,34,34,34,34,34,26,34,34,34	34	
CU458896	4251245	1	.	G	.	0.9375	21	24	1	2	34,34,34,34,34,34,34,34,34,34,34,34,34,34,34,34,34,34,34,34,34,34,34,34,34,34,34,26,34,34,34,34,34,34,34,34,34,34,34,34,26,34,34,34,34	34,34,34	
CU458896	4335445	0	C	A	C	0.984375	27	36	1	0	34,34,34,34,34,34,34,34,34,34,34,34,34,34,34,34,34,34,34,34,34,26,34,34,34,34,34,34,34,34,34,34,34,34,34,34,34,34,34,34,34,34,34,34,34,34,34,34,34,34,34,34,34,26,34,34,34,34,26,34,34,34,34	34	
CU458896	4367423	0	A	A	C	0.776471	41	25	0	19	34,34,34,34,34,26,34,34,12,12,12,34,12,12,34,34,34,34,34,34,26,34,34,34,34,34,34,34,34,34,34,34,34,34,26,34,34,34,12,34,34,34,12,12,34,34,34,34,26,12,12,34,34,34,34,26,34,12,34,26,34,12,34,12,34,34	12,12,12,12,12,12,12,12,12,26,12,12,12,12,12,12,12,12,12	
CU458896	4784812	1	.	.	C	0.932203	28	27	3	1	34,34,26,34,34,34,34,34,34,34,34,34,34,34,34,34,34,34,12,34,34,34,34,34,26,34,34,26,34,34,12,12,34,34,12,34,34,34,34,34,34,34,34,34,34,34,34,34,34,34,34,34,34,34,26	34,34,34,34	
CU458896	4787130	0	A	A	C	0.788732	17	39	15	0	34,34,34,34,34,12,34,34,34,34,34,34,12,34,34,34,26,34,12,34,34,12,12,34,26,34,26,12,34,26,34,34,34,34,26,12,12,34,12,34,12,12,26,12,26,12,12,12,12,12,34,34,26,34,12,12	12,26,12,12,12,12,12,34,12,26,12,12,12,26,12	
CU458896	4806233	0	G	A	T	0.984375	31	32	0	1	34,34,34,34,34,34,34,34,34,34,34,34,12,34,34,34,34,34,34,34,34,34,34,34,26,34,26,34,34,34,34,34,34,34,12,34,34,34,34,34,34,34,26,34,34,34,34,34,34,34,34,26,34,34,12,34,34,12,34,34,34,34,34	12	
CU458896	4815016	0	A	.	A	0.984848	33	32	1	0	26,34,34,34,34,34,34,34,34,34,34,34,34,34,34,34,34,34,34,34,34,34,34,34,34,26,34,34,34,34,34,34,34,34,34,34,34,34,34,34,34,34,34,34,34,34,34,34,34,34,34,34,34,34,34,34,34,34,34,34,34,26,34,34,34	12	
CU458896	4832284	1	.	.	G	0.923077	23	25	2	2	34,34,34,34,34,34,12,34,34,34,34,34,34,34,34,34,34,34,34,34,34,34,34,34,34,34,34,34,34,34,34,34,34,34,34,34,34,34,34,34,34,34,34,34,34,34,26,34	34,34,34,34	
CU458896	4886122	0	C	T	G	0.979167	23	24	1	0	34,26,34,34,34,34,34,34,34,34,34,34,34,34,34,34,34,34,34,34,34,26,34,34,34,34,34,34,34,34,26,34,12,34,34,34,34,34,34,34,34,34,34,34,34,34,34	12	
CU458896	4939522	0	A	.	A	0.980769	24	27	1	0	34,34,34,34,34,34,34,34,34,34,34,34,26,34,34,34,34,34,34,34,34,34,34,34,34,34,34,34,34,34,34,34,34,34,34,34,34,34,34,34,34,34,34,34,12,26,34,34,34,34,34	12	
CU458896	4978065	0	C	C	T	0.915789	48	39	4	4	34,34,34,34,34,34,34,34,34,34,34,34,34,34,34,34,34,34,34,34,34,34,34,34,34,34,34,34,34,34,34,34,34,34,34,34,34,34,34,34,34,34,34,34,34,34,34,34,34,34,34,34,34,34,34,34,34,34,34,26,34,34,34,34,34,34,34,12,34,34,34,34,34,34,34,34,34,34,34,34,34,12,34,26,34,34,34	34,34,34,34,34,34,34,34	
CU458896	4979896	0	G	G	.	0.927711	36	41	3	3	34,34,34,34,34,34,34,34,34,34,34,34,34,34,26,34,34,34,34,34,34,26,26,34,34,34,34,34,34,34,34,34,34,26,34,34,34,34,34,34,34,34,34,34,34,34,34,34,34,34,26,34,34,34,34,34,34,34,34,34,34,34,34,34,34,34,34,34,34,34,34,12,34,34,34,34,34	34,34,34,34,34,34	
CU458896	4979903	1	.	.	C	0.938272	36	40	2	3	34,34,26,34,34,34,34,34,34,34,34,34,34,34,34,34,34,34,34,34,34,34,34,34,34,34,34,34,34,34,34,34,34,34,34,34,34,34,34,12,34,34,34,34,34,34,34,34,34,34,34,34,34,34,34,26,34,34,26,34,34,34,34,34,34,34,34,34,34,34,34,34,34,34,34,34	34,34,34,34,34	
CU458896	5016634	0	G	.	G	0.986486	36	37	0	1	34,34,34,26,34,26,34,34,34,34,34,34,34,34,34,26,26,34,34,34,34,34,34,34,34,34,34,34,34,34,34,34,34,12,34,12,12,34,34,34,34,12,34,34,12,34,34,34,34,34,34,34,34,34,34,34,34,12,34,34,34,26,34,34,34,34,34,34,34,34,26,34,34	34	
CU458896	5016635	0	G	.	G	0.986486	36	37	0	1	34,34,34,26,34,26,34,34,34,34,34,34,34,34,34,26,26,34,34,34,34,34,34,34,34,34,34,34,34,34,34,34,34,12,34,12,12,34,34,34,34,12,34,34,12,34,34,34,34,34,34,34,34,34,34,34,34,12,34,34,34,26,34,34,34,34,34,34,34,34,26,34,34	12	
CU458896	5042261	0	G	A	T	0.985915	35	35	1	0	12,34,34,34,34,34,34,34,26,34,34,26,34,34,26,34,34,34,34,34,12,26,34,34,12,26,34,34,34,34,34,34,34,34,34,34,26,34,34,26,34,34,26,34,34,34,34,34,34,34,34,34,34,34,34,34,34,34,34,34,34,34,34,34,34,34,34,34,34,34	12	
