ks_quality_p_value	fisher_strand_p_value	bias_p_value	bias_e_value
1	1	1	5090490
1	0.000189229	0.00181141	9220.95
1	0.000189229	0.00181141	9220.95
1	0.000189229	0.00181141	9220.95
1	0.000189229	0.00181141	9220.95
1	0.000189229	0.00181141	9220.95
0.606937	0.000189229	0.00115676	5888.46
1	0.000189229	0.00181141	9220.95
1	0.000189229	0.00181141	9220.95
0.174397	1	0.478968	2438180
1	0.443548	0.80413	4093420
1	1	1	5090490
1	1	1	5090490
1	0.405797	0.771786	3928770
1	1	1	5090490
1	1	1	5090490
1	0.485714	0.836465	4258020
1	0.472222	0.826533	4207460
0.111111	0.472222	0.207123	1054360
1	0.472222	0.826533	4207460
1	1	1	5090490
1	0.467742	0.82315	4190240
0.307359	1	0.669963	3410440
0.0769231	1	0.274227	1395950
1	0.460993	0.817973	4163890
0.0642857	1	0.240713	1225350
1	1	1	5090490
1	0.466216	0.821989	4184330
1	1	1	5090490
0.0431655	1	0.178822	910293
1	1	1	5090490
0.196764	0.109742	0.104411	531505
0.196764	0.109742	0.104411	531505
0.211003	0.415867	0.301267	1533600
1	0.458824	0.816288	4155310
0.0869565	1	0.299335	1523760
1	1	1	5090490
1	0.451327	0.810386	4125270
1	0.0476889	0.192809	981492
1	0.231235	0.569838	2900750
1	0.483516	0.834873	4249920
0.463338	1	0.819784	4173100
1	1	1	5090490
1	0.269152	0.622409	3168370
1	0.00195024	0.0141193	71874.3
1	0.19425	0.512549	2609130
1	0.482456	0.834102	4245990
0.0775862	1	0.275925	1404590
1	1	1	5090490
1	0.470588	0.825304	4201200
0.0877193	1	0.301194	1533230
1	1	1	5090490
1	1	1	5090490
1	1	1	5090490
0.0925926	0.425926	0.166941	849810
0.166667	0.425926	0.258768	1317250
1	1	1	5090490
1	1	1	5090490
1	0.496855	0.844384	4298330
1	0.428571	0.791699	4030140
1	1	1	5090490
1	0.208333	0.535128	2724070
1	1	1	5090490
0.0652174	1	0.243263	1238330
0.141293	0.256843	0.156636	797354
0.114176	0.256843	0.132823	676136
1	1	1	5090490
1	0.298246	0.659074	3355010
1	0.336467	0.702966	3578440
1	0.365854	0.733728	3735030
1	0.614169	0.913567	4650510
1	0.458333	0.815906	4153360
1	0.112448	0.358176	1823290
1	0.476923	0.830037	4225300
1	0.476923	0.830037	4225300
0.169231	0.476923	0.283849	1444930
0.232692	1	0.571967	2911590
0.177404	1	0.484193	2464780
1	1	1	5090490
1	1	1	5090490
1	1	1	5090490
1	1	1	5090490
1	0.490196	0.839681	4274390
0.200779	1	0.52314	2663040
0.135428	1	0.406191	2067710
0.255356	1	0.603941	3074360
1	0.208449	0.53531	2724990
1	0.0887497	0.303696	1545960
1	0.140387	0.416017	2117730
0.62753	0.739704	0.820435	4176420
0.497166	0.526735	0.612758	3119240
1	0.464076	0.82035	4175990
0.223095	0.464076	0.338332	1722270
1	1	1	5090490
1	1	1	5090490
1	0.0566343	0.219239	1116040
1	1	1	5090490
1	1	1	5090490
1	0.487179	0.837521	4263390
1	0.470588	0.825304	4201200
1	1	1	5090490
1	1	1	5090490
1	0.48366	0.834978	4250450
1	0.493976	0.842362	4288030
1	0.472527	0.826762	4208630
1	0.477612	0.830546	4227890
1	0.433566	0.795902	4051530
1	1	1	5090490
0.0933333	1	0.314681	1601880
1	0.461538	0.818395	4166030
0.0465116	1	0.189212	963181
1	1	1	5090490
1	1	1	5090490
1	1	1	5090490
1	0.496599	0.844204	4297410
1	1	1	5090490
1	1	1	5090490
1	0.480392	0.832593	4238310
0.0967742	1	0.322778	1643100
0.0645161	1	0.241345	1228560
1	1	1	5090490
1	1	1	5090490
1	1	1	5090490
1	1	1	5090490
1	0.465517	0.821455	4181610
1	0.489362	0.839086	4271360
1	0.428571	0.791699	4030140
1	1	1	5090490
0.136213	1	0.407758	2075690
0.235854	1	0.576556	2934950
0.431373	1	0.794063	4042170
1	1	1	5090490
0.297812	1	0.65855	3352340
1	0.444444	0.804858	4097120
1	0.222734	0.557231	2836580
1	1	1	5090490
1	1	1	5090490
1	1	1	5090490
1	1	1	5090490
1	1	1	5090490
1	0.493684	0.842156	4286990
1	1	1	5090490
0.166667	0.366667	0.23192	1180590
1	1	1	5090490
1	1	1	5090490
1	1	1	5090490
1	1	1	5090490
1	0.45283	0.81158	4131340
1	0.5125	0.855083	4352790
1	0.490909	0.840189	4276980
1	1	1	5090490
1	0.441176	0.802196	4083570
1	1	1	5090490
1	0.490909	0.840189	4276980
1	1	1	5090490
1	1	1	5090490
0.04	1	0.168755	859046
0.04	0.42	0.0854511	434988
1	0.44898	0.808513	4115730
0.0714286	0.404762	0.13136	668687
0.0952381	0.404762	0.164057	835131
1	0.460317	0.81745	4161220
1	1	1	5090490
0.12766	1	0.390433	1987490
1	0.504464	0.849648	4325130
1	1	1	5090490
1	0.482143	0.833873	4244820
0.0566038	0.490566	0.127285	647941
1	1	1	5090490
1	0.480769	0.832869	4239710
1	0.466667	0.822332	4186070
0.1	1	0.330259	1681180
1	1	1	5090490
1	1	1	5090490
1	0.488889	0.838748	4269640
1	1	1	5090490
1	1	1	5090490
1	0.482143	0.833873	4244820
1	1	1	5090490
0.113208	0.471698	0.209858	1068280
0.113384	1	0.360219	1833690
1	1	1	5090490
1	0.439024	0.800429	4074580
1	0.42623	0.789708	4020000
1	0.483333	0.83474	4249240
1	0.472222	0.826533	4207460
0.047619	1	0.192596	980410
0.0806452	0.467742	0.161353	821368
0.0666667	0.444444	0.133896	681595
1	1	1	5090490
1	0.403509	0.769716	3918230
1	1	1	5090490
0.0163934	1	0.0837848	426506
1	1	1	5090490
1	1	1	5090490
1	0.475	0.828609	4218030
1	1	1	5090490
1	0.478261	0.831026	4230330
1	0.468085	0.823411	4191570
1	1	1	5090490
1	1	1	5090490
0.0638298	1	0.23946	1218970
1	0.462687	0.819282	4170550
0.136364	0.469697	0.240064	1222040
1	1	1	5090490
1	1	1	5090490
1	1	1	5090490
1	1	1	5090490
1	0.45	0.809328	4119880
0.21296	1	0.542334	2760750
0.132302	0.577597	0.272927	1389330
0.526022	0.774207	0.773094	3935430
1	0.577597	0.894628	4554090
1	0.776536	0.972932	4952700
0.0025145	0.774207	0.0140975	71763.4
1	0.791071	0.976472	4970720
0.122837	0.791071	0.323709	1647840
1	0.794602	0.977292	4974900
1.92976e-05	1	0.000228783	1164.62
0.342929	0.517792	0.484473	2466210
1	0.662713	0.935362	4761450
0.120588	0.666501	0.282998	1440600
3.24111e-05	0.831073	0.000310357	1579.87
0.000262576	0.83367	0.00206357	10504.6
0.183962	0.83844	0.442555	2252820
0.198151	1	0.518902	2641470
0.597768	1	0.905351	4608680
0.0938477	0.830768	0.276894	1409530
0.505272	0.830768	0.784145	3991680
0.113957	1	0.361463	1840020
1	0.815235	0.98177	4997690
0.0016346	1	0.0121228	61710.9
0.0720254	0.815235	0.225183	1146290
0.478804	1	0.831426	4232370
0.134831	0.383438	0.204849	1042780
0.0131583	0.513062	0.0404931	206130
0.573034	0.513062	0.65391	3328720
0.121522	0.515717	0.236261	1202680
1	0.513062	0.855458	4354700
0.588161	0.252733	0.431997	2199080
1	0.460193	0.817353	4160730
1	0.301875	0.663443	3377250
0.464865	0.307284	0.420821	2142190
0.395083	0.150038	0.226767	1154360
0.3666	0.150038	0.214534	1092080
0.520742	0.145929	0.271832	1383760
0.0645696	0.237667	0.0794449	404413
1	0.237667	0.579167	2948240
0.303279	0.289526	0.301408	1534310
1	0.289526	0.648396	3300650
0.626307	0.286966	0.488198	2485170
0.144142	0.17053	0.115671	588823
1	0.837512	0.986019	5019320
1	0.837512	0.986019	5019320
1	0.854324	0.988833	5033640
0.598239	1	0.905593	4609910
0.462097	1	0.818827	4168230
0.340674	0.514832	0.480699	2446990
1	0.514832	0.856637	4360700
1	1	1	5090490
0.277778	1	0.633593	3225300
1	1	1	5090490
1	1	1	5090490
1	0.487805	0.837971	4265680
0.164027	0.623827	0.335584	1708290
1	0.470279	0.825071	4200020
1	0.623827	0.9182	4674090
1	0.827407	0.984166	5009890
0.327624	0.828374	0.625344	3183310
1	1	1	5090490
1	0.463415	0.819842	4173400
0.102941	1	0.336988	1715430
1	1	1	5090490
0.0701754	0.491228	0.150561	766428
1	0.20202	0.525129	2673160
1	0.496855	0.844384	4298330
1	1	1	5090490
1	0.486486	0.837022	4260860
1	0.486486	0.837022	4260860
1	1	1	5090490
0.0465116	0.488372	0.108685	553260
1	0.442308	0.80312	4088270
0.0784314	0.45098	0.153576	781778
0.117647	0.45098	0.208852	1063160
1	0.48	0.832305	4236840
0.142857	0.452381	0.241645	1230090
1	1	1	5090490
1	0.421053	0.785262	3997370
1	0.371429	0.739291	3763350
0.0791837	1	0.279992	1425300
1	0.436364	0.798231	4063390
1	1	1	5090490
1	1	1	5090490
1	0.407407	0.773235	3936150
1	0.478261	0.831026	4230330
1	1	1	5090490
1	0.47619	0.829494	4222530
1	0.463415	0.819842	4173400
1	1	1	5090490
1	1	1	5090490
1	1	1	5090490
1	1	1	5090490
1	1	1	5090490
0.0634921	1	0.23853	1214230
1	0.48	0.832305	4236840
1	1	1	5090490
1	0.454545	0.812935	4138240
1	1	1	5090490
1	0.469388	0.824398	4196590
1	1	1	5090490
1	1	1	5090490
1	0.47541	0.828914	4219580
0.102041	0.489796	0.199724	1016690
1	0.472222	0.826533	4207460
1	1	1	5090490
1	1	1	5090490
1	1	1	5090490
1	0.487805	0.837971	4265680
1	0.462963	0.819495	4171630
1	0.462687	0.819282	4170550
1	1	1	5090490
1	0.45	0.809328	4119880
1	1	1	5090490
1	1	1	5090490
0.0508475	0.491525	0.117195	596583
1	1	1	5090490
1	1	1	5090490
1	1	1	5090490
1	1	1	5090490
1	0.217707	0.549624	2797860
1	0.444444	0.804858	4097120
1	0.435484	0.797501	4059670
1	1	1	5090490
1	0.469697	0.824632	4197780
1	1	1	5090490
1	1	1	5090490
1	0.471698	0.82614	4205460
1	0.472727	0.826912	4209390
1	0.457627	0.815355	4150550
1	0.449275	0.808749	4116930
1	1	1	5090490
1	0.463768	0.820114	4174780
1	1	1	5090490
1	0.469697	0.824632	4197780
1	0.44186	0.802755	4086420
1	0.189369	0.50449	2568100
1	0.446154	0.806241	4104160
1	0.469388	0.824398	4196590
0.0576923	1	0.222267	1131450
1	0.45	0.809328	4119880
0.0333333	1	0.146707	746809
1	0.490909	0.840189	4276980
1	1	1	5090490
0.0526316	1	0.207602	1056800
1	0.454545	0.812935	4138240
1	1	1	5090490
0.12069	0.482759	0.223895	1139740
1	1	1	5090490
1	1	1	5090490
0.12069	0.431034	0.205802	1047630
0.0909091	0.472727	0.178224	907247
1	0.491833	0.840846	4280320
1	1	1	5090490
0.0217391	1	0.10497	534351
1	1	1	5090490
0.05	1	0.199787	1017010
1	1	1	5090490
1	1	1	5090490
1	1	1	5090490
1	0.466667	0.822332	4186070
0.168116	1	0.467884	2381760
1	0.493606	0.842101	4286710
0.0657895	0.460526	0.136239	693526
1	0.421053	0.785262	3997370
1	1	1	5090490
1	1	1	5090490
1	1	1	5090490
1	0.482759	0.834322	4247110
1	1	1	5090490
1	0.490909	0.840189	4276980
1	1	1	5090490
1	1	1	5090490
1	0.44898	0.808513	4115730
1	1	1	5090490
1	1	1	5090490
1	1	1	5090490
1	0.428571	0.791699	4030140
1	1	1	5090490
1	0.425	0.788658	4014660
1	1	1	5090490
1	1	1	5090490
1	1	1	5090490
1	0.488372	0.838377	4267750
1	1	1	5090490
1	1	1	5090490
1	0.0506202	0.201641	1026450
1	0.492063	0.841009	4281150
0.116279	0.488372	0.219679	1118270
1	1	1	5090490
1	1	1	5090490
1	0.375	0.742811	3781270
1	1	1	5090490
1	1	1	5090490
1	1	1	5090490
1	1	1	5090490
1	1	1	5090490
1	0.454545	0.812935	4138240
1	1	1	5090490
1	1	1	5090490
1	1	1	5090490
1	1	1	5090490
1	0.467742	0.82315	4190240
0.0793651	1	0.280452	1427640
1	1	1	5090490
1	0.467742	0.82315	4190240
1	1	1	5090490
0.047619	1	0.192596	980410
1	1	1	5090490
1	0.446429	0.806462	4105290
1	0.492063	0.841009	4281150
1	0.231235	0.569838	2900750
1	1	1	5090490
1	0.47541	0.828914	4219580
1	1	1	5090490
1	1	1	5090490
1	1	1	5090490
1	1	1	5090490
1	0.448276	0.807948	4112850
1	1	1	5090490
1	1	1	5090490
1	1	1	5090490
1	0.490196	0.839681	4274390
1	0.459016	0.816438	4156070
1	0.143933	0.422934	2152940
1	1	1	5090490
1	1	1	5090490
1	0.469388	0.824398	4196590
1	0.487805	0.837971	4265680
1	0.483333	0.83474	4249240
1	0.444444	0.804858	4097120
1	0.446809	0.806769	4106850
1	0.161725	0.456364	2323120
1	1	1	5090490
1	0.44898	0.808513	4115730
1	1	1	5090490
1	1	1	5090490
1	1	1	5090490
1	1	1	5090490
1	1	1	5090490
1	0.49256	0.841361	4282940
1	1	1	5090490
1	1	1	5090490
1	1	1	5090490
1	1	1	5090490
1	1	1	5090490
1	0.482143	0.833873	4244820
1	1	1	5090490
1	1	1	5090490
1	1	1	5090490
0.075	1	0.26927	1370720
0.0645161	1	0.241345	1228560
1	1	1	5090490
0.0434783	1	0.179804	915291
1	0.188571	0.503161	2561340
1	1	1	5090490
1	1	1	5090490
1	0.280231	0.636724	3241240
1	1	1	5090490
0.219457	1	0.552285	2811400
1	1	1	5090490
1	1	1	5090490
1	1	1	5090490
1	1	1	5090490
0.242915	1	0.58665	2986340
1	0.440678	0.801788	4081490
1	0.488372	0.838377	4267750
0.159091	1	0.451544	2298580
0.0757576	1	0.271229	1380690
1	0.47619	0.829494	4222530
1	1	1	5090490
1	0.458333	0.815906	4153360
1	1	1	5090490
1	1	1	5090490
1	1	1	5090490
1	0.45	0.809328	4119880
0.0357143	0.464286	0.0845574	430439
1	0.483333	0.83474	4249240
1	0.476923	0.830037	4225300
0.347833	1	0.715156	3640490
1	0.482143	0.833873	4244820
1	1	1	5090490
1	0.25	0.596574	3036850
0.0357143	0.25	0.051058	259910
1	0.444444	0.804858	4097120
1	1	1	5090490
1	1	1	5090490
1	0.453333	0.811978	4133370
1	1	1	5090490
0.133333	1	0.401987	2046310
1	0.434783	0.796917	4056700
1	0.488889	0.838748	4269640
1	0.428571	0.791699	4030140
0.0545455	1	0.213203	1085310
1	0.418605	0.783137	3986550
1	0.484375	0.835496	4253090
1	1	1	5090490
1	1	1	5090490
0.135593	1	0.406521	2069390
0.0784314	1	0.278081	1415570
1	1	1	5090490
1	0.385965	0.753407	3835210
1	1	1	5090490
1	0.433962	0.796233	4053220
1	0.4	0.766516	3901940
1	0.489362	0.839086	4271360
1	0.484375	0.835496	4253090
1	1	1	5090490
1	0.217639	0.54952	2797330
1	1	1	5090490
1	1	1	5090490
1	1	1	5090490
1	1	1	5090490
1	0.238462	0.580307	2954050
1	1	1	5090490
1	0.492063	0.841009	4281150
1	1	1	5090490
1	1	1	5090490
1	0.416667	0.781445	3977940
0.0740741	1	0.266866	1358480
1	1	1	5090490
1	0.488889	0.838748	4269640
0.0434783	1	0.179804	915291
1	0.388889	0.75618	3849330
1	0.452381	0.811223	4129530
1	1	1	5090490
0.150769	1	0.436025	2219580
0.0666667	1	0.247203	1258390
1	0.499274	0.84607	4306910
1	1	1	5090490
1	1	1	5090490
1	1	1	5090490
1	1	1	5090490
1	1	1	5090490
1	0.409091	0.774744	3943830
1	1	1	5090490
1	0.492976	0.841656	4284440
1	0.481481	0.83339	4242370
1	1	1	5090490
1	0.463415	0.819842	4173400
1	1	1	5090490
1	0.462963	0.819495	4171630
1	1	1	5090490
1	1	1	5090490
1	0.466667	0.822332	4186070
1	1	1	5090490
1	0.000382974	0.00339604	17287.5
1	0.0863787	0.297921	1516570
1	0.000594567	0.00501082	25507.5
1	0.459459	0.816783	4157830
1	1	1	5090490
1	1	1	5090490
1	0.478261	0.831026	4230330
1	0.47541	0.828914	4219580
0.166667	1	0.465293	2368570
1	1	1	5090490
1	1	1	5090490
1	1	1	5090490
1	0.423729	0.787568	4009110
1	0.492754	0.841498	4283640
1	0.481481	0.83339	4242370
1	0.471698	0.82614	4205460
1	1	1	5090490
1	0.0477824	0.193093	982940
0.0819672	0.409836	0.147589	751301
1	0.454545	0.812935	4138240
1	1	1	5090490
0.104167	1	0.339767	1729580
1	1	1	5090490
1	0.493361	0.841928	4285830
1	0.460317	0.81745	4161220
0.268908	1	0.622087	3166730
1	1	1	5090490
0.0909091	1	0.3089	1572450
1	0.438596	0.800077	4072780
1	0.369565	0.737441	3753940
1	1	1	5090490
1	1	1	5090490
1	1	1	5090490
0.401709	0.512821	0.531463	2705410
1	1	1	5090490
1	0.45	0.809328	4119880
1	0.492754	0.841498	4283640
1	1	1	5090490
1	1	1	5090490
0.177419	0.483871	0.29662	1509940
1	1	1	5090490
1	1	1	5090490
1	0.462963	0.819495	4171630
0.0645161	1	0.241345	1228560
1	1	1	5090490
1	0.488372	0.838377	4267750
1	1	1	5090490
1	1	1	5090490
1	1	1	5090490
0.263889	1	0.615449	3132940
1	1	1	5090490
0.281155	0.580873	0.459254	2337830
1	1	1	5090490
1	1	1	5090490
1	1	1	5090490
1	1	1	5090490
1	0.472973	0.827096	4210320
1	1	1	5090490
1	1	1	5090490
1	1	1	5090490
1	1	1	5090490
0.0666667	1	0.247203	1258390
1	0.395349	0.762227	3880110
0.0327869	1	0.144843	737325
0.0727273	1	0.263348	1340570
1	1	1	5090490
1	1	1	5090490
1	1	1	5090490
1	0.489362	0.839086	4271360
1	0.464286	0.820511	4176810
0.05	1	0.199787	1017010
1	0.450704	0.80989	4122740
0.184615	1	0.496519	2527530
1	1	1	5090490
1	1	1	5090490
1	0.469388	0.824398	4196590
1	0.498077	0.845237	4302670
1	1	1	5090490
1	0.480769	0.832869	4239710
1	0.489362	0.839086	4271360
1	1	1	5090490
1	1	1	5090490
1	1	1	5090490
1	1	1	5090490
1	1	1	5090490
1	1	1	5090490
0.111111	1	0.355247	1808380
0.0555556	1	0.216132	1100220
1	1	1	5090490
1	1	1	5090490
1	1	1	5090490
1	1	1	5090490
1	0.491803	0.840824	4280210
1	1	1	5090490
1	1	1	5090490
0.131148	1	0.397565	2023800
1	1	1	5090490
1	0.492308	0.841182	4282030
1	0.460317	0.81745	4161220
1	1	1	5090490
1	1	1	5090490
1	1	1	5090490
1	1	1	5090490
1	1	1	5090490
0.254545	0.472727	0.375132	1909610
1	1	1	5090490
1	0.460317	0.81745	4161220
1	1	1	5090490
1	1	1	5090490
1	1	1	5090490
1	1	1	5090490
0.101695	1	0.334147	1700970
0.101695	1	0.334147	1700970
0.0425532	1	0.176894	900475
1	0.44	0.801231	4078660
1	0.464286	0.820511	4176810
1	0.491803	0.840824	4280210
1	1	1	5090490
0.147541	0.459016	0.250058	1272920
1	1	1	5090490
1	1	1	5090490
1	1	1	5090490
1	0.451613	0.810613	4126420
0.089852	1	0.306359	1559520
1	1	1	5090490
1	0.45614	0.81419	4144630
1	1	1	5090490
1	1	1	5090490
1	1	1	5090490
1	1	1	5090490
1	0.456522	0.814489	4146150
1	1	1	5090490
1	0.00587537	0.0360571	183548
1	0.477612	0.830546	4227890
1	1	1	5090490
1	1	1	5090490
1	0.459459	0.816783	4157830
1	1	1	5090490
1	0.44186	0.802755	4086420
1	1	1	5090490
1	1	1	5090490
1	0.425532	0.789113	4016970
1	1	1	5090490
1	0.492017	0.840976	4280980
1	0.472727	0.826912	4209390
1	1	1	5090490
1	0.453125	0.811813	4132530
0.0392157	0.470588	0.0921329	469002
1	1	1	5090490
0.1	1	0.330259	1681180
1	1	1	5090490
1	1	1	5090490
0.194444	1	0.512868	2610750
1	0.494118	0.842462	4288540
1	1	1	5090490
1	1	1	5090490
0.0851064	1	0.294796	1500660
0.152542	1	0.43937	2236610
0.0847458	0.457627	0.164816	838992
1	1	1	5090490
1	1	1	5090490
1	1	1	5090490
1	0.311111	0.674366	3432850
0.132075	1	0.399447	2033380
1	0.473684	0.827628	4213030
1	1	1	5090490
1	1	1	5090490
1	0.415094	0.780066	3970920
1	1	1	5090490
1	0.490196	0.839681	4274390
1	0.397059	0.76381	3888170
1	0.492308	0.841182	4282030
1	1	1	5090490
1	1	1	5090490
1	1	1	5090490
1	1	1	5090490
1	0.425532	0.789113	4016970
1	1	1	5090490
0.0609756	0.47561	0.131675	670293
1	0.25	0.596574	3036850
1	1	1	5090490
1	1	1	5090490
1	1	1	5090490
1	1	1	5090490
1	1	1	5090490
1	1	1	5090490
1	0.108867	0.350294	1783170
1	0.428571	0.791699	4030140
1	1	1	5090490
1	1	1	5090490
1	1	1	5090490
1	0.418605	0.783137	3986550
1	1	1	5090490
1	1	1	5090490
0.0731707	0.463415	0.148658	756740
1	1	1	5090490
1	1	1	5090490
1	1	1	5090490
1	1	1	5090490
1	0.490196	0.839681	4274390
0.06298	1	0.237116	1207040
0.397849	1	0.76454	3891880
0.0483871	1	0.194928	992282
1	1	1	5090490
1	1	1	5090490
1	1	1	5090490
0.0639873	1	0.239893	1221170
0.0675676	0.486486	0.14513	738782
0.0821918	0.493151	0.170467	867760
0.109589	0.493151	0.211742	1077870
1	1	1	5090490
1	1	1	5090490
1	1	1	5090490
1	1	1	5090490
1	1	1	5090490
1	0.418182	0.782769	3984680
1	0.490196	0.839681	4274390
1	1	1	5090490
1	0.472727	0.826912	4209390
1	1	1	5090490
1	0.490196	0.839681	4274390
1	0.471698	0.82614	4205460
1	0.415094	0.780066	3970920
1	1	1	5090490
1	0.479167	0.831693	4233720
1	1	1	5090490
0.204082	0.489796	0.330163	1680690
1	0.46	0.817203	4159970
1	1	1	5090490
1	0.465517	0.821455	4181610
1	0.0933124	0.314631	1601630
1	0.0933124	0.314631	1601630
1	0.0605042	0.230221	1171940
1	0.172414	0.475493	2420490
1	0.140351	0.415945	2117370
1	0.491558	0.840651	4279320
1	1	1	5090490
1	0.459459	0.816783	4157830
1	0.466667	0.822332	4186070
0.0666667	0.466667	0.139073	707948
0.0333333	0.466667	0.0803186	408861
1	0.466667	0.822332	4186070
1	0.466667	0.822332	4186070
0.1	0.466667	0.189687	965601
1	0.466667	0.822332	4186070
1	0.462963	0.819495	4171630
0.057971	1	0.223062	1135490
1	0.452632	0.811422	4130540
1	1	1	5090490
1	1	1	5090490
1	0.491525	0.840627	4279210
1	0.479167	0.831693	4233720
1	0.474576	0.828294	4216420
1	0.473684	0.827628	4213030
1	0.477612	0.830546	4227890
0.27439	1	0.629233	3203100
1	1	1	5090490
1	1	1	5090490
1	0.486486	0.837022	4260860
1	1	1	5090490
1	0.478261	0.831026	4230330
1	0.202899	0.526532	2680300
1	1	1	5090490
1	0.493151	0.841779	4285070
1	1	1	5090490
1	0.4375	0.799172	4068180
1	1	1	5090490
1	1	1	5090490
0.0465116	1	0.189212	963181
0.047619	0.452381	0.104215	530504
0.0454545	1	0.185956	946610
1	0.4	0.766516	3901940
1	1	1	5090490
1	1	1	5090490
1	0.459016	0.816438	4156070
1	1	1	5090490
0.0172414	1	0.087249	444140
1	0.474576	0.828294	4216420
1	1	1	5090490
1	0.481481	0.83339	4242370
1	0.468085	0.823411	4191570
0.0612245	1	0.232237	1182200
1	1	1	5090490
1	0.471698	0.82614	4205460
0.326923	0.480769	0.44801	2280590
1	1	1	5090490
1	1	1	5090490
0.113208	0.45283	0.203557	1036200
1	1	1	5090490
1	1	1	5090490
1	1	1	5090490
1	0.484375	0.835496	4253090
1	1	1	5090490
0.422475	0.492176	0.534499	2720860
0.142683	1	0.420505	2140580
1	1	1	5090490
1	1	1	5090490
1	1	1	5090490
1	1	1	5090490
0.0833333	1	0.290409	1478320
1	0.490196	0.839681	4274390
1	0.489796	0.839396	4272940
0.105195	1	0.342087	1741390
1	1	1	5090490
1	1	1	5090490
1	1	1	5090490
1	1	1	5090490
1	1	1	5090490
1	0.492308	0.841182	4282030
1	0.461538	0.818395	4166030
1	1	1	5090490
0.177404	1	0.484193	2464780
1	0.42	0.78435	3992730
1	1	1	5090490
0.111962	0.430854	0.19448	990000
1	0.48	0.832305	4236840
1	0.229379	0.567111	2886870
1	1	1	5090490
1	1	1	5090490
1	1	1	5090490
1	0.465116	0.821148	4180050
1	0.421053	0.785262	3997370
0.128205	0.435897	0.217081	1105050
1	0.0350877	0.152628	776953
1	1	1	5090490
1	0.47541	0.828914	4219580
1	1	1	5090490
1	0.453125	0.811813	4132530
1	0.465517	0.821455	4181610
1	1	1	5090490
1	0.491803	0.840824	4280210
1	1	1	5090490
1	0.491558	0.840651	4279320
1	0.475	0.828609	4218030
1	1	1	5090490
1	0.47619	0.829494	4222530
0.0952381	0.428571	0.171374	872380
0.0232558	1	0.110726	563648
1	1	1	5090490
1	0.464286	0.820511	4176810
1	1	1	5090490
1	0.480769	0.832869	4239710
1	0.431034	0.793779	4040720
1	1	1	5090490
1	1	1	5090490
1	0.438596	0.800077	4072780
1	0.48	0.832305	4236840
1	0.435897	0.797844	4061420
1	1	1	5090490
1	1	1	5090490
1	0.480769	0.832869	4239710
0.0175439	0.45614	0.0466384	237412
0.0638298	0.489362	0.139505	710150
1	0.490566	0.839945	4275730
1	1	1	5090490
1	1	1	5090490
1	1	1	5090490
1	1	1	5090490
1	0.488372	0.838377	4267750
0.0930233	0.488372	0.18588	946223
1	1	1	5090490
1	0.409836	0.775409	3947210
1	1	1	5090490
0.0487805	0.463415	0.108271	551151
1	1	1	5090490
1	1	1	5090490
1	1	1	5090490
0.147059	1	0.428959	2183610
1	0.484848	0.835839	4254830
1	0.469697	0.824632	4197780
1	1	1	5090490
1	0.378378	0.746109	3798060
1	1	1	5090490
1	1	1	5090490
1	1	1	5090490
1	1	1	5090490
1	0.491525	0.840627	4279210
1	1	1	5090490
1	1	1	5090490
1	0.488889	0.838748	4269640
1	1	1	5090490
1	0.310149	0.673241	3427130
0.155102	1	0.444161	2261000
1	0.484848	0.835839	4254830
1	1	1	5090490
0.0655738	1	0.244235	1243270
0.0175439	0.491228	0.0495873	252424
1	1	1	5090490
1	1	1	5090490
0.191781	0.452055	0.298696	1520510
1	1	1	5090490
1	1	1	5090490
1	0.425	0.788658	4014660
1	0.425	0.788658	4014660
1	1	1	5090490
1	1	1	5090490
1	0.461538	0.818395	4166030
1	1	1	5090490
1	1	1	5090490
1	0.469388	0.824398	4196590
1	1	1	5090490
0.0793651	0.47619	0.161589	822565
1	0.46875	0.823915	4194130
1	0.477273	0.830296	4226610
1	1	1	5090490
0.114754	1	0.363193	1848830
1	1	1	5090490
0.278661	1	0.634723	3231050
1	0.482759	0.834322	4247110
1	1	1	5090490
0.152542	1	0.43937	2236610
1	0.491525	0.840627	4279210
0.310345	1	0.67347	3428290
1	1	1	5090490
1	0.423077	0.787008	4006260
0.107692	1	0.347682	1769870
1	0.492754	0.841498	4283640
0.0555556	0.444444	0.116082	590912
0.105263	0.438596	0.188156	957808
0.0999416	1	0.330124	1680490
0.134301	1	0.403934	2056220
0.0601399	1	0.229198	1166730
0.0601399	1	0.229198	1166730
0.0508475	1	0.202318	1029900
0.0689655	1	0.25339	1289880
0.148148	1	0.431043	2194220
1	1	1	5090490
0.0555556	1	0.216132	1100220
1	0.479167	0.831693	4233720
1	0.453125	0.811813	4132530
1	1	1	5090490
1	1	1	5090490
1	0.490196	0.839681	4274390
0.0625	0.479167	0.135014	687288
1	0.444444	0.804858	4097120
1	1	1	5090490
1	0.489362	0.839086	4271360
1	0.45283	0.81158	4131340
0.166364	1	0.464751	2365810
1	1	1	5090490
1	1	1	5090490
1	1	1	5090490
0.14	1	0.415256	2113860
1	0.488372	0.838377	4267750
1	1	1	5090490
1	1	1	5090490
1	0.489796	0.839396	4272940
0.167519	1	0.466819	2376340
1	1	1	5090490
1	1	1	5090490
1	1	1	5090490
0.0133333	1	0.0708998	360915
1	0.485714	0.836465	4258020
1	1	1	5090490
1	1	1	5090490
1	1	1	5090490
0.243013	0.76235	0.497609	2533070
0.301587	0.595014	0.487718	2482720
0.202266	0.587368	0.371892	1893110
0.284488	0.589837	0.467323	2378900
0.041009	0.413482	0.0860898	438239
0.0229029	0.439878	0.0563943	287075
0.304856	0.611349	0.499481	2542600
0.287255	0.623798	0.487272	2480450
0.0244444	0.809605	0.0974189	495910
1	0.634647	0.923212	4699600
0.391892	0.640057	0.597727	3042730
1	0.640057	0.925649	4712010
0.165474	0.811276	0.403821	2055650
1	1	1	5090490
0.20415	1	0.528525	2690450
1	1	1	5090490
1	1	1	5090490
1	1	1	5090490
1	0.585134	0.898716	4574900
1	0.783279	0.974608	4961230
0.375	0.783279	0.653576	3327030
1	1	1	5090490
1	1	1	5090490
1	0.794778	0.977333	4975100
1	0.79741	0.977933	4978160
1	1	1	5090490
1	1	1	5090490
0.104506	0.81889	0.295959	1506580
1	1	1	5090490
1	1	1	5090490
0.344371	0.690693	0.579437	2949620
1	0.84175	0.98676	5023090
0.390378	0.840796	0.69389	3532240
0.0639841	0.844956	0.2118	1078160
1	1	1	5090490
1	1	1	5090490
1	1	1	5090490
0.373526	1	0.741362	3773900
0.428732	1	0.791835	4030830
1	0.820044	0.982739	5002620
1	0.819407	0.982612	5001980
0.116014	1	0.365913	1862680
0.346471	1	0.713716	3633160
1	0.461538	0.818395	4166030
1	0.446809	0.806769	4106850
1	1	1	5090490
1	0.490909	0.840189	4276980
1	0.465116	0.821148	4180050
1	1	1	5090490
1	1	1	5090490
0.0701754	1	0.256615	1306290
1	1	1	5090490
0.0350877	1	0.152628	776953
1	1	1	5090490
1	0.491228	0.840416	4278130
1	0.467742	0.82315	4190240
0.0645161	0.467742	0.135817	691373
0.427707	1	0.790966	4026410
1	1	1	5090490
1	0.47619	0.829494	4222530
1	0.472222	0.826533	4207460
1	0.417284	0.781985	3980690
1	0.417284	0.781985	3980690
0.163043	0.678456	0.354162	1802860
0.172174	0.449482	0.275421	1402030
1	0.29888	0.659842	3358920
0.099416	0.307522	0.137199	698411
0.466667	0.29888	0.414227	2108620
1	0.69275	0.947049	4820940
0.0930233	0.465116	0.17914	911911
0.0232558	0.418605	0.0548278	279100
1	0.477273	0.830296	4226610
1	0.481481	0.83339	4242370
1	0.466667	0.822332	4186070
0.0701754	1	0.256615	1306290
1	1	1	5090490
1	1	1	5090490
1	1	1	5090490
1	1	1	5090490
1	0.486842	0.837279	4262160
1	0.457627	0.815355	4150550
1	1	1	5090490
1	0.477612	0.830546	4227890
1	1	1	5090490
1	0.377778	0.745525	3795090
1	1	1	5090490
0.238806	1	0.580801	2956560
1	1	1	5090490
1	0.488889	0.838748	4269640
1	1	1	5090490
1	1	1	5090490
0.0666667	1	0.247203	1258390
1	0.471698	0.82614	4205460
1	1	1	5090490
1	1	1	5090490
1	1	1	5090490
1	0.44	0.801231	4078660
0.04	0.44	0.0887015	451534
1	0.44	0.801231	4078660
1	0.44	0.801231	4078660
1	0.44	0.801231	4078660
0.08	0.44	0.153004	778866
0.08	0.44	0.153004	778866
1	1	1	5090490
1	1	1	5090490
1	0.430769	0.793556	4039590
1	0.428571	0.791699	4030140
0.0208333	1	0.101483	516600
1	1	1	5090490
0.0588235	0.431373	0.118602	603742
1	1	1	5090490
1	0.461538	0.818395	4166030
1	0.496753	0.844313	4297970
0.0454545	1	0.185956	946610
0.105263	0.447368	0.190987	972217
1	1	1	5090490
1	0.491803	0.840824	4280210
0.117647	1	0.36942	1880530
0.0588235	1	0.225483	1147820
1	0.478261	0.831026	4230330
1	0.489362	0.839086	4271360
0.05	1	0.199787	1017010
1	0.189369	0.50449	2568100
1	1	1	5090490
1	1	1	5090490
1	1	1	5090490
1	1	1	5090490
1	0.434783	0.796917	4056700
1	1	1	5090490
1	1	1	5090490
1	1	1	5090490
1	1	1	5090490
1	0.4	0.766516	3901940
1	1	1	5090490
1	1	1	5090490
1	0.495136	0.843178	4292190
1	1	1	5090490
0.130435	1	0.396115	2016420
1	0.468085	0.823411	4191570
1	0.477273	0.830296	4226610
0.140351	1	0.415945	2117370
1	0.479167	0.831693	4233720
1	0.488889	0.838748	4269640
1	0.481481	0.83339	4242370
1	1	1	5090490
1	0.454545	0.812935	4138240
1	1	1	5090490
1	1	1	5090490
1	1	1	5090490
1	1	1	5090490
1	1	1	5090490
1	1	1	5090490
1	0.48	0.832305	4236840
1	1	1	5090490
0.118644	1	0.371549	1891370
0.0517241	0.413793	0.103681	527789
1	1	1	5090490
1	0.428571	0.791699	4030140
1	1	1	5090490
1	0.489362	0.839086	4271360
1	0.46875	0.823915	4194130
1	1	1	5090490
1	1	1	5090490
1	0.481928	0.833716	4244020
1	1	1	5090490
1	1	1	5090490
1	0.487805	0.837971	4265680
1	1	1	5090490
1	0.45098	0.81011	4123860
1	1	1	5090490
0.155102	1	0.444161	2261000
1	1	1	5090490
1	0.459459	0.816783	4157830
1	0.3	0.661192	3365790
1	1	1	5090490
1	0.327684	0.693283	3529150
1	1	1	5090490
0.0612245	1	0.232237	1182200
1	1	1	5090490
0.0344828	1	0.150596	766610
1	0.416667	0.781445	3977940
1	0.380952	0.748602	3810750
1	0.380952	0.748602	3810750
1	1	1	5090490
1	1	1	5090490
1	0.409091	0.774744	3943830
1	0.428571	0.791699	4030140
1	0.363636	0.731491	3723650
1	0.409091	0.774744	3943830
1	1	1	5090490
1	1	1	5090490
1	0.4375	0.799172	4068180
1	1	1	5090490
0.0769231	1	0.274227	1395950
1	1	1	5090490
1	1	1	5090490
1	1	1	5090490
1	1	1	5090490
1	0.454545	0.812935	4138240
1	1	1	5090490
1	1	1	5090490
1	1	1	5090490
1	1	1	5090490
1	1	1	5090490
0.148148	0.481481	0.259674	1321870
0.148148	0.481481	0.259674	1321870
1	1	1	5090490
1	0.416667	0.781445	3977940
1	0.423729	0.787568	4009110
1	1	1	5090490
1	1	1	5090490
1	1	1	5090490
1	0.378378	0.746109	3798060
1	1	1	5090490
1	0.487805	0.837971	4265680
0.089852	1	0.306359	1559520
1	1	1	5090490
1	0.433333	0.795707	4050540
0.166667	0.433333	0.262023	1333820
1	1	1	5090490
1	0.479167	0.831693	4233720
1	0.469697	0.824632	4197780
0.121212	0.469697	0.220096	1120400
1	1	1	5090490
1	1	1	5090490
0.0634921	1	0.23853	1214230
0.0204082	0.44898	0.0521604	265522
1	1	1	5090490
0.248903	0.492976	0.380133	1935060
1	0.461538	0.818395	4166030
1	1	1	5090490
1	0.243243	0.587115	2988700
1	1	1	5090490
1	1	1	5090490
1	1	1	5090490
1	0.489796	0.839396	4272940
1	1	1	5090490
1	0.482143	0.833873	4244820
1	1	1	5090490
1	1	1	5090490
1	0.465116	0.821148	4180050
1	1	1	5090490
0.0535714	1	0.210361	1070840
0.0714286	1	0.259933	1323180
1	1	1	5090490
0.0643678	1	0.240938	1226490
0.390374	0.506019	0.517908	2636410
0.118644	1	0.371549	1891370
1	1	1	5090490
1	0.49095	0.840218	4277120
1	1	1	5090490
1	1	1	5090490
1	1	1	5090490
1	1	1	5090490
1	0.492308	0.841182	4282030
0.104478	1	0.34047	1733160
0.0638298	0.468085	0.134768	686035
1	0.466667	0.822332	4186070
1	1	1	5090490
0.0952381	1	0.319179	1624780
0.0733753	1	0.265044	1349200
0.0807823	1	0.28403	1445850
0.232143	1	0.571165	2907510
0.195578	1	0.514722	2620190
0.127273	1	0.389636	1983440
1	1	1	5090490
1	0.491525	0.840627	4279210
1	1	1	5090490
1	0.428571	0.791699	4030140
0.0645161	1	0.241345	1228560
0.0967742	1	0.322778	1643100
0.0967742	1	0.322778	1643100
1	1	1	5090490
0.0980392	1	0.325724	1658100
1	0.488889	0.838748	4269640
1	0.458333	0.815906	4153360
0.0588235	0.470588	0.126975	646367
1	0.470588	0.825304	4201200
1	0.414634	0.779661	3968860
1	1	1	5090490
1	1	1	5090490
0.0689655	0.465517	0.142505	725418
1	1	1	5090490
0.286198	0.706469	0.5254	2674540
0.326484	1	0.691942	3522320
0.360667	0.475839	0.474094	2413370
0.105913	0.625247	0.245997	1252250
1	0.625247	0.918868	4677490
1	1	1	5090490
0.114754	0.491803	0.218671	1113140
1	1	1	5090490
1	0.488889	0.838748	4269640
1	1	1	5090490
1	1	1	5090490
1	0.220347	0.553633	2818260
0.0232558	0.465116	0.0597801	304310
1	0.436364	0.798231	4063390
1	0.172932	0.476403	2425130
0.255235	0.0404367	0.0575242	292826
0.222182	0.135899	0.135877	691682
1	0.478261	0.831026	4230330
1	1	1	5090490
1	1	1	5090490
1	1	1	5090490
1	1	1	5090490
0.047619	1	0.192596	980410
1	1	1	5090490
1	1	1	5090490
1	1	1	5090490
1	0.472222	0.826533	4207460
1	0.101449	0.333585	1698110
1	0.231707	0.570528	2904270
0.0769231	1	0.274227	1395950
1	1	1	5090490
1	0.491228	0.840416	4278130
1	1	1	5090490
1	1	1	5090490
1	1	1	5090490
1	1	1	5090490
1	1	1	5090490
0.0943396	1	0.317062	1614000
1	1	1	5090490
1	1	1	5090490
1	1	1	5090490
1	1	1	5090490
1	1	1	5090490
1	1	1	5090490
1	0.481481	0.83339	4242370
1	1	1	5090490
1	1	1	5090490
1	1	1	5090490
1	0.458333	0.815906	4153360
1	1	1	5090490
0.142857	9.54927e-05	0.000166463	847.376
0.142857	9.54927e-05	0.000166463	847.376
1	9.54927e-05	0.000979418	4985.72
0.268908	9.54927e-05	0.000297099	1512.38
1	9.54927e-05	0.000979418	4985.72
1	0.394284	0.761238	3875080
1	0.165328	0.462889	2356330
1	1	1	5090490
0.111111	1	0.355247	1808380
1	0.392157	0.759252	3864970
1	1	1	5090490
1	1	1	5090490
1	1	1	5090490
1	1	1	5090490
1	0.483871	0.835131	4251230
1	1	1	5090490
1	0.49492	0.843027	4291420
1	1	1	5090490
1	1	1	5090490
1	0.492308	0.841182	4282030
0.0175439	0.421053	0.0436421	222160
0.0377358	1	0.161402	821614
1	0.491803	0.840824	4280210
1	1	1	5090490
1	0.218855	0.551372	2806750
1	1	1	5090490
1	0.466667	0.822332	4186070
1	1	1	5090490
1	1	1	5090490
1	0.478261	0.831026	4230330
1	0.484375	0.835496	4253090
1	0.473684	0.827628	4213030
1	0.464286	0.820511	4176810
1	0.423077	0.787008	4006260
1	0.387755	0.755107	3843870
1	0.454545	0.812935	4138240
1	1	1	5090490
1	0.483333	0.83474	4249240
1	1	1	5090490
1	1	1	5090490
0.401872	1	0.768227	3910650
0.0526316	1	0.207602	1056800
1	1	1	5090490
1	1	1	5090490
1	1	1	5090490
1	1	1	5090490
1	1	1	5090490
1	0.489796	0.839396	4272940
0.0612245	0.489796	0.135153	687995
1	1	1	5090490
1	1	1	5090490
1	1	1	5090490
1	1	1	5090490
0.0645161	1	0.241345	1228560
1	1	1	5090490
1	1	1	5090490
1	0.489796	0.839396	4272940
1	0.110507	0.353917	1801610
1	0.436364	0.798231	4063390
1	0.478261	0.831026	4230330
1	0.479167	0.831693	4233720
0.173077	1	0.476657	2426420
1	0.48	0.832305	4236840
1	1	1	5090490
1	1	1	5090490
1	1	1	5090490
1	0.465116	0.821148	4180050
1	0.477273	0.830296	4226610
1	0.454545	0.812935	4138240
0.107071	1	0.346295	1762810
1	0.442623	0.803377	4089580
1	1	1	5090490
1	0.465116	0.821148	4180050
0.142857	0.408163	0.224023	1140390
1	1	1	5090490
0.0377358	0.490566	0.0923623	470169
1	1	1	5090490
1	0.468085	0.823411	4191570
1	0.4	0.766516	3901940
1	1	1	5090490
1	0.431373	0.794063	4042170
1	1	1	5090490
1	1	1	5090490
1	0.472222	0.826533	4207460
1	1	1	5090490
0.316425	0.368636	0.367272	1869590
0.0807823	1	0.28403	1445850
1	1	1	5090490
1	1	1	5090490
1	1	1	5090490
1	1	1	5090490
1	1	1	5090490
1	1	1	5090490
1	1	1	5090490
1	1	1	5090490
1	0.44898	0.808513	4115730
1	0.45098	0.81011	4123860
1	1	1	5090490
1	1	1	5090490
1	1	1	5090490
1	1	1	5090490
1	0.434783	0.796917	4056700
1	0.191803	0.508525	2588640
1	0.491525	0.840627	4279210
0.0655738	0.491803	0.143002	727951
1	1	1	5090490
1	1	1	5090490
1	1	1	5090490
1	1	1	5090490
1	1	1	5090490
1	0.0542582	0.212367	1081050
1	1	1	5090490
1	1	1	5090490
1	1	1	5090490
0.0625	1	0.235787	1200270
1	0.224333	0.559626	2848770
1	0.224333	0.559626	2848770
1	1	1	5090490
1	0.424242	0.788009	4011350
1	0.471698	0.82614	4205460
1	1	1	5090490
1	1	1	5090490
1	1	1	5090490
1	1	1	5090490
1	1	1	5090490
1	1	1	5090490
1	0.459459	0.816783	4157830
1	0.235849	0.576548	2934910
1	0.401709	0.768079	3909900
1	0.490909	0.840189	4276980
1	1	1	5090490
0.208081	1	0.534732	2722050
1	1	1	5090490
1	1	1	5090490
1	1	1	5090490
1	0.407895	0.773673	3938370
1	1	1	5090490
1	1	1	5090490
1	1	1	5090490
1	0.501747	0.847781	4315620
1	1	1	5090490
1	0.490909	0.840189	4276980
1	1	1	5090490
1	0.231707	0.570528	2904270
1	0.480769	0.832869	4239710
1	1	1	5090490
1	0.428571	0.791699	4030140
0.084472	1	0.293231	1492690
0.227755	1	0.564715	2874680
1	1	1	5090490
1	0.209644	0.53718	2734510
1	1	1	5090490
1	1	1	5090490
1	1	1	5090490
1	0.215873	0.54682	2783580
1	0.393939	0.760917	3873440
1	1	1	5090490
1	0.446809	0.806769	4106850
1	1	1	5090490
1	1	1	5090490
1	0.468085	0.823411	4191570
0.149254	0.462687	0.253636	1291130
1	1	1	5090490
0.0625	0.4875	0.136837	696566
1	1	1	5090490
1	0.377049	0.744815	3791480
1	1	1	5090490
1	0.383333	0.750893	3822410
1	0.394366	0.761314	3875460
1	1	1	5090490
1	0.4	0.766516	3901940
1	1	1	5090490
1	0.48	0.832305	4236840
1	0.234694	0.574876	2926400
1	0.463415	0.819842	4173400
1	1	1	5090490
1	1	1	5090490
1	1	1	5090490
1	1	1	5090490
1	0.464286	0.820511	4176810
1	0.469388	0.824398	4196590
1	1	1	5090490
1	1	1	5090490
1	0.470588	0.825304	4201200
0.08	1	0.282058	1435820
1	0.476923	0.830037	4225300
1	0.0410114	0.171998	875554
1	0.46875	0.823915	4194130
0.0144928	0.492754	0.0424329	216004
1	1	1	5090490
1	0.358491	0.726249	3696960
1	1	1	5090490
1	1	1	5090490
1	0.461538	0.818395	4166030
1	0.222222	0.556462	2832660
1	0.0977778	0.325117	1655000
1	1	1	5090490
1	0.490566	0.839945	4275730
1	0.203634	0.527704	2686270
0.155102	1	0.444161	2261000
1	1	1	5090490
0.241379	0.431034	0.339487	1728150
1	0.489796	0.839396	4272940
1	1	1	5090490
1	1	1	5090490
1	0.469388	0.824398	4196590
1	0.470588	0.825304	4201200
1	0.464286	0.820511	4176810
1	0.4375	0.799172	4068180
0.196429	1	0.516108	2627240
1	1	1	5090490
1	1	1	5090490
1	1	1	5090490
0.139373	1	0.414021	2107570
1	1	1	5090490
1	1	1	5090490
1	1	1	5090490
1	1	1	5090490
1	1	1	5090490
1	0.439024	0.800429	4074580
0.0208333	0.479167	0.0559717	284924
1	1	1	5090490
1	1	1	5090490
0.0612245	0.44898	0.126282	642837
1	1	1	5090490
1	0.482143	0.833873	4244820
0.0847458	0.440678	0.160121	815093
0.0588235	0.45098	0.122814	625182
1	0.458333	0.815906	4153360
1	0.481481	0.83339	4242370
1	1	1	5090490
1	0.242788	0.586471	2985430
1	0.433962	0.796233	4053220
1	1	1	5090490
1	0.45	0.809328	4119880
1	1	1	5090490
1	0.446809	0.806769	4106850
0.0227273	1	0.108732	553497
1	1	1	5090490
0.0816327	1	0.286165	1456720
1	1	1	5090490
1	1	1	5090490
1	1	1	5090490
1	1	1	5090490
1	1	1	5090490
1	1	1	5090490
1	1	1	5090490
1	1	1	5090490
1	0.48	0.832305	4236840
1	0.454545	0.812935	4138240
1	0.452381	0.811223	4129530
1	1	1	5090490
1	0.423077	0.787008	4006260
1	0.46875	0.823915	4194130
1	0.46875	0.823915	4194130
1	1	1	5090490
1	0.302326	0.663983	3380000
1	0.325	0.690277	3513850
0.155102	1	0.444161	2261000
1	0.482759	0.834322	4247110
1	1	1	5090490
1	0.482143	0.833873	4244820
0.0769231	1	0.274227	1395950
1	0.490909	0.840189	4276980
1	0.461538	0.818395	4166030
1	0.456522	0.814489	4146150
1	0.460317	0.81745	4161220
1	0.471698	0.82614	4205460
1	0.491803	0.840824	4280210
1	1	1	5090490
1	0.516517	0.857752	4366380
1	1	1	5090490
0.146154	0.487179	0.259337	1320150
0.146154	0.487179	0.259337	1320150
0.05	0.487179	0.114849	584638
0.146154	0.487179	0.259337	1320150
1	1	1	5090490
1	1	1	5090490
1	1	1	5090490
1	1	1	5090490
1	1	1	5090490
1	1	1	5090490
1	0.444444	0.804858	4097120
1	0.480769	0.832869	4239710
1	0.472222	0.826533	4207460
1	1	1	5090490
1	0.492332	0.8412	4282120
1	1	1	5090490
1	1	1	5090490
1	1	1	5090490
1	1	1	5090490
1	1	1	5090490
1	1	1	5090490
1	0.482759	0.834322	4247110
1	1	1	5090490
0.0789189	1	0.27932	1421880
1	1	1	5090490
1	1	1	5090490
1	1	1	5090490
1	1	1	5090490
1	0.477273	0.830296	4226610
1	0.489362	0.839086	4271360
0.265946	0.779588	0.533549	2716030
0.374471	0.793618	0.657792	3348480
1	0.814712	0.981663	4997150
0.450718	0.649277	0.65224	3320220
0.538563	0.500563	0.622976	3171250
0.0354052	0.502374	0.0894544	455367
1	0.316709	0.680853	3465870
1	0.316709	0.680853	3465870
1	0.390452	0.757653	3856820
1	0.53007	0.86653	4411060
1	0.451644	0.810638	4126540
0.305556	0.708246	0.547641	2787760
0.458752	0.805507	0.737404	3753750
1	1	1	5090490
0.149185	1	0.433019	2204280
0.46268	1	0.819276	4170520
0.0253142	0.530589	0.0713231	363069
1	0.674272	0.940017	4785150
0.513964	0.674272	0.7138	3633590
0.0101999	1	0.0569701	290006
1	0.534377	0.869246	4424890
0.111338	0.0650238	0.0429178	218473
0.470271	0.0236964	0.0612557	311822
0.176526	0.0221433	0.0255815	130222
1	0.0258184	0.120228	612018
0.0300993	0.0694135	0.0149822	76266.8
0.0881891	0.0457139	0.0262595	133674
0.000717218	0.0453086	0.000368324	1874.95
0.0126545	0.0447599	0.00480104	24439.6
0.101916	0.0447599	0.0291497	148386
0.0387013	0.0277625	0.00841929	42858.3
0.485864	0.0701997	0.149331	760167
0.0666232	0.302682	0.0988877	503387
1	0.231246	0.569853	2900830
0.561559	0.16907	0.318484	1621240
0.00335156	0.090479	0.00275983	14048.9
0.348463	0.0915301	0.141783	721743
1	1	1	5090490
0.484848	0.493508	0.581475	2959990
0.279221	0.737986	0.531552	2705860
1	1	1	5090490
1	1	1	5090490
0.187611	0.806745	0.43713	2225210
1	0.217639	0.54952	2797330
1	1	1	5090490
1	0.219925	0.552994	2815010
1	0.454545	0.812935	4138240
0.452381	1	0.811223	4129530
1	0.47541	0.828914	4219580
1	0.45098	0.81011	4123860
1	0.501661	0.847722	4315320
1	0.365854	0.733728	3735030
1	0.425532	0.789113	4016970
1	1	1	5090490
0.254822	1	0.603212	3070640
1	0.436364	0.798231	4063390
1	0.458333	0.815906	4153360
1	0.457627	0.815355	4150550
1	1	1	5090490
0.125	0.46875	0.224832	1144500
1	1	1	5090490
0.152542	0.474576	0.262471	1336110
0.0163934	1	0.0837848	426506
1	0.413793	0.77892	3965080
1	1	1	5090490
1	1	1	5090490
0.208081	1	0.534732	2722050
1	1	1	5090490
1	1	1	5090490
1	1	1	5090490
0.117647	1	0.36942	1880530
1	1	1	5090490
1	1	1	5090490
1	1	1	5090490
1	0.464286	0.820511	4176810
1	1	1	5090490
0.142857	0.492063	0.256931	1307910
1	1	1	5090490
1	1	1	5090490
1	1	1	5090490
1	0.468085	0.823411	4191570
1	1	1	5090490
0.236364	1	0.577291	2938690
1	0.473684	0.827628	4213030
1	1	1	5090490
1	1	1	5090490
1	0.456522	0.814489	4146150
1	1	1	5090490
1	0.481481	0.83339	4242370
1	1	1	5090490
1	1	1	5090490
1	0.428571	0.791699	4030140
1	1	1	5090490
0.0491803	0.442623	0.105082	534920
1	1	1	5090490
0.111111	1	0.355247	1808380
1	0.252621	0.600193	3055280
1	1	1	5090490
1	1	1	5090490
1	1	1	5090490
1	1	1	5090490
0.142857	0.452381	0.241645	1230090
1	1	1	5090490
1	1	1	5090490
0.084507	0.464789	0.166424	847181
1	1	1	5090490
1	0.210312	0.538223	2739820
1	0.431373	0.794063	4042170
1	1	1	5090490
1	0.492537	0.841345	4282860
0.0606061	1	0.230507	1173390
0.0684932	1	0.252125	1283440
1	1	1	5090490
1	0.473684	0.827628	4213030
1	0.473684	0.827628	4213030
1	1	1	5090490
1	0.482143	0.833873	4244820
1	0.465753	0.821635	4182530
1	0.403509	0.769716	3918230
1	1	1	5090490
1	0.0876691	0.301072	1532600
1	0.242548	0.586131	2983690
1	0.235849	0.576548	2934910
0.109015	1	0.350621	1784830
0.321429	1	0.686244	3493320
1	0.377778	0.745525	3795090
0.208081	0.504377	0.341538	1738600
0.113636	1	0.360767	1836480
1	1	1	5090490
1	0.431818	0.794438	4044080
1	1	1	5090490
1	1	1	5090490
1	0.462963	0.819495	4171630
1	0.440678	0.801788	4081490
1	1	1	5090490
1	1	1	5090490
0.0784314	0.612341	0.193836	986719
0.0784314	0.612341	0.193836	986719
1	1	1	5090490
1	1	1	5090490
1	0.202797	0.52637	2679480
1	1	1	5090490
1	1	1	5090490
0.0877193	1	0.301194	1533230
1	1	1	5090490
1	0.487805	0.837971	4265680
1	0.415094	0.780066	3970920
1	0.489362	0.839086	4271360
1	0.479167	0.831693	4233720
0.0357143	1	0.154722	787609
0.357143	1	0.724864	3689910
1	0.490566	0.839945	4275730
1	1	1	5090490
1	1	1	5090490
1	1	1	5090490
0.0952381	1	0.319179	1624780
0.121951	1	0.378553	1927020
0.142857	1	0.420844	2142300
0.0819672	1	0.287003	1460990
1	1	1	5090490
0.188679	1	0.503341	2562250
1	1	1	5090490
1	1	1	5090490
1	1	1	5090490
1	0.491228	0.840416	4278130
1	1	1	5090490
0.0816327	1	0.286165	1456720
1	1	1	5090490
1	1	1	5090490
0.12	1	0.374432	1906040
0.0816327	1	0.286165	1456720
1	1	1	5090490
1	1	1	5090490
1	0.491228	0.840416	4278130
1	0.458333	0.815906	4153360
1	1	1	5090490
1	1	1	5090490
0.142857	1	0.420844	2142300
1	1	1	5090490
1	1	1	5090490
1	1	1	5090490
1	0.428571	0.791699	4030140
1	1	1	5090490
1	1	1	5090490
1	1	1	5090490
0.0575448	1	0.221846	1129310
1	0.451613	0.810613	4126420
1	0.4375	0.799172	4068180
1	0.42	0.78435	3992730
1	0.470588	0.825304	4201200
1	0.45	0.809328	4119880
1	0.493506	0.84203	4286350
1	0.49419	0.842513	4288800
1	0.480519	0.832686	4238780
1	1	1	5090490
1	1	1	5090490
1	1	1	5090490
1	1	1	5090490
0.025641	1	0.119579	608713
1	0.00438153	0.0281748	143424
1	0.302326	0.663983	3380000
1	0.340909	0.707775	3602920
1	1	1	5090490
1	0.45	0.809328	4119880
1	0.482143	0.833873	4244820
1	1	1	5090490
1	0.492537	0.841345	4282860
0.381223	0.486486	0.497945	2534780
1	0.662835	0.935412	4761710
1	0.656705	0.932863	4748730
1	0.658571	0.933645	4752710
1	0.658571	0.933645	4752710
1	1	1	5090490
0.0483871	1	0.194928	992282
0.115385	0.115385	0.0708147	360481
1	0.221538	0.555432	2827420
1	0.239437	0.581703	2961160
1	1	1	5090490
0.148936	1	0.432546	2201870
1	0.591991	0.902351	4593410
1	0.490909	0.840189	4276980
1	1	1	5090490
1	1	1	5090490
1	1	1	5090490
1	0.471698	0.82614	4205460
0.0769231	1	0.274227	1395950
0.132075	0.471698	0.235231	1197440
1	1	1	5090490
1	1	1	5090490
0.102041	1	0.334937	1704990
1	0.490566	0.839945	4275730
1	0.491525	0.840627	4279210
1	0.46	0.817203	4159970
1	0.419355	0.78379	3989880
1	1	1	5090490
1	1	1	5090490
1	1	1	5090490
0.169811	1	0.470898	2397100
1	1	1	5090490
1	0.470588	0.825304	4201200
1	0.392157	0.759252	3864970
1	0.442623	0.803377	4089580
1	0.491803	0.840824	4280210
1	1	1	5090490
1	0.233449	0.573069	2917200
1	0.477273	0.830296	4226610
1	0.473684	0.827628	4213030
1	0.506352	0.850936	4331680
1	1	1	5090490
1	1	1	5090490
1	1	1	5090490
1	0.46	0.817203	4159970
1	0.416667	0.781445	3977940
1	1	1	5090490
0.0909091	1	0.3089	1572450
1	1	1	5090490
1	1	1	5090490
1	0.487805	0.837971	4265680
1	0.474576	0.828294	4216420
1	0.441176	0.802196	4083570
1	1	1	5090490
1	0.478261	0.831026	4230330
0.0444444	0.466667	0.101125	514774
0.0930233	1	0.313945	1598130
1	1	1	5090490
1	1	1	5090490
1	0.47541	0.828914	4219580
0.0357143	0.482143	0.0871597	443686
0.0285714	1	0.130153	662542
1	0.451613	0.810613	4126420
1	1	1	5090490
1	1	1	5090490
1	0.470588	0.825304	4201200
1	1	1	5090490
1	1	1	5090490
1	1	1	5090490
1	0.243243	0.587115	2988700
1	1	1	5090490
1	0.425	0.788658	4014660
1	0.492537	0.841345	4282860
1	0.473684	0.827628	4213030
1	0.438596	0.800077	4072780
1	1	1	5090490
0.0615385	0.476923	0.132907	676563
0.0683606	1	0.251769	1281630
0.181422	1	0.491097	2499930
1	0.475	0.828609	4218030
1	0.223188	0.557913	2840050
1	0.495032	0.843105	4291820
1	1	1	5090490
1	0.483871	0.835131	4251230
1	1	1	5090490
1	1	1	5090490
1	1	1	5090490
1	0.487179	0.837521	4263390
1	0.487179	0.837521	4263390
0.242915	0.183536	0.183256	932863
1	0.183536	0.494692	2518230
1	0.481481	0.83339	4242370
1	0.442308	0.80312	4088270
1	1	1	5090490
0.0444444	0.466667	0.101125	514774
1	1	1	5090490
1	1	1	5090490
1	1	1	5090490
1	0.408163	0.773913	3939600
1	1	1	5090490
1	0.449275	0.808749	4116930
1	1	1	5090490
1	1	1	5090490
1	0.470588	0.825304	4201200
1	1	1	5090490
1	1	1	5090490
1	1	1	5090490
1	0.48	0.832305	4236840
0.12	0.34	0.171322	872114
1	1	1	5090490
0.0166667	1	0.0849057	432212
1	0.490566	0.839945	4275730
0.178197	0.496855	0.303183	1543350
1	0.44	0.801231	4078660
1	0.465116	0.821148	4180050
0.148936	1	0.432546	2201870
1	0.45283	0.81158	4131340
0.188235	1	0.5026	2558480
0.0277778	1	0.12732	648121
1	0.0185441	0.0924905	470822
1	1	1	5090490
1	1	1	5090490
0.0951877	1	0.31906	1624170
0.145161	1	0.425309	2165030
1	1	1	5090490
0.15	1	0.434568	2212160
1	1	1	5090490
0.0517241	1	0.204922	1043160
1	0.482759	0.834322	4247110
1	1	1	5090490
1	1	1	5090490
1	0.489362	0.839086	4271360
1	0.466667	0.822332	4186070
1	0.487909	0.838045	4266060
1	1	1	5090490
0.147099	0.326953	0.194042	987769
0.147099	0.326953	0.194042	987769
0.147099	0.326953	0.194042	987769
0.333333	0.435897	0.425575	2166390
1	1	1	5090490
1	0.487179	0.837521	4263390
1	1	1	5090490
0.142857	1	0.420844	2142300
1	1	1	5090490
1	1	1	5090490
1	0.460317	0.81745	4161220
1	1	1	5090490
1	0.430769	0.793556	4039590
1	1	1	5090490
1	1	1	5090490
1	1	1	5090490
1	1	1	5090490
1	0.47619	0.829494	4222530
1	0.442857	0.803568	4090550
1	1	1	5090490
1	1	1	5090490
1	1	1	5090490
0.207729	0.489855	0.33429	1701700
0.127536	0.489855	0.235715	1199910
1	1	1	5090490
1	1	1	5090490
1	1	1	5090490
1	1	1	5090490
1	1	1	5090490
0.0263158	1	0.122042	621252
1	0.465116	0.821148	4180050
1	0.432432	0.794953	4046700
1	1	1	5090490
1	0.470588	0.825304	4201200
0.0769231	0.435897	0.147377	750221
1	1	1	5090490
1	1	1	5090490
1	0.458333	0.815906	4153360
1	0.458333	0.815906	4153360
1	0.458333	0.815906	4153360
1	0.433333	0.795707	4050540
1	1	1	5090490
1	1	1	5090490
1	1	1	5090490
1	0.491803	0.840824	4280210
1	1	1	5090490
0.046875	1	0.190325	968849
1	1	1	5090490
1	1	1	5090490
1	1	1	5090490
0.0555556	0.472222	0.121746	619748
1	1	1	5090490
1	1	1	5090490
1	1	1	5090490
1	1	1	5090490
0.0535714	0.464286	0.116751	594321
0.0821918	1	0.287564	1463840
1	1	1	5090490
1	0.365854	0.733728	3735030
1	1	1	5090490
1	0.48	0.832305	4236840
0.221484	1	0.55535	2827000
1	0.444444	0.804858	4097120
0.0344828	1	0.150596	766610
1	0.489796	0.839396	4272940
0.0683606	1	0.251769	1281630
1	0.45283	0.81158	4131340
1	1	1	5090490
1	1	1	5090490
0.0714286	1	0.259933	1323180
1	0.4375	0.799172	4068180
1	1	1	5090490
1	1	1	5090490
0.4	1	0.766516	3901940
0.3	1	0.661192	3365790
1	0.215873	0.54682	2783580
1	0.395349	0.762227	3880110
1	1	1	5090490
1	1	1	5090490
1	1	1	5090490
0.0789474	1	0.279393	1422250
1	1	1	5090490
1	0.49661	0.844212	4297460
1	1	1	5090490
0.289899	1	0.648859	3303010
0.236702	1	0.577779	2941180
1	1	1	5090490
1	1	1	5090490
1	1	1	5090490
1	0.452381	0.811223	4129530
1	0.473684	0.827628	4213030
1	0.409213	0.774852	3944380
0.379866	0.710382	0.623323	3173020
0.37931	0.710382	0.622806	3170390
0.26087	0.621385	0.457049	2326600
0.489124	1	0.838916	4270490
0.528096	0.84464	0.806157	4103740
0.0327869	1	0.144843	737325
0.0727273	0.472727	0.150251	764850
0.0784314	0.470588	0.158682	807772
1	0.44	0.801231	4078660
1	1	1	5090490
0.0185185	1	0.0923886	470303
1	1	1	5090490
1	0.453125	0.811813	4132530
0.127273	1	0.389636	1983440
1	1	1	5090490
0.118644	0.491525	0.224045	1140500
1	1	1	5090490
0.0384615	0.480769	0.0922793	469747
0.0588235	0.441176	0.120714	614495
1	0.424242	0.788009	4011350
0.037037	1	0.159105	809923
1	1	1	5090490
1	0.479167	0.831693	4233720
1	1	1	5090490
1	1	1	5090490
1	0.446809	0.806769	4106850
1	0.42623	0.789708	4020000
1	1	1	5090490
1	1	1	5090490
1	0.494912	0.843021	4291390
1	1	1	5090490
1	1	1	5090490
1	0.408163	0.773913	3939600
1	1	1	5090490
1	0.0528687	0.2083	1060350
1	0.463415	0.819842	4173400
1	1	1	5090490
1	1	1	5090490
1	0.423077	0.787008	4006260
1	1	1	5090490
1	1	1	5090490
0.0363636	1	0.156879	798594
0.228675	1	0.566075	2881600
1	0.425926	0.789449	4018680
0.0892857	1	0.304992	1552560
1	1	1	5090490
1	0.446809	0.806769	4106850
1	1	1	5090490
1	1	1	5090490
0.541319	0.459095	0.594513	3026360
0.0960678	0.459095	0.181762	925260
0.0545455	1	0.213203	1085310
0.0645161	1	0.241345	1228560
1	1	1	5090490
1	1	1	5090490
1	0.481481	0.83339	4242370
1	0.487179	0.837521	4263390
0.06	0.46	0.126682	644875
1	1	1	5090490
1	1	1	5090490
1	1	1	5090490
1	1	1	5090490
1	0.481481	0.83339	4242370
1	1	1	5090490
1	1	1	5090490
1	1	1	5090490
1	1	1	5090490
1	0.459459	0.816783	4157830
1	0.47541	0.828914	4219580
1	0.483871	0.835131	4251230
1	0.47541	0.828914	4219580
1	1	1	5090490
1	0.487805	0.837971	4265680
1	0.372881	0.740727	3770660
1	1	1	5090490
1	0.491803	0.840824	4280210
1	1	1	5090490
0.0881954	1	0.302351	1539120
1	0.473684	0.827628	4213030
0.097561	1	0.324612	1652440
0.48358	1	0.83492	4250150
1	0.492694	0.841456	4283420
1	1	1	5090490
0.22634	0.29296	0.246233	1253450
0.18426	0.29598	0.213179	1085190
0.1807	0.29296	0.208503	1061380
0.433512	0.29296	0.389077	1980590
1	0.290052	0.649048	3303980
0.472289	0.208297	0.326507	1662080
1	0.46875	0.823915	4194130
1	1	1	5090490
1	0.491525	0.840627	4279210
1	1	1	5090490
1	1	1	5090490
1	0.446154	0.806241	4104160
0.152157	1	0.438644	2232920
1	0.466667	0.822332	4186070
1	1	1	5090490
1	1	1	5090490
1	1	1	5090490
1	1	1	5090490
0.124884	1	0.38469	1958260
1	1	1	5090490
1	0.492063	0.841009	4281150
1	0.470588	0.825304	4201200
1	0.40678	0.772671	3933280
1	0.44186	0.802755	4086420
0.0512821	0.410256	0.102278	520644
1	0.409836	0.775409	3947210
1	0.509059	0.852771	4341020
1	1	1	5090490
1	0.500907	0.847202	4312670
1	0.425	0.788658	4014660
1	1	1	5090490
1	0.488889	0.838748	4269640
1	0.488889	0.838748	4269640
1	0.28201	0.638981	3252730
1	0.42	0.78435	3992730
1	0.449275	0.808749	4116930
0.0169492	0.491525	0.0482176	245451
1	1	1	5090490
0.0666667	1	0.247203	1258390
1	0.418605	0.783137	3986550
1	0.454545	0.812935	4138240
1	0.516517	0.857752	4366380
1	0.45	0.809328	4119880
1	1	1	5090490
1	1	1	5090490
1	0.481481	0.83339	4242370
1	1	1	5090490
1	0.477273	0.830296	4226610
1	1	1	5090490
1	1	1	5090490
1	0.425532	0.789113	4016970
1	1	1	5090490
1	1	1	5090490
1	1	1	5090490
1	1	1	5090490
1	0.491803	0.840824	4280210
1	1	1	5090490
1	1	1	5090490
1	1	1	5090490
0.185185	1	0.497481	2532420
0.0483871	1	0.194928	992282
0.0322581	1	0.143032	728102
1	1	1	5090490
1	1	1	5090490
0.0350877	1	0.152628	776953
1	0.491525	0.840627	4279210
1	1	1	5090490
1	1	1	5090490
1	0.488889	0.838748	4269640
1	1	1	5090490
1	0.4	0.766516	3901940
1	0.490196	0.839681	4274390
1	1	1	5090490
1	1	1	5090490
1	0.422222	0.786272	4002510
1	0.387097	0.754483	3840690
1	0.38806	0.755395	3845330
1	1	1	5090490
1	1	1	5090490
1	1	1	5090490
1	1	1	5090490
1	0.45	0.809328	4119880
1	1	1	5090490
1	0.311111	0.674366	3432850
1	0.487179	0.837521	4263390
0.078125	1	0.2773	1411600
0.2794	0.599496	0.466782	2376150
1	1	1	5090490
1	1	1	5090490
1	0.468085	0.823411	4191570
1	1	1	5090490
1	0.446429	0.806462	4105290
1	1	1	5090490
1	1	1	5090490
1	0.454545	0.812935	4138240
1	0.461538	0.818395	4166030
1	0.455882	0.813987	4143590
0.355263	1	0.722924	3680040
0.363032	0.684278	0.594371	3025640
0.53781	0.684278	0.735891	3746050
0.363032	0.684278	0.594371	3025640
0.363032	0.684278	0.594371	3025640
0.363032	0.684278	0.594371	3025640
1	1	1	5090490
1	0.453333	0.811978	4133370
1	1	1	5090490
1	1	1	5090490
1	0.497787	0.845035	4301640
1	1	1	5090490
1	1	1	5090490
1	0.0403226	0.169792	864325
1	0.440678	0.801788	4081490
1	1	1	5090490
1	1	1	5090490
1	1	1	5090490
1	0.472222	0.826533	4207460
1	0.491228	0.840416	4278130
1	0.462963	0.819495	4171630
1	0.479167	0.831693	4233720
1	1	1	5090490
1	1	1	5090490
1	1	1	5090490
1	1	1	5090490
0.113636	0.454545	0.204711	1042080
1	0.454545	0.812935	4138240
1	0.451613	0.810613	4126420
1	1	1	5090490
1	0.382979	0.750552	3820680
1	0.501279	0.847458	4313980
0.103896	0.454545	0.191397	974302
1	0.444444	0.804858	4097120
1	1	1	5090490
0.251515	1	0.598669	3047520
1	1	1	5090490
0.184211	1	0.495835	2524040
1	0.474576	0.828294	4216420
1	1	1	5090490
1	0.428571	0.791699	4030140
1	0.475	0.828609	4218030
0.0612245	0.44898	0.126282	642837
1	0.466667	0.822332	4186070
0.488068	1	0.83816	4266640
1	1	1	5090490
1	1	1	5090490
0.336349	0.750815	0.600076	3054680
1	0.730753	0.959975	4886750
1	0.730753	0.959975	4886750
1	1	1	5090490
0.08	1	0.282058	1435820
0.145833	0.479167	0.255825	1302270
1	0.447368	0.807219	4109140
1	1	1	5090490
1	0.451613	0.810613	4126420
1	0.494118	0.842462	4288540
1	1	1	5090490
1	0.479167	0.831693	4233720
1	1	1	5090490
1	1	1	5090490
1	1	1	5090490
1	1	1	5090490
1	1	1	5090490
1	1	1	5090490
1	0.485714	0.836465	4258020
1	1	1	5090490
0.0769231	1	0.274227	1395950
1	0.468085	0.823411	4191570
1	1	1	5090490
1	1	1	5090490
1	1	1	5090490
1	0.418182	0.782769	3984680
1	0.492308	0.841182	4282030
1	1	1	5090490
1	0.461538	0.818395	4166030
1	1	1	5090490
1	1	1	5090490
1	0.48	0.832305	4236840
1	0.471698	0.82614	4205460
1	1	1	5090490
1	0.428571	0.791699	4030140
1	0.490566	0.839945	4275730
0.0588235	1	0.225483	1147820
1	1	1	5090490
0.0666667	0.488889	0.144179	733941
1	1	1	5090490
1	1	1	5090490
1	1	1	5090490
1	0.479167	0.831693	4233720
1	1	1	5090490
1	1	1	5090490
1	0.468085	0.823411	4191570
1	0.102084	0.335036	1705500
1	0.102084	0.335036	1705500
1	0.102084	0.335036	1705500
1	0.102084	0.335036	1705500
1	0.453125	0.811813	4132530
1	0.453125	0.811813	4132530
1	0.458333	0.815906	4153360
1	0.42	0.78435	3992730
1	0.120669	0.375848	1913250
1	0.477273	0.830296	4226610
1	1	1	5090490
1	0.454545	0.812935	4138240
1	0.477273	0.830296	4226610
1	0.452381	0.811223	4129530
1	0.221987	0.556108	2830860
1	1	1	5090490
1	0.469388	0.824398	4196590
1	0.391304	0.758453	3860900
1	1	1	5090490
1	0.000954099	0.00758961	38634.9
0.0694444	0.458333	0.141555	720582
1	1	1	5090490
1	1	1	5090490
1	1	1	5090490
1	0.478261	0.831026	4230330
1	1	1	5090490
1	0.421875	0.785973	4000990
1	0.459459	0.816783	4157830
1	1	1	5090490
1	1	1	5090490
1	1	1	5090490
1	0.428571	0.791699	4030140
1	0.482143	0.833873	4244820
1	0.46	0.817203	4159970
1	0.457627	0.815355	4150550
1	1	1	5090490
0.27439	1	0.629233	3203100
1	1	1	5090490
1	0.457143	0.814976	4148630
0.191837	1	0.50858	2588920
1	0.425532	0.789113	4016970
1	0.471429	0.825937	4204430
1	1	1	5090490
1	0.413793	0.77892	3965080
1	1	1	5090490
1	1	1	5090490
1	1	1	5090490
1	1	1	5090490
1	1	1	5090490
0.0571429	1	0.220697	1123460
0.0222222	1	0.106815	543739
1	0.477273	0.830296	4226610
0.0655738	0.491803	0.143002	727951
1	0.474576	0.828294	4216420
1	0.395349	0.762227	3880110
1	0.434783	0.796917	4056700
1	1	1	5090490
1	0.428571	0.791699	4030140
1	0.489879	0.839455	4273240
1	1	1	5090490
1	1	1	5090490
1	0.27337	0.627911	3196380
1	0.27337	0.627911	3196380
0.315476	0.256772	0.284591	1448710
1	0.461538	0.818395	4166030
0.135468	1	0.406271	2068120
1	0.151596	0.437587	2227530
1	1	1	5090490
1	1	1	5090490
1	1	1	5090490
1	0.232558	0.571771	2910590
1	1	1	5090490
1	0.454545	0.812935	4138240
1	1	1	5090490
1	1	1	5090490
1	0.44186	0.802755	4086420
1	0.497886	0.845104	4301990
0.162791	1	0.458303	2332990
1	0.490196	0.839681	4274390
1	1	1	5090490
1	1	1	5090490
1	1	1	5090490
1	1	1	5090490
0.0625	1	0.235787	1200270
1	0.454545	0.812935	4138240
1	1	1	5090490
0.0545455	1	0.213203	1085310
1	1	1	5090490
0.2	1	0.521888	2656660
1	1	1	5090490
1	0.473684	0.827628	4213030
1	1	1	5090490
0.108108	1	0.348608	1774590
1	1	1	5090490
0.0540541	0.495495	0.123739	629893
1	1	1	5090490
1	1	1	5090490
1	0.484848	0.835839	4254830
0.037037	0.444444	0.084062	427917
0.0441176	0.455882	0.0986801	502330
0.0333333	0.466667	0.0803186	408861
1	0.469388	0.824398	4196590
1	0.245009	0.589605	3001380
1	1	1	5090490
1	0.459016	0.816438	4156070
1	1	1	5090490
1	0.479167	0.831693	4233720
1	1	1	5090490
1	0.466667	0.822332	4186070
1	0.47541	0.828914	4219580
1	0.466667	0.822332	4186070
1	1	1	5090490
1	1	1	5090490
1	0.482143	0.833873	4244820
1	1	1	5090490
1	1	1	5090490
1	1	1	5090490
1	0.489362	0.839086	4271360
0.222222	1	0.556462	2832660
1	1	1	5090490
1	0.47541	0.828914	4219580
0.0666667	0.483333	0.142909	727476
1	0.491525	0.840627	4279210
1	0.483333	0.83474	4249240
0.122024	1	0.378706	1927800
0.534737	0.060168	0.142743	726634
1	0.644623	0.92767	4722300
1	1	1	5090490
1	0.428571	0.791699	4030140
1	1	1	5090490
1	0.237705	0.579222	2948520
0.105263	1	0.342241	1742180
1	1	1	5090490
1	1	1	5090490
1	1	1	5090490
1	1	1	5090490
1	0.457143	0.814976	4148630
1	0.484848	0.835839	4254830
1	0.462963	0.819495	4171630
1	1	1	5090490
1	0.16221	0.457248	2327620
1	0.492908	0.841607	4284190
1	1	1	5090490
1	1	1	5090490
1	1	1	5090490
1	1	1	5090490
1	0.453125	0.811813	4132530
1	1	1	5090490
1	1	1	5090490
1	1	1	5090490
1	0.45098	0.81011	4123860
1	0.416667	0.781445	3977940
1	0.416667	0.781445	3977940
1	0.416667	0.781445	3977940
1	0.416667	0.781445	3977940
1	0.458333	0.815906	4153360
1	1	1	5090490
0.111111	1	0.355247	1808380
1	1	1	5090490
1	1	1	5090490
1	1	1	5090490
0.105263	1	0.342241	1742180
1	0.488889	0.838748	4269640
1	1	1	5090490
0.0357143	0.464286	0.0845574	430439
1	1	1	5090490
1	1	1	5090490
1	1	1	5090490
1	0.471698	0.82614	4205460
1	0.504377	0.849588	4324820
1	0.47541	0.828914	4219580
1	1	1	5090490
1	1	1	5090490
1	1	1	5090490
1	0.484375	0.835496	4253090
1	0.44898	0.808513	4115730
1	0.490909	0.840189	4276980
0.0641026	1	0.24021	1222790
1	1	1	5090490
1	0.456522	0.814489	4146150
1	1	1	5090490
1	1	1	5090490
1	0.488889	0.838748	4269640
1	1	1	5090490
1	1	1	5090490
1	0.465116	0.821148	4180050
0.0727273	0.454545	0.145768	742033
1	1	1	5090490
1	1	1	5090490
1	1	1	5090490
1	1	1	5090490
1	0.491228	0.840416	4278130
1	1	1	5090490
1	1	1	5090490
0.0714286	1	0.259933	1323180
1	1	1	5090490
0.0634921	1	0.23853	1214230
1	0.478261	0.831026	4230330
1	0.483871	0.835131	4251230
0.0697674	1	0.255529	1300770
1	1	1	5090490
0.0714286	1	0.259933	1323180
1	1	1	5090490
1	0.481481	0.83339	4242370
1	0.471698	0.82614	4205460
0.294118	0.411765	0.376774	1917970
1	0.489362	0.839086	4271360
1	0.48	0.832305	4236840
1	1	1	5090490
1	1	1	5090490
0.0810811	1	0.284782	1449680
0.197822	1	0.518371	2638760
1	1	1	5090490
0.295983	1	0.656329	3341030
1	1	1	5090490
1	0.454545	0.812935	4138240
1	1	1	5090490
0.0344828	1	0.150596	766610
1	1	1	5090490
1	1	1	5090490
1	1	1	5090490
1	1	1	5090490
1	1	1	5090490
1	0.425926	0.789449	4018680
1	0.404762	0.770851	3924010
1	0.454545	0.812935	4138240
1	1	1	5090490
1	0.44	0.801231	4078660
1	0.470588	0.825304	4201200
1	1	1	5090490
1	1	1	5090490
1	1	1	5090490
1	1	1	5090490
0.176136	1	0.481997	2453600
1	0.475	0.828609	4218030
1	1	1	5090490
1	1	1	5090490
1	0.489362	0.839086	4271360
0.0655738	1	0.244235	1243270
1	0.490566	0.839945	4275730
1	1	1	5090490
1	0.45614	0.81419	4144630
1	1	1	5090490
1	1	1	5090490
1	0.517114	0.858146	4368390
0.162791	1	0.458303	2332990
1	1	1	5090490
1	0.438596	0.800077	4072780
1	1	1	5090490
1	0.465116	0.821148	4180050
0.12	0.44	0.208098	1059320
1	1	1	5090490
0.0408163	1	0.171374	872380
1	1	1	5090490
1	0.418182	0.782769	3984680
1	0.473684	0.827628	4213030
0.101695	0.389831	0.167607	853201
0.0655738	0.491803	0.143002	727951
1	1	1	5090490
0.0526316	1	0.207602	1056800
1	0.473684	0.827628	4213030
1	0.413793	0.77892	3965080
1	1	1	5090490
0.118644	1	0.371549	1891370
1	0.231235	0.569838	2900750
0.378738	1	0.746458	3799840
1	0.00756705	0.0445242	226650
1	0.489362	0.839086	4271360
0.0681818	0.477273	0.144003	733048
0.0227273	0.477273	0.0599179	305011
0.0181818	1	0.0910424	463451
1	1	1	5090490
1	1	1	5090490
1	1	1	5090490
1	1	1	5090490
0.556025	0.0378919	0.102394	521234
1	1	1	5090490
0.107143	1	0.346456	1763630
0.404935	1	0.771008	3924810
1	0.747732	0.965106	4912860
0.085934	0.790605	0.250639	1275880
1	0.611349	0.912186	4643480
1	0.64703	0.928723	4727650
1	0.650009	0.930013	4734220
0.682445	0.650009	0.804168	4093610
0.0510796	0.650009	0.14626	744537
0.440795	0.818167	0.728452	3708180
0.453124	1	0.811812	4132520
0.160987	1	0.455018	2316270
0.455057	1	0.813338	4140290
0.161257	1	0.455512	2318780
1	1	1	5090490
0.152648	0.820238	0.385363	1961690
1	1	1	5090490
1	1	1	5090490
0.453225	1	0.811892	4132930
1	1	1	5090490
0.0230706	1	0.110028	560098
0.00972319	1	0.0547731	278822
0.428706	0.797821	0.70898	3609050
1	0.795714	0.977547	4976190
1	1	1	5090490
1	1	1	5090490
0.353062	1	0.720639	3668400
0.183438	1	0.494527	2517380
0.0801251	0.733892	0.225425	1147530
1	0.444444	0.804858	4097120
0.132353	1	0.400008	2036240
1	1	1	5090490
0.385033	0.654565	0.599378	3051130
0.0535714	1	0.210361	1070840
1	1	1	5090490
1	0.477273	0.830296	4226610
0.159091	1	0.451544	2298580
1	0.44186	0.802755	4086420
1	0.470588	0.825304	4201200
1	0.451613	0.810613	4126420
1	0.488889	0.838748	4269640
1	0.45614	0.81419	4144630
0.127869	1	0.390863	1989690
1	1	1	5090490
1	1	1	5090490
1	0.456522	0.814489	4146150
1	0.467742	0.82315	4190240
1	1	1	5090490
1	0.409836	0.775409	3947210
1	0.478261	0.831026	4230330
0.02	1	0.0982405	500092
1	1	1	5090490
1	1	1	5090490
1	0.466667	0.822332	4186070
1	0.490566	0.839945	4275730
1	1	1	5090490
0.183508	0.488966	0.306062	1558010
0.490633	1	0.839993	4275970
0.395102	0.738026	0.650954	3313680
0.375181	0.744548	0.63559	3235470
1	0.742459	0.963554	4904960
0.177031	0.779783	0.411399	2094220
1	0.776567	0.972939	4952740
1	0.806675	0.979977	4988560
0.0394919	1	0.167116	850703
1	1	1	5090490
0.314698	1	0.678533	3454070
0.00208306	1	0.0149437	76070.8
0.164288	1	0.461014	2346790
0.0223406	0.816249	0.0912573	464545
0.476894	1	0.830015	4225180
0.115282	0.816249	0.316493	1611100
0.0132746	0.812312	0.0596284	303538
1	0.782454	0.974406	4960200
1	0.77993	0.973783	4957030
0.110994	1	0.354989	1807070
0.261905	0.484078	0.388624	1978290
0.495818	0.769745	0.749278	3814190
1	0.570046	0.890434	4532740
1	0.570046	0.890434	4532740
1	0.381873	0.749489	3815270
1	0.542124	0.874045	4449320
1	0.542124	0.874045	4449320
1	0.542124	0.874045	4449320
1	0.542124	0.874045	4449320
0.132765	0.560006	0.267581	1362120
0.296296	0.561202	0.464603	2365060
1	1	1	5090490
0.591796	0.430233	0.602923	3069170
0.156122	1	0.446058	2270650
1	1	1	5090490
1	1	1	5090490
1	1	1	5090490
0.0232558	0.44186	0.0573182	291778
1	0.468085	0.823411	4191570
1	0.428571	0.791699	4030140
1	1	1	5090490
0.0454545	1	0.185956	946610
1	0.483333	0.83474	4249240
0.178543	1	0.48616	2474790
1	1	1	5090490
1	0.372093	0.739948	3766700
1	1	1	5090490
1	1	1	5090490
1	0.4926	0.84139	4283090
1	0.44186	0.802755	4086420
1	0.390244	0.757457	3855830
1	0.469388	0.824398	4196590
1	1	1	5090490
1	1	1	5090490
1	1	1	5090490
1	1	1	5090490
1	1	1	5090490
1	1	1	5090490
1	1	1	5090490
1	0.482143	0.833873	4244820
1	0.44898	0.808513	4115730
1	1	1	5090490
1	0.486842	0.837279	4262160
1	0.4375	0.799172	4068180
1	1	1	5090490
1	1	1	5090490
1	1	1	5090490
1	0.464286	0.820511	4176810
0.0761689	1	0.272289	1386080
0.02	1	0.0982405	500092
1	1	1	5090490
1	0.470588	0.825304	4201200
1	0.483333	0.83474	4249240
1	1.06956e-05	0.000133115	677.618
1	0.482143	0.833873	4244820
0.1	1	0.330259	1681180
1	0.484848	0.835839	4254830
1	1	1	5090490
1	1	1	5090490
1	1	1	5090490
1	1	1	5090490
1	1	1	5090490
1	0.448276	0.807948	4112850
1	0.46875	0.823915	4194130
1	0.486111	0.836752	4259480
1	0.457143	0.814976	4148630
1	0.432432	0.794953	4046700
1	1	1	5090490
1	0.190799	0.506865	2580190
0.107071	1	0.346295	1762810
1	1	1	5090490
1	0.433333	0.795707	4050540
1	1	1	5090490
1	1	1	5090490
1	0.480519	0.832686	4238780
1	1	1	5090490
1	1	1	5090490
1	1	1	5090490
1	1	1	5090490
1	1	1	5090490
1	0.491228	0.840416	4278130
1	0.470588	0.825304	4201200
0.05	0.45	0.10787	549113
1	0.45283	0.81158	4131340
1	0.454545	0.812935	4138240
1	0.11828	0.370771	1887410
1	0.467742	0.82315	4190240
1	1	1	5090490
1	1	1	5090490
1	0.444444	0.804858	4097120
1	1	1	5090490
1	0.465116	0.821148	4180050
1	1	1	5090490
1	1	1	5090490
1	1	1	5090490
1	1	1	5090490
1	1	1	5090490
0.046875	1	0.190325	968849
1	1	1	5090490
1	1	1	5090490
0.0508475	1	0.202318	1029900
0.123912	1	0.382663	1947940
0.164662	1	0.46169	2350230
1	1	1	5090490
0.0952381	0.47619	0.185638	944987
1	0.106942	0.346007	1761350
1	1	1	5090490
1	1	1	5090490
1	0.493213	0.841823	4285290
0.0338983	1	0.148623	756566
0.0689655	1	0.25339	1289880
0.0350877	1	0.152628	776953
1	1	1	5090490
1	0.491228	0.840416	4278130
0.0212766	1	0.103195	525311
0.106383	1	0.344756	1754980
1	1	1	5090490
1	0.493151	0.841779	4285070
1	0.464286	0.820511	4176810
1	1	1	5090490
1	1	1	5090490
0.0625	1	0.235787	1200270
1	1	1	5090490
1	1	1	5090490
1	1	1	5090490
1	1	1	5090490
1	0.490196	0.839681	4274390
1	1	1	5090490
1	1	1	5090490
0.031746	0.492063	0.0805912	410249
0.114754	0.442623	0.202155	1029070
0.271285	1	0.625199	3182570
1	0.479167	0.831693	4233720
0.031746	0.492063	0.0805912	410249
1	1	1	5090490
1	0.416667	0.781445	3977940
1	0.470588	0.825304	4201200
1	1	1	5090490
0.169173	1	0.469765	2391340
1	0.234043	0.573931	2921590
1	0.468085	0.823411	4191570
1	1	1	5090490
0.0377358	1	0.161402	821614
1	1	1	5090490
1	1	1	5090490
1	0.490909	0.840189	4276980
1	0.45614	0.81419	4144630
1	1	1	5090490
1	1	1	5090490
0.0461538	1	0.188113	957586
1	0.457627	0.815355	4150550
1	0.479167	0.831693	4233720
1	1	1	5090490
1	1	1	5090490
1	0.462687	0.819282	4170550
1	1	1	5090490
1	1	1	5090490
1	1	1	5090490
1	0.242424	0.585955	2982800
0.177131	1	0.483721	2462380
0.560669	1	0.885086	4505520
0.177131	1	0.483721	2462380
0.164835	1	0.462002	2351810
1	1	1	5090490
0.454545	1	0.812935	4138240
1	0.409836	0.775409	3947210
1	0.481481	0.83339	4242370
1	1	1	5090490
0.205128	0.461538	0.317852	1618020
1	0.375	0.742811	3781270
1	1	1	5090490
1	0.451613	0.810613	4126420
1	1	1	5090490
1	0.472727	0.826912	4209390
1	1	1	5090490
1	1	1	5090490
1	0.489362	0.839086	4271360
1	0.472727	0.826912	4209390
1	1	1	5090490
1	1	1	5090490
1	1	1	5090490
1	1	1	5090490
1	0.432836	0.795291	4048420
1	0.482143	0.833873	4244820
1	1	1	5090490
1	1	1	5090490
1	0.425926	0.789449	4018680
1	1	1	5090490
1	1	1	5090490
1	1	1	5090490
1	0.492017	0.840976	4280980
1	1	1	5090490
1	1	1	5090490
1	0.482759	0.834322	4247110
0.192308	1	0.509357	2592880
1	0.413793	0.77892	3965080
0.0566038	1	0.219152	1115590
1	0.446809	0.806769	4106850
1	0.459459	0.816783	4157830
1	1	1	5090490
1	1	1	5090490
1	0.479167	0.831693	4233720
1	1	1	5090490
1	0.380952	0.748602	3810750
1	0.489489	0.839177	4271820
1	1	1	5090490
1	0.00236367	0.0166581	84797.8
1	1	1	5090490
1	1	1	5090490
1	1	1	5090490
1	1	1	5090490
1	0.492063	0.841009	4281150
1	1	1	5090490
1	1	1	5090490
1	1	1	5090490
1	0.454545	0.812935	4138240
1	0.458333	0.815906	4153360
0.0625	0.458333	0.130417	663888
0.115385	1	0.364556	1855770
1	0.490566	0.839945	4275730
1	0.486486	0.837022	4260860
1	1	1	5090490
1	0.474576	0.828294	4216420
1	1	1	5090490
0.0882353	1	0.302448	1539610
1	1	1	5090490
0.256871	1	0.606005	3084860
1	1	1	5090490
0.0175439	0.491228	0.0495873	252424
1	1	1	5090490
1	0.404762	0.770851	3924010
1	0.44	0.801231	4078660
1	0.469388	0.824398	4196590
1	1	1	5090490
1	1	1	5090490
1	1	1	5090490
1	0.493333	0.841908	4285720
1	0.492958	0.841642	4284370
0.15129	0.49256	0.268023	1364370
1	1	1	5090490
1	1	1	5090490
0.348837	1	0.716215	3645890
1	1	1	5090490
1	0.488889	0.838748	4269640
1	0.454545	0.812935	4138240
1	1	1	5090490
1	0.235294	0.575746	2930830
1	1	1	5090490
1	1	1	5090490
0.136364	1	0.408059	2077220
1	0.489796	0.839396	4272940
1	1	1	5090490
1	1	1	5090490
0.0652174	1	0.243263	1238330
0.321637	0.48538	0.446049	2270610
0.0999416	1	0.330124	1680490
1	1	1	5090490
1	1	1	5090490
0.136364	0.454545	0.234353	1192970
0.136364	1	0.408059	2077220
1	1	1	5090490
1	1	1	5090490
0.0769231	1	0.274227	1395950
1	1	1	5090490
1	0.459016	0.816438	4156070
1	0.482759	0.834322	4247110
1	0.490909	0.840189	4276980
0.142857	1	0.420844	2142300
1	1	1	5090490
1	0.48	0.832305	4236840
1	1	1	5090490
0.062004	1	0.23441	1193260
1	1	1	5090490
0.12	1	0.374432	1906040
0.493921	1	0.842323	4287840
0.339623	0.773371	0.613801	3124550
0.15	0.789471	0.371073	1888940
0.431034	1	0.793779	4040720
1	1	1	5090490
1	1	1	5090490
0.497301	1	0.844696	4299920
1	1	1	5090490
1	1	1	5090490
1	1	1	5090490
1	1	1	5090490
1	0.482143	0.833873	4244820
1	1	1	5090490
1	1	1	5090490
1	1	1	5090490
1	1	1	5090490
1	1	1	5090490
0.0392157	1	0.166223	846155
1	0.3125	0.675985	3441090
1	1	1	5090490
1	0.44	0.801231	4078660
1	1	1	5090490
1	1	1	5090490
0.131332	0.774778	0.334279	1701650
0.036926	0.838262	0.138526	705165
1	0.495238	0.84325	4292560
1	0.317725	0.682018	3471810
0.234949	0.307074	0.261824	1332810
1	0.0666635	0.247195	1258340
0.282051	1	0.639034	3253000
1	1	1	5090490
1	1	1	5090490
1	1	1	5090490
1	1	1	5090490
1	1	1	5090490
1	1	1	5090490
0.0922619	1	0.312133	1588910
0.136821	1	0.408969	2081850
1	0.421053	0.785262	3997370
1	1	1	5090490
1	1	1	5090490
1	1	1	5090490
1	0.461538	0.818395	4166030
1	1	1	5090490
1	0.487179	0.837521	4263390
1	0.48	0.832305	4236840
1	0.45	0.809328	4119880
0.183508	1	0.494645	2517980
1	0.465116	0.821148	4180050
0.269231	1	0.622512	3168890
1	0.484375	0.835496	4253090
1	1	1	5090490
1	0.495136	0.843178	4292190
0.0483871	0.483871	0.111317	566657
1	0.483871	0.835131	4251230
0.0147059	1	0.0767575	390733
1	0.461538	0.818395	4166030
1	1	1	5090490
1	1	1	5090490
1	0.442308	0.80312	4088270
1	0.459459	0.816783	4157830
1	1	1	5090490
1	0.492754	0.841498	4283640
0.0923077	1	0.312243	1589470
1	0.435484	0.797501	4059670
1	1	1	5090490
0.0701754	1	0.256615	1306290
1	0.387097	0.754483	3840690
1	0.491525	0.840627	4279210
1	0.463768	0.820114	4174780
1	0.464286	0.820511	4176810
1	0.467742	0.82315	4190240
1	0.110444	0.35378	1800910
1	0.491228	0.840416	4278130
1	0.491228	0.840416	4278130
1	0.0966155	0.322408	1641210
0.0491803	1	0.197324	1004480
1	1	1	5090490
1	0.489796	0.839396	4272940
1	1	1	5090490
0.04	0.4	0.0821627	418248
1	1	1	5090490
0.0919158	1	0.311308	1584710
0.0888889	0.488889	0.179737	914948
1	1	1	5090490
0.0178571	1	0.0897384	456813
1	1	1	5090490
1	0.452055	0.810965	4128210
1	0.471698	0.82614	4205460
1	0.448276	0.807948	4112850
1	0.482759	0.834322	4247110
1	0.483871	0.835131	4251230
1	0.214701	0.545021	2774420
1	0.462687	0.819282	4170550
1	0.167634	0.467024	2377380
1	0.4375	0.799172	4068180
0.0238095	1	0.112802	574216
1	1	1	5090490
1	0.47619	0.829494	4222530
1	1	1	5090490
1	0.462687	0.819282	4170550
0.0672122	1	0.248678	1265890
1	1	1	5090490
1	1	1	5090490
1	1	1	5090490
0.295455	1	0.655685	3337760
1	0.44186	0.802755	4086420
1	1	1	5090490
1	0.480769	0.832869	4239710
1	0.461538	0.818395	4166030
1	1	1	5090490
1	0.484375	0.835496	4253090
1	1	1	5090490
1	1	1	5090490
1	1	1	5090490
1	1	1	5090490
0.0909091	1	0.3089	1572450
1	0.470588	0.825304	4201200
1	1	1	5090490
1	1	1	5090490
1	1	1	5090490
1	1	1	5090490
0.113208	0.45283	0.203557	1036200
1	1	1	5090490
1	1	1	5090490
1	1	1	5090490
1	1	1	5090490
1	0.489362	0.839086	4271360
1	0.486111	0.836752	4259480
1	1	1	5090490
1	0.470588	0.825304	4201200
1	1	1	5090490
1	0.470588	0.825304	4201200
1	1	1	5090490
1	0.472727	0.826912	4209390
0.191827	1	0.508565	2588840
1	1	1	5090490
0.458237	1	0.815831	4152980
0.556826	1	0.882849	4494140
1	1	1	5090490
0.546252	1	0.876557	4462100
1	1	1	5090490
1	0.771195	0.971562	4945730
0.246477	0.571924	0.417152	2123510
0.417237	0.771195	0.686632	3495290
0.207655	0.58256	0.376488	1916510
0.375052	0.777541	0.650982	3313820
0.229255	0.777086	0.485483	2471350
1	0.779228	0.973608	4956140
0.224681	0.779228	0.480155	2444220
1	0.777541	0.973185	4953990
0.344402	0.776548	0.620162	3156930
1	0.299042	0.660037	3359910
1	0.304792	0.666923	3394970
0.266667	0.297257	0.280208	1426390
0.263158	0.301875	0.280644	1428610
0.167568	0.301875	0.201534	1025910
0.280716	0.301875	0.293895	1496070
0.317414	0.307284	0.324555	1652140
0.168515	0.435231	0.264959	1348770
1	0.432242	0.794794	4045890
0.0457965	1	0.187012	951985
1	1	1	5090490
0.535341	1	0.869849	4427960
0.153511	1	0.441187	2245860
0.251654	1	0.598861	3048500
0.227715	1	0.564656	2874380
0.153511	1	0.441187	2245860
0.578205	1	0.894961	4555790
0.423338	1	0.787233	4007400
0.122101	1	0.378868	1928620
0.0359484	1	0.155501	791576
1	1	1	5090490
1	0.504931	0.849967	4326750
0.22619	0.501133	0.360148	1833330
0.100418	0.501133	0.200753	1021930
0.362963	0.496069	0.488758	2488020
0.169362	0.330525	0.217352	1106430
1	0.504215	0.849477	4324260
0.0732085	0.510355	0.160176	815373
1	0.736345	0.961708	4895570
1	0.521116	0.860771	4381740
0.0574351	0.740366	0.176798	899990
0.049682	0.346318	0.0871044	443404
0.472479	0.116609	0.2148	1093440
0.0046208	0.0708737	0.00295531	15044
1	0.0575314	0.221808	1129110
0.4399	0.127126	0.217192	1105610
0.438697	0.60802	0.619227	3152170
0.0121701	0.378414	0.0293845	149581
1	1	1	5090490
1	1	1	5090490
1	1	1	5090490
1	1	1	5090490
1	0.474576	0.828294	4216420
1	1	1	5090490
1	0.489796	0.839396	4272940
1	1	1	5090490
1	1	1	5090490
1	1	1	5090490
1	1	1	5090490
1	1	1	5090490
1	0.47619	0.829494	4222530
0.115013	1	0.363753	1851680
0.030303	1	0.136258	693619
1	1	1	5090490
0.178197	1	0.485563	2471750
1	0.433962	0.796233	4053220
0.174825	1	0.479715	2441980
1	0.434783	0.796917	4056700
1	1	1	5090490
1	0.460317	0.81745	4161220
0.037037	1	0.159105	809923
1	1	1	5090490
1	1	1	5090490
1	1	1	5090490
1	1	1	5090490
1	1	1	5090490
0.35	1	0.717438	3652110
0.00420827	1	0.0272305	138616
1	1	1	5090490
1	0.491525	0.840627	4279210
1	1	1	5090490
0.0576923	1	0.222267	1131450
1	0.465517	0.821455	4181610
1	0.478261	0.831026	4230330
1	1	1	5090490
1	1	1	5090490
1	1	1	5090490
1	1	1	5090490
1	1	1	5090490
0.0645161	1	0.241345	1228560
1	1	1	5090490
1	1	1	5090490
1	1	1	5090490
1	0.493506	0.84203	4286350
1	0.377358	0.745117	3793010
0.486607	0.230655	0.357718	1820960
1	1	1	5090490
1	1	1	5090490
1	0.433333	0.795707	4050540
1	0.385965	0.753407	3835210
1	0.465753	0.821635	4182530
1	0.494912	0.843021	4291390
0.0697674	0.589985	0.172478	877996
0.265157	0.597561	0.45036	2292550
1	0.428571	0.791699	4030140
1	1	1	5090490
1	1	1	5090490
1	1	1	5090490
1	1	1	5090490
1	0.468085	0.823411	4191570
1	1	1	5090490
1	0.481013	0.833047	4240620
0.0897436	1	0.306097	1558190
1	0.490566	0.839945	4275730
1	1	1	5090490
1	1	1	5090490
1	0.47619	0.829494	4222530
1	0.213559	0.543261	2765460
0.0909091	1	0.3089	1572450
0.127273	1	0.389636	1983440
0.0377358	1	0.161402	821614
1	1	1	5090490
1	1	1	5090490
1	1	1	5090490
1	1	1	5090490
1	0.422222	0.786272	4002510
1	1	1	5090490
1	0.492308	0.841182	4282030
0.0923077	0.476923	0.181511	923979
1	0.491525	0.840627	4279210
1	1	1	5090490
1	1	1	5090490
1	1	1	5090490
0.0824468	1	0.288201	1467090
0.124884	1	0.38469	1958260
1	1	1	5090490
0.05	1	0.199787	1017010
1	1	1	5090490
0.0776471	1	0.27608	1405390
1	0.4375	0.799172	4068180
1	0.475	0.828609	4218030
1	0.482143	0.833873	4244820
1	1	1	5090490
1	0.431818	0.794438	4044080
1	1	1	5090490
1	0.337856	0.704476	3586130
1	0.478261	0.831026	4230330
0.04	1	0.168755	859046
1	1	1	5090490
1	1	1	5090490
1	1	1	5090490
0.04	1	0.168755	859046
1	0.26087	0.611409	3112370
1	1	1	5090490
1	1	1	5090490
0.0645161	1	0.241345	1228560
1	1	1	5090490
1	0.421053	0.785262	3997370
0.139535	0.44186	0.233438	1188310
1	1	1	5090490
1	0.482759	0.834322	4247110
1	0.460317	0.81745	4161220
1	0.488372	0.838377	4267750
1	1	1	5090490
1	0.454545	0.812935	4138240
1	0.425532	0.789113	4016970
1	0.473684	0.827628	4213030
1	1	1	5090490
1	1	1	5090490
1	1	1	5090490
1	1	1	5090490
1	1	1	5090490
1	0.490909	0.840189	4276980
1	1	1	5090490
1	0.414634	0.779661	3968860
1	0.490909	0.840189	4276980
1	1	1	5090490
0.075	1	0.26927	1370720
1	1	1	5090490
1	0.405405	0.771433	3926970
1	1	1	5090490
1	1	1	5090490
1	1	1	5090490
1	0.423729	0.787568	4009110
1	1	1	5090490
0.212121	0.424242	0.306693	1561220
1	1	1	5090490
0.0819672	1	0.287003	1460990
1	1	1	5090490
0.119898	1	0.374215	1904940
0.0695489	1	0.254947	1297810
1	1	1	5090490
1	0.465517	0.821455	4181610
0.0566038	1	0.219152	1115590
1	1	1	5090490
1	1	1	5090490
1	0.403846	0.770022	3919790
1	0.478261	0.831026	4230330
0.0425532	1	0.176894	900475
1	0.456522	0.814489	4146150
1	0.473684	0.827628	4213030
1	1	1	5090490
1	1	1	5090490
1	1	1	5090490
1	1	1	5090490
1	1	1	5090490
1	0.471698	0.82614	4205460
1	0.439024	0.800429	4074580
1	1	1	5090490
1	0.421053	0.785262	3997370
1	0.230769	0.569155	2897280
0.125	1	0.38493	1959480
1	0.469388	0.824398	4196590
0.117647	1	0.36942	1880530
0.116279	1	0.366484	1865580
1	1	1	5090490
1	1	1	5090490
1	0.465753	0.821635	4182530
1	0.482143	0.833873	4244820
0.0625	1	0.235787	1200270
0.0967742	1	0.322778	1643100
1	0.465116	0.821148	4180050
1	1	1	5090490
1	1	1	5090490
1	0.473684	0.827628	4213030
1	1	1	5090490
1	1	1	5090490
1	1	1	5090490
1	0.489362	0.839086	4271360
1	1	1	5090490
1	1	1	5090490
1	0.190799	0.506865	2580190
1	1	1	5090490
1	1	1	5090490
1	1	1	5090490
1	1	1	5090490
1	1	1	5090490
1	0.390244	0.757457	3855830
1	0.191919	0.508717	2589620
1	1	1	5090490
1	1	1	5090490
1	0.478261	0.831026	4230330
1	0.0122152	0.066024	336094
1	0.490612	0.839978	4275900
0.169173	1	0.469765	2391340
1	1	1	5090490
1	0.462963	0.819495	4171630
1	0.459016	0.816438	4156070
0.152632	1	0.439537	2237460
1	0.428571	0.791699	4030140
1	1	1	5090490
1	1	1	5090490
1	1	1	5090490
1	0.492063	0.841009	4281150
1	1	1	5090490
1	1	1	5090490
1	0.479167	0.831693	4233720
1	1	1	5090490
1	1	1	5090490
0.0731707	0.463415	0.148658	756740
1	1	1	5090490
0.0888889	0.488889	0.179737	914948
1	1	1	5090490
1	1	1	5090490
1	1	1	5090490
1	0.444444	0.804858	4097120
1	1	1	5090490
1	1	1	5090490
1	1	1	5090490
1	0.482759	0.834322	4247110
0.0761689	1	0.272289	1386080
0.184766	1	0.496774	2528820
0.0983051	1	0.326341	1661240
0.141414	1	0.418029	2127970
0.0707792	1	0.258216	1314450
0.06298	1	0.237116	1207040
0.169886	1	0.47103	2397780
0.06298	1	0.237116	1207040
0.0615385	0.415385	0.119289	607241
1	1	1	5090490
0.135135	0.459459	0.234646	1194460
1	0.481481	0.83339	4242370
1	0.466667	0.822332	4186070
0.274363	1	0.629198	3202930
1	1	1	5090490
1	0.45098	0.81011	4123860
1	0.465753	0.821635	4182530
1	1	1	5090490
1	1	1	5090490
1	0.469388	0.824398	4196590
1	1	1	5090490
1	0.46875	0.823915	4194130
1	0.490909	0.840189	4276980
1	1	1	5090490
1	1	1	5090490
1	1	1	5090490
1	0.489879	0.839455	4273240
1	1	1	5090490
0.119898	1	0.374215	1904940
1	0.457627	0.815355	4150550
0.0727273	0.454545	0.145768	742033
1	1	1	5090490
1	0.421875	0.785973	4000990
1	0.477273	0.830296	4226610
1	0.477273	0.830296	4226610
0.340909	0.477273	0.45815	2332210
1	1	1	5090490
0.196078	1	0.515537	2624340
1	1	1	5090490
0.0588235	1	0.225483	1147820
1	1	1	5090490
1	0.474576	0.828294	4216420
1	0.236842	0.57798	2942200
1	1	1	5090490
1	0.372881	0.740727	3770660
1	1	1	5090490
1	1	1	5090490
1	1	1	5090490
1	0.480769	0.832869	4239710
1	1	1	5090490
1	0.431034	0.793779	4040720
1	0.483333	0.83474	4249240
0.0754717	1	0.27049	1376930
1	1	1	5090490
1	1	1	5090490
0.0961538	1	0.321327	1635710
1	1	1	5090490
1	1	1	5090490
1	0.444444	0.804858	4097120
1	1	1	5090490
0.0740741	1	0.266866	1358480
1	0.4375	0.799172	4068180
1	0.466667	0.822332	4186070
0.151515	1	0.437435	2226760
1	1	1	5090490
1	1	1	5090490
1	1	1	5090490
1	0.46	0.817203	4159970
1	1	1	5090490
1	1	1	5090490
0.182796	1	0.493436	2511830
0.225015	1	0.560644	2853950
0.197822	1	0.518371	2638760
1	0.441176	0.802196	4083570
1	1	1	5090490
1	0.493088	0.841734	4284840
1	1	1	5090490
1	1	1	5090490
1	1	1	5090490
1	1	1	5090490
1	0.409091	0.774744	3943830
1	1	1	5090490
1	0.490566	0.839945	4275730
1	1	1	5090490
1	1	1	5090490
1	1	1	5090490
1	1	1	5090490
1	1	1	5090490
1	1	1	5090490
0.182796	1	0.493436	2511830
1	1	1	5090490
1	0.474576	0.828294	4216420
1	0.492308	0.841182	4282030
1	1	1	5090490
1	0.0903571	0.307574	1565700
1	1	1	5090490
1	1	1	5090490
0.04	1	0.168755	859046
0.0576923	0.403846	0.110887	564471
1	0.438596	0.800077	4072780
1	0.45283	0.81158	4131340
1	1	1	5090490
1	0.46875	0.823915	4194130
1	0.474576	0.828294	4216420
0.0672122	1	0.248678	1265890
1	1	1	5090490
1	1	1	5090490
1	1	1	5090490
1	0.498208	0.845328	4303140
1	1	1	5090490
0.0862069	1	0.2975	1514420
1	1	1	5090490
1	0.479167	0.831693	4233720
1	0.47619	0.829494	4222530
1	0.4	0.766516	3901940
1	1	1	5090490
1	1	1	5090490
1	1	1	5090490
0.0833333	1	0.290409	1478320
1	1	1	5090490
0.0714286	1	0.259933	1323180
1	1	1	5090490
1	0.470588	0.825304	4201200
1	1	1	5090490
1	1	1	5090490
1	0.500907	0.847202	4312670
1	0.486486	0.837022	4260860
1	0.475	0.828609	4218030
1	1	1	5090490
1	0.489796	0.839396	4272940
1	1	1	5090490
1	1	1	5090490
1	0.317908	0.682228	3472880
1	1	1	5090490
1	0.405405	0.771433	3926970
1	0.490566	0.839945	4275730
1	1	1	5090490
0.134301	1	0.403934	2056220
0.201128	1	0.5237	2665890
0.30791	1	0.670611	3413740
0.105195	1	0.342087	1741390
1	0.446429	0.806462	4105290
0.22	0.48	0.342999	1746030
1	0.4	0.766516	3901940
1	1	1	5090490
0.108696	1	0.349913	1781230
0.108696	1	0.349913	1781230
1	1	1	5090490
1	0.479167	0.831693	4233720
1	1	1	5090490
1	0.425532	0.789113	4016970
1	1	1	5090490
1	1	1	5090490
1	0.491765	0.840797	4280070
1	1	1	5090490
0.0666667	1	0.247203	1258390
1	1	1	5090490
1	0.491228	0.840416	4278130
1	0.488889	0.838748	4269640
1	0.457627	0.815355	4150550
1	0.458333	0.815906	4153360
0.0625	0.458333	0.130417	663888
1	1	1	5090490
1	1	1	5090490
0.115865	0.513369	0.227343	1157290
0.115865	0.513369	0.227343	1157290
1	1	1	5090490
1	0.480769	0.832869	4239710
1	0.431818	0.794438	4044080
1	0.45614	0.81419	4144630
1	1	1	5090490
1	0.492958	0.841642	4284370
1	1	1	5090490
1	0.388889	0.75618	3849330
1	0.483333	0.83474	4249240
0.248911	0.49492	0.381156	1940270
1	1	1	5090490
0.0428571	1	0.177852	905355
1	0.463415	0.819842	4173400
1	0.452381	0.811223	4129530
0.102941	1	0.336988	1715430
1	0.451613	0.810613	4126420
1	1	1	5090490
1	0.470588	0.825304	4201200
1	1	1	5090490
1	0.431034	0.793779	4040720
1	1	1	5090490
1	1	1	5090490
0.0217391	0.478261	0.0578721	294597
1	0.42623	0.789708	4020000
1	1	1	5090490
1	0.440678	0.801788	4081490
1	1	1	5090490
1	0.489796	0.839396	4272940
1	0.489796	0.839396	4272940
0.185185	1	0.497481	2532420
1	1	1	5090490
0.127273	0.490909	0.23573	1199980
1	1	1	5090490
0.171429	0.414286	0.258854	1317700
1	0.235849	0.576548	2934910
0.132075	0.490566	0.242099	1232400
1	0.110988	0.354976	1807000
0.207547	0.490566	0.334423	1702380
1	0.452381	0.811223	4129530
1	1	1	5090490
1	1	1	5090490
1	0.514799	0.856615	4360590
1	0.282392	0.639465	3255190
1	0.25	0.596574	3036850
1	0.466667	0.822332	4186070
0.163636	1	0.459836	2340790
0.315011	1	0.678895	3455910
1	1	1	5090490
1	1	1	5090490
0.210526	1	0.538557	2741520
1	1	1	5090490
1	1	1	5090490
1	1	1	5090490
0.285714	1	0.643647	3276480
1	1	1	5090490
1	1	1	5090490
1	0.414634	0.779661	3968860
1	0.45614	0.81419	4144630
1	0.466667	0.822332	4186070
1	1	1	5090490
0.0714286	1	0.259933	1323180
1	0.489796	0.839396	4272940
1	0.431373	0.794063	4042170
1	1	1	5090490
1	1	1	5090490
1	0.45614	0.81419	4144630
1	1	1	5090490
0.0666667	0.483333	0.142909	727476
1	0.471698	0.82614	4205460
0.0993506	1	0.328761	1673560
1	1	1	5090490
1	1	1	5090490
1	0.489796	0.839396	4272940
1	1	1	5090490
1	1	1	5090490
0.196429	1	0.516108	2627240
1	1	1	5090490
1	0.444444	0.804858	4097120
1	0.46875	0.823915	4194130
1	1	1	5090490
1	1	1	5090490
1	1	1	5090490
1	1	1	5090490
1	0.471429	0.825937	4204430
1	1	1	5090490
1	1	1	5090490
1	1	1	5090490
1	0.547146	0.877097	4464850
1	1	1	5090490
0.137931	0.448276	0.233929	1190810
1	0.469136	0.824207	4195620
1	0.492754	0.841498	4283640
1	0.456522	0.814489	4146150
0.322682	1	0.687663	3500540
0.301802	0.495495	0.433697	2207730
1	0.495495	0.843431	4293480
1	0.488889	0.838748	4269640
1	0.444444	0.804858	4097120
1	1	1	5090490
1	1	1	5090490
0.267532	1	0.620278	3157520
0.44186	1	0.802755	4086420
0.0983607	0.459016	0.185011	941799
0.112903	1	0.35917	1828350
1	0.478873	0.831477	4232630
1	1	1	5090490
1	0.479167	0.831693	4233720
1	1	1	5090490
1	0.491803	0.840824	4280210
1	1	1	5090490
1	1	1	5090490
1	0.471429	0.825937	4204430
1	1	1	5090490
1	1	1	5090490
1	0.45	0.809328	4119880
1	1	1	5090490
1	1	1	5090490
1	0.4375	0.799172	4068180
1	0.480769	0.832869	4239710
1	0.137374	0.410067	2087440
0.0833333	0.458333	0.162902	829250
1	0.491803	0.840824	4280210
1	0.480769	0.832869	4239710
1	0.222734	0.557231	2836580
1	1	1	5090490
1	0.45614	0.81419	4144630
1	1	1	5090490
1	1	1	5090490
1	1	1	5090490
1	1	1	5090490
1	1	1	5090490
1	1	1	5090490
1	1	1	5090490
1	0.483333	0.83474	4249240
1	1	1	5090490
1	1	1	5090490
1	1	1	5090490
1	1	1	5090490
1	1	1	5090490
1	1	1	5090490
1	0.44	0.801231	4078660
1	0.384615	0.75212	3828660
0.0806452	1	0.283685	1444100
1	1	1	5090490
1	0.0369231	0.158729	808010
0.0350877	0.473684	0.0847167	431249
1	1	1	5090490
0.0943396	1	0.317062	1614000
1	1	1	5090490
1	0.495136	0.843178	4292190
1	1	1	5090490
1	0.490909	0.840189	4276980
1	1	1	5090490
1	0.235849	0.576548	2934910
1	1	1	5090490
1	0.44	0.801231	4078660
1	1	1	5090490
1	0.483333	0.83474	4249240
1	1	1	5090490
0.0227273	1	0.108732	553497
1	1	1	5090490
1	0.473684	0.827628	4213030
1	0.464286	0.820511	4176810
1	1	1	5090490
1	1	1	5090490
1	0.495136	0.843178	4292190
1	1	1	5090490
1	0.493361	0.841928	4285830
1	0.47541	0.828914	4219580
1	0.454545	0.812935	4138240
1	0.434783	0.796917	4056700
1	1	1	5090490
1	0.479167	0.831693	4233720
1	1	1	5090490
1	1	1	5090490
0.0694444	1	0.254669	1296390
0.148936	1	0.432546	2201870
1	0.493151	0.841779	4285070
1	0.489362	0.839086	4271360
1	0.212121	0.541036	2754140
1	1	1	5090490
1	1	1	5090490
1	1	1	5090490
1	0.438596	0.800077	4072780
1	0.492537	0.841345	4282860
1	1	1	5090490
1	1	1	5090490
1	1	1	5090490
1	1	1	5090490
1	1	1	5090490
1	1	1	5090490
1	1	1	5090490
1	0.470588	0.825304	4201200
1	1	1	5090490
1	0.453125	0.811813	4132530
1	1	1	5090490
0.0909091	1	0.3089	1572450
1	0.547059	0.877044	4464590
1	1	1	5090490
1	0.479167	0.831693	4233720
1	0.227114	0.563766	2869840
1	0.491497	0.840607	4279100
1	1	1	5090490
1	1	1	5090490
1	1	1	5090490
1	1	1	5090490
1	1	1	5090490
1	1	1	5090490
1	1	1	5090490
1	1	1	5090490
1	0.491525	0.840627	4279210
1	0.448276	0.807948	4112850
0.0169492	1	0.08606	438087
1	0.234043	0.573931	2921590
0.234274	0.234043	0.21403	1089520
0.0434783	1	0.179804	915291
1	1	1	5090490
1	0.473684	0.827628	4213030
1	1	1	5090490
0.323077	1	0.68811	3502820
0.0392157	1	0.166223	846155
0.0425532	1	0.176894	900475
0.08	1	0.282058	1435820
1	1	1	5090490
1	0.477612	0.830546	4227890
1	0.501747	0.847781	4315620
1	1	1	5090490
1	1	1	5090490
1	0.42623	0.789708	4020000
1	1	1	5090490
1	1	1	5090490
1	1	1	5090490
1	1	1	5090490
1	0.819252	0.982581	5001820
0.0709528	0.321299	0.108995	554840
0.0128774	0.233183	0.0204437	104068
1	0.492624	0.841406	4283170
1	0.378335	0.746067	3797850
0.443296	0.737936	0.692658	3525970
0.451379	0.752099	0.706236	3595090
0.285714	1	0.643647	3276480
0.185031	0.517457	0.320371	1630840
0.377279	0.0835919	0.140549	715464
1	0.0888134	0.30385	1546750
0.442943	0.673781	0.659318	3356250
0.470185	0.245542	0.364697	1856490
0.401983	0.419279	0.468645	2385630
0.297742	0.690392	0.530758	2701820
1	0.416124	0.78097	3975520
1	0.231949	0.570882	2906070
0.335725	0.0834371	0.128158	652387
0.0961227	0.128587	0.0666616	339340
0.241087	1	0.584057	2973140
0.250721	1	0.597572	3041940
1	1	1	5090490
1	1	1	5090490
0.233333	1	0.5729	2916340
1	1	1	5090490
1	1	1	5090490
0.426122	1	0.789617	4019540
1	0.213691	0.543464	2766500
1	0.479167	0.831693	4233720
1	1	1	5090490
1	1	1	5090490
1	0.46875	0.823915	4194130
1	0.517345	0.858299	4369160
0.0674157	0.494382	0.146692	746736
1	0.694584	0.94772	4824360
0.195578	1	0.514722	2620190
0.107143	1	0.346456	1763630
1	0.224138	0.559335	2847290
1	0.224138	0.559335	2847290
1	0.465517	0.821455	4181610
1	1	1	5090490
1	0.462687	0.819282	4170550
0.0454545	1	0.185956	946610
0.192993	0.611954	0.370394	1885480
1	1	1	5090490
1	0.485714	0.836465	4258020
1	1	1	5090490
1	0.424658	0.788365	4013160
1	0.483333	0.83474	4249240
0.078125	0.46875	0.157732	802933
1	0.475	0.828609	4218030
1	0.418605	0.783137	3986550
1	0.451613	0.810613	4126420
0.0983607	1	0.32647	1661890
1	1	1	5090490
0.0784314	1	0.278081	1415570
1	1	1	5090490
1	1	1	5090490
1	1	1	5090490
1	0.444444	0.804858	4097120
1	1	1	5090490
1	0.458333	0.815906	4153360
1	1	1	5090490
1	0.425926	0.789449	4018680
0.0757576	0.484848	0.158095	804781
0.105263	1	0.342241	1742180
1	1	1	5090490
1	1	1	5090490
1	0.411765	0.777125	3955950
1	0.479452	0.831903	4234790
1	0.416667	0.781445	3977940
1	1	1	5090490
1	0.492063	0.841009	4281150
0.146589	1	0.428058	2179030
1	0.461538	0.818395	4166030
0.111111	0.444444	0.197934	1007580
1	1	1	5090490
1	0.500565	0.846965	4311470
1	0.490196	0.839681	4274390
1	1	1	5090490
1	0.409091	0.774744	3943830
1	1	1	5090490
1	0.481481	0.83339	4242370
1	1	1	5090490
1	0.462963	0.819495	4171630
0.0344828	1	0.150596	766610
1	0.428571	0.791699	4030140
0.201128	1	0.5237	2665890
0.257217	1	0.606475	3087250
0.257217	1	0.606475	3087250
1	1	1	5090490
1	0.476923	0.830037	4225300
1	0.491803	0.840824	4280210
1	1	1	5090490
0.0701754	1	0.256615	1306290
0.157895	1	0.449341	2287370
1	0.174359	0.478901	2437840
0.192308	0.174359	0.147377	750221
1	0.189277	0.504337	2567330
1	1	1	5090490
1	0.47619	0.829494	4222530
1	0.482759	0.834322	4247110
0.0740741	1	0.266866	1358480
1	0.46875	0.823915	4194130
1	0.490909	0.840189	4276980
1	1	1	5090490
1	1	1	5090490
1	1	1	5090490
1	0.477273	0.830296	4226610
1	0.490566	0.839945	4275730
1	1	1	5090490
1	1	1	5090490
1	1	1	5090490
0.0392157	1	0.166223	846155
1	1	1	5090490
1	1	1	5090490
1	0.421053	0.785262	3997370
1	0.464286	0.820511	4176810
1	1	1	5090490
1	1	1	5090490
1	0.491525	0.840627	4279210
1	1	1	5090490
1	1	1	5090490
1	0.492063	0.841009	4281150
1	1	1	5090490
1	0.444444	0.804858	4097120
1	0.505882	0.850616	4330060
0.101695	1	0.334147	1700970
1	0.435484	0.797501	4059670
0.06	1	0.228805	1164730
0.122449	1	0.379599	1932350
0.0188679	1	0.0937791	477382
1	0.494253	0.842557	4289030
1	1	1	5090490
1	0.431373	0.794063	4042170
1	1	1	5090490
1	1	1	5090490
1	0.466667	0.822332	4186070
1	1	1	5090490
1	1	1	5090490
1	0.240472	0.583181	2968680
1	0.479167	0.831693	4233720
0.0819672	1	0.287003	1460990
1	1	1	5090490
1	1	1	5090490
1	0.428571	0.791699	4030140
0.141414	1	0.418029	2127970
1	0.221987	0.556108	2830860
1	0.469697	0.824632	4197780
0.225015	0.706469	0.451315	2297410
0.541436	1	0.873623	4447170
1	0.433962	0.796233	4053220
1	1	1	5090490
1	0.442623	0.803377	4089580
1	1	1	5090490
1	1	1	5090490
1	1	1	5090490
1	1	1	5090490
1	1	1	5090490
1	0.45	0.809328	4119880
0.127273	1	0.389636	1983440
1	0.403846	0.770022	3919790
0.0212766	1	0.103195	525311
1	1	1	5090490
1	0.458333	0.815906	4153360
1	1	1	5090490
1	1	1	5090490
0.0816327	0.44898	0.157832	803443
0.0172414	1	0.087249	444140
1	0.45	0.809328	4119880
1	1	1	5090490
1	0.421053	0.785262	3997370
1	1	1	5090490
1	1	1	5090490
1	0.478261	0.831026	4230330
1	1	1	5090490
1	0.454545	0.812935	4138240
1	1	1	5090490
1	1	1	5090490
1	1	1	5090490
1	1	1	5090490
1	0.453125	0.811813	4132530
1	0.418182	0.782769	3984680
1	0.47619	0.829494	4222530
1	1	1	5090490
1	0.4	0.766516	3901940
1	0.46875	0.823915	4194130
0.113122	1	0.359648	1830780
1	0.432432	0.794953	4046700
1	0.493976	0.842362	4288030
1	0.492754	0.841498	4283640
0.0491803	1	0.197324	1004480
1	0.482143	0.833873	4244820
1	0.50503	0.850035	4327100
1	0.454545	0.812935	4138240
0.0980392	1	0.325724	1658100
1	0.465517	0.821455	4181610
1	1	1	5090490
0.0465116	1	0.189212	963181
1	1	1	5090490
1	0.215774	0.546668	2782810
1	1	1	5090490
1	1	1	5090490
1	0.493333	0.841908	4285720
1	1	1	5090490
1	1	1	5090490
1	1	1	5090490
0.0638298	1	0.23946	1218970
1	0.484848	0.835839	4254830
1	1	1	5090490
1	0.45614	0.81419	4144630
1	1	1	5090490
1	0.716574	0.955389	4863400
0.21	0.716574	0.43548	2216800
1	1	1	5090490
1	1	1	5090490
1	1	1	5090490
1	0.700273	0.94977	4834790
1	1	1	5090490
1	1	1	5090490
1	1	1	5090490
1	0.425532	0.789113	4016970
1	1	1	5090490
1	1	1	5090490
0.0526316	0.473684	0.116966	595417
0.0526316	0.473684	0.116966	595417
0.0526316	0.473684	0.116966	595417
0.0526316	0.473684	0.116966	595417
0.0526316	0.473684	0.116966	595417
0.0526316	0.473684	0.116966	595417
0.0526316	0.473684	0.116966	595417
0.0526316	0.473684	0.116966	595417
0.42158	1	0.785718	3999690
0.301075	1	0.662485	3372370
1	1	1	5090490
1	1	1	5090490
0.42158	1	0.785718	3999690
1	0.487909	0.838045	4266060
1	0.457627	0.815355	4150550
0.101695	0.457627	0.189294	963598
1	0.467742	0.82315	4190240
1	0.47541	0.828914	4219580
1	1	1	5090490
1	1	1	5090490
0.130435	1	0.396115	2016420
1	1	1	5090490
1	0.489362	0.839086	4271360
1	1	1	5090490
1	1	1	5090490
1	1	1	5090490
1	1	1	5090490
1	0.447761	0.807535	4110750
1	1	1	5090490
1	1	1	5090490
1	1	1	5090490
1	0.486111	0.836752	4259480
1	1	1	5090490
1	1	1	5090490
1	1	1	5090490
1	0.428571	0.791699	4030140
1	1	1	5090490
0.05	1	0.199787	1017010
1	1	1	5090490
1	0.48	0.832305	4236840
1	0.352941	0.720513	3667770
1	1	1	5090490
1	0.4	0.766516	3901940
0.142857	1	0.420844	2142300
1	1	1	5090490
1	0.421053	0.785262	3997370
1	0.488172	0.838234	4267020
1	1	1	5090490
1	1	1	5090490
1	1	1	5090490
1	1	1	5090490
1	1	1	5090490
1	1	1	5090490
1	0.461538	0.818395	4166030
1	0.469388	0.824398	4196590
1	0.444444	0.804858	4097120
0.0147059	1	0.0767575	390733
0.0344828	1	0.150596	766610
1	0.451613	0.810613	4126420
1	1	1	5090490
1	0.490196	0.839681	4274390
1	1	1	5090490
1	0.47619	0.829494	4222530
1	0.403846	0.770022	3919790
1	1	1	5090490
1	1	1	5090490
1	0.395349	0.762227	3880110
1	0.217707	0.549624	2797860
1	1	1	5090490
1	0.489796	0.839396	4272940
1	0.462963	0.819495	4171630
1	1	1	5090490
0.04	0.48	0.0950946	484078
1	0.492537	0.841345	4282860
1	1	1	5090490
0.0169492	0.474576	0.0468372	238424
0.169173	1	0.469765	2391340
