ks_quality_p_value	fisher_strand_p_value	bias_p_value	bias_e_value
0.118528	1	0.371301	1890100
1	1	1	5090490
1	1	1	5090490
0.259774	0.6731	0.479764	2442240
0.235563	0.42247	0.329148	1675520
1	0.281022	0.637729	3246350
0.25	0.128771	0.142807	726958
0.175342	1	0.480616	2446570
0.159353	1	0.452026	2301040
0.0588235	1	0.225483	1147820
0.222498	0.710358	0.449633	2288850
0.36811	1	0.735989	3746550
1	1	1	5090490
1	0.686983	0.944908	4810050
0.267606	0.692287	0.497607	2533070
1	0.248077	0.5939	3023240
1	0.427148	0.79049	4023980
0.437175	0.769531	0.702914	3578180
1	1	1	5090490
1	1	1	5090490
0.382405	1	0.750001	3817870
1	1	1	5090490
0.432432	1	0.794953	4046700
1	1	1	5090490
1	1	1	5090490
0.135889	1	0.407111	2072400
0.415282	1	0.780231	3971760
1	1	1	5090490
0.548173	1	0.877715	4468000
0.246377	0.665154	0.460274	2343020
1	0.74996	0.96575	4916140
1	0.44	0.801231	4078660
1	0.471698	0.82614	4205460
1	0.483871	0.835131	4251230
1	1	1	5090490
1	0.435897	0.797844	4061420
1	1	1	5090490
1	0.485714	0.836465	4258020
1	0.463158	0.819645	4172390
1	1	1	5090490
1	0.473684	0.827628	4213030
0.0526316	0.473684	0.116966	595417
0.105263	0.473684	0.199372	1014900
1	1	1	5090490
1	0.206349	0.532007	2708170
1	1	1	5090490
1	1	1	5090490
1	0.464286	0.820511	4176810
1	1	1	5090490
1	0.4875	0.837752	4264570
0.284044	1	0.64155	3265800
0.132086	1	0.399469	2033490
0.163647	1	0.459855	2340890
1	0.422222	0.786272	4002510
1	0.474576	0.828294	4216420
1	1	1	5090490
1	1	1	5090490
1	1	1	5090490
1	1	1	5090490
1	0.42	0.78435	3992730
1	0.410714	0.776191	3951200
0.140351	1	0.415945	2117370
1	0.428571	0.791699	4030140
0.134328	0.477612	0.240359	1223540
1	1	1	5090490
1	1	1	5090490
1	1	1	5090490
1	1	1	5090490
1	0.423077	0.787008	4006260
1	0.484375	0.835496	4253090
1	1	1	5090490
1	0.492754	0.841498	4283640
1	0.492754	0.841498	4283640
1	1	1	5090490
1	1	1	5090490
1	1	1	5090490
1	1	1	5090490
1	1	1	5090490
0.245902	0.47541	0.367827	1872420
0.119403	0.462687	0.215237	1095660
0.0740741	1	0.266866	1358480
0.0185185	1	0.0923886	470303
1	1	1	5090490
1	1	1	5090490
1	0.432432	0.794953	4046700
1	1	1	5090490
1	0.463768	0.820114	4174780
0.0903502	1	0.307558	1565620
1	1	1	5090490
1	1	1	5090490
1	0.481481	0.83339	4242370
0.031746	1	0.141269	719131
1	0.238095	0.579782	2951380
1	0.444444	0.804858	4097120
1	0.434211	0.79644	4054270
1	0.45098	0.81011	4123860
0.0285714	1	0.130153	662542
1	0.4375	0.799172	4068180
1	1	1	5090490
1	1	1	5090490
0.0447761	1	0.183854	935909
1	1	1	5090490
0.0983607	0.491803	0.194889	992081
1	1	1	5090490
1	1	1	5090490
0.0769231	1	0.274227	1395950
1	1	1	5090490
1	0.586976	0.8997	4579910
0.2	0.4	0.282058	1435820
1	1	1	5090490
1	1	1	5090490
0.0416667	1	0.174086	886181
0.0416667	1	0.174086	886181
0.0416667	1	0.174086	886181
1	1	1	5090490
0.173913	1	0.478122	2433870
0.0416667	1	0.174086	886181
0.25127	1	0.598332	3045800
1	1	1	5090490
1	0.411765	0.777125	3955950
1	1	1	5090490
1	0.421053	0.785262	3997370
1	0.454545	0.812935	4138240
1	1	1	5090490
1	0.760417	0.968686	4931090
0.604141	1	0.908597	4625200
1	0.760417	0.968686	4931090
1	1	1	5090490
1	1	1	5090490
1	0.438596	0.800077	4072780
1	1	1	5090490
1	1	1	5090490
0.0517241	1	0.204922	1043160
0.0862069	1	0.2975	1514420
1	1	1	5090490
1	1	1	5090490
1	1	1	5090490
1	1	1	5090490
1	1	1	5090490
1	1	1	5090490
1	0.493827	0.842257	4287500
1	1	1	5090490
1	0.492063	0.841009	4281150
1	0.461538	0.818395	4166030
1	0.485714	0.836465	4258020
1	1	1	5090490
0.188525	1	0.503083	2560940
1	0.474359	0.828132	4215600
1	1	1	5090490
1	0.478873	0.831477	4232630
1	0.492063	0.841009	4281150
1	1	1	5090490
1	1	1	5090490
1	1	1	5090490
1	1	1	5090490
0.0869565	1	0.299335	1523760
1	1	1	5090490
0.130435	1	0.396115	2016420
0.0434783	1	0.179804	915291
0.252906	0.597637	0.436738	2223210
1	1	1	5090490
0.0625	1	0.235787	1200270
1	1	1	5090490
1	1	1	5090490
0.0142857	1	0.0749785	381677
1	1	1	5090490
1	0.405797	0.771786	3928770
1	1	1	5090490
1	1	1	5090490
0.138961	1	0.413209	2103440
1	1	1	5090490
1	1	1	5090490
0.0909091	1	0.3089	1572450
1	0.482143	0.833873	4244820
1	1	1	5090490
1	0.485714	0.836465	4258020
1	1	1	5090490
0.08	1	0.282058	1435820
0.355556	1	0.723226	3681580
1	1	1	5090490
1	0.470588	0.825304	4201200
1	1	1	5090490
1	1	1	5090490
0.0540541	1	0.211771	1078020
1	0.475	0.828609	4218030
1	0.333333	0.699537	3560990
0.138961	1	0.413209	2103440
1	0.483871	0.835131	4251230
1	1	1	5090490
1	1	1	5090490
0.279426	0.777389	0.548886	2794100
1	1	1	5090490
1	1	1	5090490
0.19926	0.471645	0.316212	1609670
0.261595	0.65428	0.473278	2409210
0.0714286	0.648878	0.188711	960630
0.242236	0.218634	0.208571	1061730
1	1	1	5090490
0.123912	1	0.382663	1947940
0.352243	1	0.719785	3664060
0.149897	0.509343	0.272752	1388440
1	1	1	5090490
0.149038	1	0.432741	2202860
0.146853	1	0.428565	2181610
0.0849394	0.712822	0.23034	1172540
1	0.711078	0.953536	4853970
0.285443	1	0.643306	3274740
1	3.93085e-06	5.28568e-05	269.067
1	1	1	5090490
0.201819	0.117037	0.112094	570612
3.44169e-15	0.2	2.47198e-14	1.25836e-07
1	0.00017406	0.00168075	8555.82
1	1	1	5090490
0.393987	1	0.760961	3873670
1	1	1	5090490
1	9.44718e-06	0.000118749	604.491
1	1	1	5090490
1	0.613548	0.913264	4648960
0.400253	1	0.766748	3903130
1	0.653507	0.93151	4741840
0.348846	0.653507	0.565038	2876320
0.400253	1	0.766748	3903130
0.348846	0.653507	0.565038	2876320
1	0.651403	0.930612	4737270
1	0.651403	0.930612	4737270
0.344892	0.651403	0.56012	2851290
0.344892	0.651403	0.56012	2851290
0.344892	0.651403	0.56012	2851290
1	0.651403	0.930612	4737270
1	0.442308	0.80312	4088270
1	0.442308	0.80312	4088270
1	0.0617196	0.233618	1189230
1	1.45111e-06	2.09586e-05	106.69
0.404666	1	0.770765	3923570
0.197606	0.779567	0.442191	2250970
