seq_id	position	insert_position	reference_base	major_base	minor_base	major_frequency	major_top_strand	major_bot_strand	minor_top_strand	minor_bot_strand	major_quals	minor_quals	
CU458896	10457	1	.	.	A	0.935484	24	34	2	2	34,34,26,34,34,12,12,34,26,34,34,34,34,34,34,34,34,26,34,34,34,34,34,34,34,34,34,34,34,34,34,26,34,34,34,34,34,34,34,34,34,12,34,34,34,34,34,12,34,34,34,34,34,34,34,12,34,12	34,34,34,34	
CU458896	219106	0	A	G	A	0.676471	12	11	6	5	34,34,34,34,34,34,34,34,34,34,34,34,34,34,34,34,34,34,34,34,34,34,34	26,12,12,34,34,34,34,34,12,34,12	
CU458896	219110	0	C	G	C	0.514286	10	8	9	8	34,34,34,34,34,34,34,34,34,34,34,34,34,34,34,34,34,34	34,34,34,34,34,34,34,34,34,34,34,34,26,34,34,34,26	
CU458896	351197	0	C	C	.	0.909091	23	37	3	3	34,34,34,34,34,26,34,34,34,34,34,34,34,34,34,34,34,34,34,34,12,34,34,34,34,34,26,12,26,34,34,34,26,26,34,34,34,34,34,34,34,34,34,26,34,34,34,34,34,34,34,26,34,34,34,34,12,34,34,26	34,34,34,34,34,34	
CU458896	454825	0	C	C	A	0.772152	29	32	11	7	34,34,34,34,34,34,34,34,34,12,34,34,34,34,34,26,34,34,34,12,34,12,34,34,34,34,34,34,34,34,34,34,34,34,34,34,34,34,34,34,34,34,34,34,34,34,34,34,34,34,34,34,34,34,34,34,34,34,34,34,34	34,34,34,34,34,26,34,34,34,34,26,26,34,34,34,34,34,34	
CU458896	455251	0	C	C	G	0.875	41	22	4	5	34,34,34,34,34,34,34,34,34,34,34,34,34,34,34,34,34,34,34,34,26,34,34,34,34,34,34,34,34,34,34,34,34,34,34,34,34,34,34,34,34,34,34,34,34,34,34,34,34,34,34,34,34,34,34,34,34,34,34,34,34,34,34	34,34,34,34,34,26,34,34,34	
CU458896	490924	0	C	C	A	0.75	14	4	2	4	34,34,34,34,34,34,34,34,34,34,34,34,34,34,34,12,34,34	34,34,34,34,34,34	
CU458896	559093	1	.	.	A	0.933333	31	25	2	2	34,34,34,34,26,34,34,34,12,12,34,34,12,34,34,26,34,34,34,12,34,12,34,34,12,34,34,34,34,12,12,34,34,34,34,34,34,34,12,12,34,34,34,34,34,34,34,34,34,34,34,34,34,34,34,34	34,34,34,34	
CU458896	559100	0	T	T	.	0.90625	33	25	3	3	26,34,34,26,26,34,34,26,34,34,34,12,34,34,34,34,12,34,34,34,34,34,34,34,34,34,34,34,34,34,34,34,34,34,12,34,34,34,34,34,34,34,34,34,34,34,34,34,34,34,34,34,34,34,34,12,34,34	34,34,34,34,34,34	
CU458896	573734	1	.	.	C	0.941176	29	35	2	2	34,34,34,34,34,34,34,34,34,34,34,34,34,34,34,34,34,34,34,34,34,34,34,34,34,34,34,34,34,34,34,34,34,34,34,34,34,34,34,34,34,34,34,34,34,34,34,34,34,26,34,34,34,34,34,34,34,34,34,34,34,34,34,34	34,34,34,34	
CU458896	603969	0	T	T	A	0.920455	39	42	4	3	34,34,34,26,34,34,34,34,34,34,34,34,34,34,34,34,34,34,34,34,34,34,34,34,34,34,34,34,34,34,34,34,34,34,34,34,34,34,34,34,34,34,34,34,34,26,34,34,34,34,34,34,34,34,34,34,34,34,34,34,34,34,34,34,34,34,34,34,34,12,34,34,34,34,34,34,34,34,34,34,34	34,34,34,34,34,34,34	
CU458896	650439	0	T	T	.	0.928571	36	42	3	3	34,34,34,34,34,34,34,34,34,34,34,34,34,34,34,34,34,34,34,34,34,34,26,34,34,34,34,34,34,34,34,34,34,34,34,34,34,34,34,34,34,34,34,26,34,34,34,12,34,34,34,34,34,34,34,34,12,34,34,34,34,34,34,34,34,34,34,34,34,26,34,34,34,12,34,34,34,34	34,34,34,34,34,34	
CU458896	650451	1	.	.	A	0.939759	36	42	2	3	34,34,34,34,12,34,34,26,34,34,34,34,12,34,34,34,34,12,12,34,12,34,34,34,34,34,34,34,34,34,12,26,34,34,34,34,34,34,12,34,34,34,34,34,34,34,34,34,34,34,34,26,34,34,34,34,34,34,26,34,34,34,34,26,34,34,34,34,12,34,34,34,34,34,34,34,26,34	12,34,34,34,34	
CU458896	706466	0	G	A	G	0.87931	23	28	2	5	34,34,12,34,34,34,12,34,34,34,34,34,34,34,34,34,34,34,34,34,34,34,34,34,34,34,34,34,34,34,34,34,34,12,12,34,12,34,34,12,34,34,34,34,34,12,34,34,34,34,34	34,34,34,34,34,34,12	
CU458896	709169	0	A	A	T	0.902778	28	37	4	3	34,34,26,34,34,34,34,34,34,34,34,26,34,34,34,34,34,34,34,34,34,34,34,34,34,34,34,34,34,34,34,34,34,34,34,34,34,34,34,34,26,34,34,34,34,34,34,34,34,34,34,34,34,34,34,34,34,34,34,34,34,34,34,34,34	34,34,34,34,34,34,34	
CU458896	866565	0	A	A	T	0.575	20	3	17	0	12,34,34,12,12,34,12,26,12,12,34,12,12,12,26,12,12,26,12,12,12,34,34	12,12,12,12,12,12,12,12,12,12,12,12,26,12,12,12,12	
CU458896	1019780	0	T	T	C	0.8	36	32	7	10	26,34,34,34,34,34,34,34,34,34,34,34,34,34,34,34,34,34,34,34,34,34,34,34,34,34,34,34,12,34,34,34,34,34,34,34,34,34,34,34,34,34,34,34,34,34,34,34,26,34,34,34,34,34,34,34,34,34,34,34,34,34,34,34,34,34,34,34	34,34,34,34,34,34,34,34,34,34,34,34,34,12,34,34,34	
CU458896	1316501	0	C	C	T	0.835443	34	32	6	7	34,34,34,34,34,34,34,34,34,34,34,26,34,34,34,34,34,34,34,34,34,34,34,34,34,34,34,12,34,12,34,34,34,34,34,34,34,34,34,34,34,34,34,34,34,34,34,34,34,34,34,34,34,34,34,12,34,34,34,34,34,34,34,34,34,34	34,34,34,34,34,34,34,34,34,26,34,34,34	
CU458896	1481874	1	.	.	A	0.948052	37	36	2	2	34,34,34,34,34,34,34,34,34,34,34,34,34,34,34,34,34,34,34,34,34,34,34,34,34,34,34,34,34,34,34,34,34,34,34,34,34,34,34,34,34,34,34,34,34,34,34,34,34,34,34,34,34,34,34,34,34,34,34,34,34,34,34,34,34,34,34,34,34,34,34,34,34	34,26,34,34	
CU458896	1575503	0	C	A	T	0.970588	30	36	1	1	34,26,34,34,34,34,34,34,34,34,34,34,34,34,34,34,34,34,34,34,34,34,34,34,34,34,34,34,34,26,34,34,34,34,34,34,12,34,34,34,34,34,34,34,34,34,34,34,34,34,34,34,34,34,34,12,26,34,34,34,34,34,34,34,34,34	12,12	
CU458896	2040986	1	.	.	C	0.944444	33	35	2	2	12,34,34,34,34,34,34,34,34,34,34,34,34,34,34,34,12,34,34,34,34,34,34,34,26,34,34,34,34,34,34,34,34,34,34,34,34,34,34,34,34,34,26,34,34,34,26,34,34,34,34,26,34,34,26,34,34,34,34,34,34,34,34,34,34,34,34,12	34,34,34,34	
CU458896	2041793	0	T	T	G	0.529412	8	10	8	8	34,34,34,34,34,34,34,34,34,34,34,34,34,34,34,34,34,34	34,34,34,34,34,34,34,34,34,34,26,34,34,34,34,34	
CU458896	2041796	0	G	G	A	0.567568	10	11	8	8	34,34,34,34,34,34,34,34,34,34,34,34,34,34,34,34,34,34,34,34,26	34,34,34,34,34,34,34,34,34,34,34,34,34,34,34,34	
CU458896	2041797	0	T	T	C	0.567568	10	11	8	8	34,34,34,34,34,34,34,34,34,34,34,34,34,34,34,34,34,34,34,34,26	26,34,34,34,34,34,34,34,34,34,34,34,34,34,34,34	
CU458896	2041800	0	A	A	G	0.589744	12	11	8	8	34,34,34,34,34,34,34,34,34,34,34,26,34,26,34,34,34,34,34,34,34,34,34	34,34,34,34,34,26,34,34,34,34,34,12,34,34,34,34	
CU458896	2041811	0	C	C	T	0.761905	16	16	5	5	34,34,34,12,34,34,34,34,34,34,34,26,34,34,34,34,34,34,34,34,34,34,34,34,34,34,12,34,34,34,34,34	34,34,34,34,34,34,34,34,34,34	
CU458896	2041813	0	T	T	C	0.767442	16	17	5	5	34,34,34,34,34,34,34,34,34,34,26,34,34,34,34,34,34,34,34,34,12,34,34,34,34,34,34,34,34,34,34,34,34	34,34,34,34,34,34,34,34,34,34	
CU458896	2041815	0	G	G	A	0.767442	16	17	5	5	34,34,34,26,34,34,34,34,34,34,34,34,34,34,34,34,34,34,34,34,34,34,34,34,34,34,34,34,34,34,34,34,34	34,34,26,34,34,34,34,34,34,34	
CU458896	2041819	0	G	G	T	0.772727	16	18	5	5	34,26,34,34,34,34,34,34,34,34,34,34,34,34,34,34,34,34,34,34,34,34,34,34,12,34,34,34,34,34,34,34,34,34	34,34,26,34,34,34,34,34,34,34	
CU458896	2041836	0	C	C	A	0.869565	19	21	4	2	34,34,26,34,34,34,34,34,34,34,34,34,34,34,34,34,34,34,34,34,34,34,34,34,34,34,34,34,34,34,34,34,34,12,34,34,34,34,34,34	34,34,34,34,34,34	
CU458896	2059515	0	G	.	G	0.809524	26	25	5	7	34,34,34,34,34,34,34,34,34,34,26,34,34,34,34,34,34,34,34,34,34,34,34,34,34,34,34,12,34,34,34,34,34,34,34,12,34,34,34,34,34,34,34,12,34,34,34,34,34,34,34	12,34,34,34,12,34,34,34,34,34,34,34	
CU458896	2065933	0	T	C	A	0.98	21	28	1	0	34,34,34,34,26,34,34,34,34,34,34,34,34,34,34,34,34,34,12,34,34,12,34,34,34,34,34,34,34,34,34,34,34,34,34,34,34,34,34,34,34,34,12,34,34,34,34,26,34	12	
CU458896	2065993	0	A	G	C	0.981132	24	28	1	0	34,34,34,34,34,34,34,34,34,34,34,34,34,34,34,34,34,34,34,34,12,26,34,34,34,34,34,34,34,34,34,12,34,26,34,34,34,34,34,34,34,34,34,34,34,34,34,34,34,34,34,34	12	
CU458896	2066053	0	C	T	G	0.983871	32	29	0	1	34,34,34,34,34,34,12,12,12,34,34,34,12,34,12,34,12,34,34,34,34,26,34,26,34,34,34,12,12,34,12,34,34,34,34,26,12,34,34,34,34,34,12,26,26,34,34,12,34,34,34,12,34,34,12,34,12,34,34,12,12	12	
CU458896	2066122	0	C	T	A	0.985294	37	30	1	0	34,34,34,34,34,34,34,34,12,34,34,34,34,34,34,34,34,26,34,34,34,34,34,34,34,34,12,34,34,34,34,34,34,34,34,34,34,34,26,34,12,34,34,34,34,34,34,34,34,34,34,12,34,34,34,34,34,34,34,34,34,34,34,34,34,34,34	12	
CU458896	2066371	0	C	T	A	0.987179	33	44	1	0	34,34,34,34,34,34,34,34,34,34,34,26,34,34,34,34,34,34,34,34,34,34,12,34,34,34,34,34,34,26,34,34,34,26,34,26,34,34,34,34,34,34,34,34,34,12,34,34,12,34,34,34,34,34,34,34,34,34,34,34,34,34,34,34,34,34,34,34,34,34,34,34,34,34,34,34,12	12	
CU458896	2066914	0	C	T	G	0.984127	30	32	0	1	34,34,34,34,34,34,34,34,34,34,34,34,34,34,34,34,34,26,34,34,34,34,26,34,34,34,12,34,34,34,34,34,34,34,34,34,34,34,34,34,34,34,34,34,34,34,34,34,34,34,34,34,26,34,34,34,34,34,34,34,34,34	12	
CU458896	2067034	0	A	G	C	0.985714	33	36	1	0	34,34,34,34,34,26,34,34,34,34,34,34,34,34,34,34,34,34,34,34,34,34,34,34,34,34,34,34,34,34,34,34,34,34,34,34,34,34,34,34,34,34,34,34,34,34,34,34,34,34,26,34,34,34,34,34,34,34,34,34,34,34,34,34,34,34,34,34,34	12	
CU458896	2067157	0	G	C	A	0.989474	43	51	1	0	12,34,34,34,12,34,34,34,34,34,34,34,34,34,34,34,34,34,34,34,34,34,34,34,34,34,34,34,34,34,12,34,34,34,34,34,34,34,34,34,34,34,34,34,34,34,34,34,34,34,34,34,34,34,12,34,34,12,34,34,12,34,12,26,34,34,34,34,34,34,34,34,34,34,34,34,34,34,34,34,34,34,34,34,34,34,34,34,34,34,34,34,34,34	12	
CU458896	2067214	0	A	G	T	0.981481	26	27	1	0	34,34,34,34,34,34,34,34,34,34,34,34,34,34,34,34,34,34,34,34,34,26,34,34,34,34,34,12,34,34,34,34,34,26,34,34,34,34,34,34,34,34,34,34,26,34,34,34,34,12,34,34,34	12	
CU458896	2067279	1	.	C	.	0.973684	20	17	0	1	34,34,34,34,34,34,34,34,34,34,34,34,34,34,34,34,34,34,34,34,34,34,34,34,34,34,34,34,34,34,34,34,34,34,34,34,34	26	
CU458896	2067303	1	.	T	.	0.973684	20	17	0	1	34,34,34,34,34,34,34,34,34,34,34,34,34,34,34,34,34,34,34,34,34,34,34,34,34,34,34,34,26,34,12,34,34,34,34,34,34	34	
CU458896	2067303	2	.	C	.	0.973684	20	17	0	1	34,34,34,34,34,34,34,26,26,34,34,34,34,34,34,34,34,34,34,34,34,34,34,34,34,34,34,34,34,34,34,34,26,34,34,34,26	34	
CU458896	2067695	0	C	A	T	0.875	4	3	0	1	34,34,34,34,34,12,34	12	
CU458896	2067783	0	G	A	C	0.928571	11	15	2	0	12,34,34,34,34,26,12,12,12,34,12,34,34,12,34,34,12,34,34,34,34,34,12,34,26,12	12,12	
CU458896	2067950	0	A	G	T	0.979592	29	19	1	0	34,34,34,34,34,34,34,34,34,34,34,34,34,34,34,34,34,34,34,34,34,12,34,34,34,34,34,34,34,34,34,34,34,34,34,34,34,34,34,34,34,34,34,34,34,34,34,34	12	
CU458896	2068313	0	C	G	T	0.984127	35	27	1	0	34,34,34,34,34,34,34,34,26,34,34,34,34,34,34,34,34,34,34,34,34,34,34,34,34,34,34,34,34,34,34,34,34,34,34,34,34,34,34,34,34,34,34,34,34,34,34,34,34,34,34,34,34,34,34,34,34,34,34,34,34,34	12	
CU458896	2068535	0	C	A	T	0.982143	30	25	0	1	34,34,34,34,34,34,34,26,34,34,34,34,34,34,34,34,34,34,34,34,34,34,34,34,34,34,34,34,26,34,34,34,34,34,34,34,34,34,34,34,34,26,34,34,34,34,34,34,34,34,34,34,34,34,34	12	
CU458896	2068981	0	C	A	T	0.985294	31	36	0	1	34,34,34,34,34,34,34,34,34,34,34,34,34,34,34,34,34,34,34,34,34,34,34,34,34,34,34,34,34,34,34,34,34,34,34,26,34,34,34,34,34,34,34,34,34,34,34,34,34,34,34,34,34,34,34,34,34,26,34,34,34,34,34,34,34,26,34	12	
CU458896	2069131	0	G	A	T	0.9875	41	38	0	1	26,34,34,34,34,26,34,34,34,34,34,34,34,34,34,34,34,34,34,34,34,34,34,12,34,34,12,34,34,34,34,34,34,34,34,34,34,34,34,34,34,34,34,34,34,34,34,26,12,34,34,34,34,12,34,34,34,34,34,34,34,34,34,34,34,34,34,34,34,34,34,34,34,34,34,26,34,26,34	12	
CU458896	2069428	0	C	T	.	0.966102	31	26	1	1	34,26,34,34,34,34,34,12,26,34,34,34,34,26,34,34,34,34,26,34,34,34,26,34,34,34,34,26,34,34,34,34,34,34,34,34,34,34,34,34,34,34,34,34,34,34,34,34,34,34,34,34,12,34,34,34,34	34,26	
CU458896	2069429	0	G	C	T	0.966102	31	26	1	1	34,34,34,34,34,26,34,34,34,34,34,34,34,34,34,34,34,34,34,34,34,34,12,34,34,34,34,34,34,34,34,34,34,34,34,34,34,26,34,34,34,34,34,34,34,34,34,34,34,34,34,34,34,34,34,34,34	34,26	
CU458896	2069433	0	T	C	T	0.966102	31	26	1	1	34,34,34,34,34,26,34,34,34,34,34,34,34,34,34,34,34,34,34,34,34,34,12,34,34,34,34,34,34,34,26,34,34,12,34,34,34,34,34,34,34,34,34,26,34,34,34,34,34,34,34,34,34,34,34,34,34	34,34	
CU458896	2069503	0	G	A	T	0.977778	26	18	0	1	34,34,34,34,34,34,34,34,12,34,34,34,34,34,34,12,34,34,34,34,34,34,12,34,34,34,34,34,34,34,34,34,34,34,34,34,34,34,34,34,34,34,34,34	12	
CU458896	2069849	0	C	T	A	0.983051	27	31	1	0	34,34,34,34,34,34,34,34,34,34,34,34,34,34,34,34,34,34,34,26,34,34,34,34,26,34,34,34,12,34,34,34,34,34,34,34,34,34,34,34,26,34,34,34,34,34,34,34,34,34,34,34,12,34,34,34,34,34	12	
CU458896	2069875	0	C	G	T	0.983051	28	30	0	1	26,34,34,34,34,34,34,34,34,34,34,34,34,34,34,34,34,34,34,34,34,34,12,34,34,12,34,34,34,34,34,34,34,34,34,34,34,34,34,34,26,34,34,34,34,34,34,34,34,34,34,34,34,34,34,34,34,34	12	
CU458896	2069937	0	G	T	G	0.984127	30	32	0	1	34,34,34,34,34,26,26,12,26,12,12,34,26,26,26,34,34,34,34,12,34,12,12,34,12,12,34,34,12,26,34,34,26,34,34,34,34,34,34,26,34,34,26,34,34,34,34,34,34,26,12,34,34,12,26,12,34,34,34,34,34,26	12	
CU458896	2070021	0	T	C	G	0.985714	34	35	0	1	34,34,34,34,12,34,12,34,34,12,34,34,34,34,34,34,34,34,34,34,34,34,34,34,34,34,34,34,34,34,34,34,34,34,34,34,34,34,34,34,34,26,34,34,34,34,34,34,34,34,34,34,34,34,34,34,34,34,34,34,34,34,34,34,34,34,34,34,34	12	
CU458896	2070047	0	G	C	A	0.983051	25	33	0	1	34,34,34,34,34,34,34,34,34,34,34,34,34,34,34,34,34,12,34,34,34,34,34,34,34,34,34,34,34,34,34,34,34,26,34,34,26,34,34,34,34,34,34,34,34,34,34,34,34,34,34,34,34,34,34,34,34,34	12	
CU458896	2070223	0	G	C	G	0.98	29	20	0	1	34,34,34,34,34,34,34,34,34,34,34,34,34,34,34,34,34,34,34,34,34,34,34,34,34,34,34,34,34,34,34,34,34,34,34,34,34,34,34,34,34,34,34,34,34,34,34,34,26	12	
CU458896	2070441	0	C	T	A	0.982143	22	33	1	0	34,34,34,34,34,34,34,34,34,34,34,34,34,34,34,34,34,34,34,34,34,34,34,34,34,34,34,26,34,34,34,34,34,34,34,34,34,34,34,26,34,34,34,34,34,34,34,34,34,34,34,34,34,34,34	12	
CU458896	2070540	0	C	T	G	0.982456	34	22	1	0	34,34,34,34,34,34,34,34,34,34,34,34,34,34,34,34,34,34,34,34,34,34,34,34,12,34,26,34,34,34,34,34,34,34,34,26,34,34,34,12,34,34,34,34,12,34,34,34,34,34,12,26,34,34,34,12	34	
CU458896	2070783	0	C	G	C	0.984127	26	36	1	0	34,34,34,34,34,34,34,34,34,34,12,34,34,34,34,34,34,34,34,34,34,34,34,34,34,34,34,34,34,34,34,12,34,34,26,34,34,34,34,34,34,34,34,34,34,34,34,34,34,34,34,26,34,34,34,34,34,34,34,34,34,34	12	
CU458896	2070810	0	A	G	A	0.985075	31	35	1	0	34,34,12,34,34,34,34,34,34,26,34,34,34,34,34,34,34,26,34,12,34,34,34,34,12,12,34,34,34,34,34,34,34,34,34,34,34,12,34,34,34,34,34,34,34,34,34,34,34,34,34,34,34,34,34,34,26,34,34,34,34,34,34,12,34,34	34	
CU458896	2070969	0	G	A	T	0.987342	40	38	1	0	34,34,26,34,34,26,26,34,12,12,34,26,34,34,34,34,34,34,34,34,34,26,34,34,34,34,34,34,34,34,26,26,34,34,34,26,34,34,34,34,34,12,34,34,34,26,34,34,26,34,34,34,34,34,34,12,34,34,34,26,34,34,34,34,34,26,26,34,26,12,34,34,12,34,34,34,34,26	12	
CU458896	2071041	0	T	C	G	0.988095	37	46	0	1	34,34,34,34,34,26,34,34,34,34,34,34,34,34,34,34,34,34,26,34,34,34,34,34,34,34,34,34,34,12,34,34,34,34,34,34,34,34,34,26,26,34,34,34,34,34,12,34,34,34,34,26,34,34,12,26,34,34,34,34,34,34,34,34,34,34,34,34,34,34,34,26,12,34,34,34,12,34,34,34,34,34,34	12	
CU458896	2071699	0	G	A	T	0.986667	33	41	0	1	26,34,34,34,34,34,34,34,34,34,34,12,34,26,34,34,34,34,34,34,34,34,34,34,34,34,34,34,34,34,34,34,34,34,26,34,34,34,34,34,34,34,34,34,34,34,34,34,34,34,34,12,34,34,34,34,34,34,34,34,34,34,34,34,34,34,12,26,34,34,34,34,34,34	12	
CU458896	2071700	0	C	A	T	0.986486	32	41	0	1	34,34,34,34,26,34,34,34,34,34,34,34,12,12,34,34,34,34,34,34,34,34,34,34,34,34,34,34,34,34,34,34,34,34,12,34,12,34,34,34,34,34,34,34,34,34,34,34,34,34,34,34,34,34,34,34,34,34,34,34,34,34,34,34,34,34,34,34,34,34,34,34,12	12	
CU458896	2071750	0	C	G	C	0.987179	32	45	1	0	34,26,34,34,34,34,34,34,34,34,34,34,34,34,34,34,34,34,26,34,34,34,34,34,34,34,26,26,34,34,34,34,34,34,34,34,34,34,12,34,34,34,34,34,34,34,34,34,12,34,34,34,34,34,34,34,34,34,34,12,34,34,34,34,34,34,34,34,34,34,34,34,34,34,34,34,34	12	
CU458896	2071813	0	G	T	G	0.984375	33	30	0	1	34,12,26,26,12,34,12,34,12,34,34,12,12,34,12,34,34,26,34,34,34,12,26,12,34,34,34,34,26,12,12,12,12,34,12,26,34,34,34,12,12,12,34,12,34,34,12,34,12,34,34,34,34,34,34,34,34,12,34,34,34,34,34	12	
CU458896	2072107	0	G	T	A	0.987805	41	40	0	1	34,34,34,34,34,34,34,34,12,34,34,34,34,34,34,34,34,34,34,34,34,34,34,34,34,34,34,34,34,26,34,34,34,34,34,34,34,34,34,34,34,34,34,34,34,34,34,34,26,34,34,12,34,34,34,26,34,34,34,34,34,34,34,34,34,34,34,34,34,34,34,34,26,34,34,34,34,34,34,34,34	12	
CU458896	2072259	0	C	T	C	0.985507	33	35	1	0	34,26,34,34,34,34,34,34,34,34,34,34,34,34,34,34,34,34,26,34,34,34,34,34,34,34,34,34,34,12,34,12,34,34,34,34,34,34,34,34,34,34,34,34,34,34,12,34,34,34,34,34,34,34,34,34,34,26,34,12,34,34,34,34,34,34,34,34	12	
CU458896	2072262	0	T	C	T	0.985507	33	35	1	0	34,34,34,34,34,34,34,34,34,34,34,34,34,34,34,34,34,34,34,34,34,34,34,34,34,34,34,34,34,26,34,34,34,34,34,34,34,34,34,34,34,34,34,34,26,34,34,34,34,12,34,34,34,34,26,34,34,26,34,34,34,34,34,34,34,34,34,34	12	
CU458896	2072446	0	G	A	T	0.975	22	17	1	0	12,34,34,26,26,34,34,12,34,12,26,34,34,34,12,26,34,34,26,34,34,34,26,26,34,34,12,34,12,12,12,34,26,34,12,34,34,26,12	12	
CU458896	2072640	0	T	C	G	0.983051	29	29	0	1	26,12,34,34,34,34,34,34,34,34,34,34,34,34,34,34,34,34,34,34,26,34,34,34,34,34,34,26,34,34,34,26,34,34,34,26,34,34,34,34,34,34,34,34,34,34,34,34,12,34,34,34,34,34,26,34,34,34	12	
CU458896	2072817	0	C	G	T	0.988372	42	43	0	1	26,34,34,34,34,34,34,34,34,34,34,34,34,34,34,26,34,34,34,34,34,34,34,34,34,34,34,34,34,34,34,34,34,34,34,34,34,34,34,34,34,34,34,34,12,34,12,34,34,34,34,34,34,34,34,34,34,34,34,34,34,34,34,34,34,34,34,34,34,34,34,34,34,12,34,34,34,34,34,34,34,34,34,34,34	12	
CU458896	2072829	0	T	C	A	0.987654	40	40	1	0	34,34,34,34,34,34,12,34,34,34,34,26,34,34,34,34,34,34,34,34,34,34,34,34,34,34,34,34,34,34,12,34,34,34,34,26,34,34,34,34,34,34,34,34,34,34,34,34,34,34,34,34,34,34,34,34,34,34,34,34,34,34,34,34,34,34,34,34,34,34,34,34,34,34,12,34,34,34,26,34	12	
CU458896	2073980	0	A	G	C	0.875	3	4	0	1	34,34,34,34,34,34,34	12	
CU458896	2074234	1	.	G	.	0.983607	28	32	1	0	26,34,12,12,34,34,34,26,34,34,34,26,34,34,34,34,26,34,34,34,34,34,34,34,34,26,26,34,12,34,34,34,34,34,26,34,34,12,12,12,34,34,34,34,34,34,12,34,34,34,34,26,34,34,34,34,34,34,34,34	34	
CU458896	2074564	0	G	C	G	0.985075	30	36	1	0	26,34,34,26,34,34,34,34,26,34,34,34,34,34,34,34,34,34,34,34,34,34,34,34,34,34,34,12,34,34,34,34,34,34,34,34,34,34,26,34,34,34,34,34,34,34,34,34,34,26,34,34,26,34,34,34,34,34,34,34,34,34,34,34,26,34	34	
CU458896	2074931	0	C	T	.	0.981481	27	26	1	0	34,34,34,34,12,34,34,34,34,34,34,34,34,34,34,34,34,34,34,34,26,34,34,34,34,34,34,34,34,34,34,12,34,34,34,34,34,34,34,34,34,34,34,34,34,12,34,34,34,34,34,34,34	34	
CU458896	2074932	0	T	G	T	0.981481	27	26	1	0	34,34,34,34,34,34,34,34,34,34,34,34,34,34,34,34,34,34,34,34,34,34,34,34,34,34,34,34,34,34,34,34,34,34,34,34,34,34,34,34,34,34,34,34,34,34,34,34,34,34,34,26,34	34	
CU458896	2075024	0	G	A	T	0.981132	20	32	0	1	34,34,34,34,34,34,34,34,34,34,34,34,34,34,34,34,34,34,34,12,34,34,34,34,34,34,34,26,34,26,34,34,34,34,34,34,34,34,34,34,26,34,34,34,34,34,34,34,34,34,34,34	12	
CU458896	2075074	0	C	A	T	0.981481	23	30	0	1	34,34,34,34,34,34,34,34,12,26,34,34,34,34,34,26,12,34,34,34,34,12,34,34,34,34,34,26,26,34,34,26,34,34,34,12,34,34,34,26,34,34,34,34,34,12,34,12,34,34,12,34,34	12	
CU458896	2075496	0	C	T	A	0.972973	15	21	1	0	34,34,34,34,12,34,34,34,12,34,34,34,34,34,34,34,34,26,34,34,34,34,34,34,34,34,34,34,34,34,34,34,34,34,34,34	12	
CU458896	2077824	0	G	A	T	0.984615	39	25	1	0	34,34,34,34,26,34,34,34,34,34,34,26,34,34,34,34,34,34,34,34,34,34,34,34,34,34,34,34,26,34,34,34,34,34,34,34,34,34,12,34,34,34,34,34,34,34,34,34,34,34,34,34,34,34,34,34,34,34,34,34,34,34,34,34	12	
CU458896	2078893	0	G	T	A	0.985507	31	37	1	0	34,34,34,34,34,34,34,34,34,34,34,34,34,34,34,34,34,34,34,34,34,34,34,34,34,34,34,34,34,34,34,34,34,34,34,34,34,34,34,34,34,34,34,34,34,34,34,34,34,34,34,34,34,34,34,34,34,34,34,34,34,34,34,34,34,34,34,12	12	
CU458896	2080996	0	G	C	G	0.977011	45	40	1	1	34,34,34,34,34,34,34,34,34,34,34,34,34,12,34,34,34,34,26,34,34,34,34,34,34,34,34,34,34,34,34,34,34,34,34,34,12,34,34,34,34,34,34,34,34,34,34,34,34,34,34,34,34,34,34,34,34,34,34,34,34,34,34,34,34,34,34,34,34,34,34,12,34,34,34,34,34,34,34,34,34,34,34,34,34	34,34	
CU458896	2081022	0	A	C	G	0.986842	36	39	0	1	34,34,34,34,34,34,34,34,34,34,34,34,34,34,34,34,34,34,34,34,34,34,34,34,34,34,34,34,34,34,34,34,34,34,34,34,34,34,34,34,34,34,34,34,34,34,34,34,34,34,34,34,34,34,34,34,34,34,34,34,34,34,34,34,34,12,34,34,34,34,34,34,34,34,34	12	
CU458896	2081127	0	A	G	T	0.986486	33	40	0	1	34,34,34,34,34,34,34,34,34,26,34,34,34,34,12,34,34,34,34,34,34,34,34,34,34,34,34,34,34,34,34,12,34,34,34,34,34,34,34,34,34,34,34,34,34,34,34,34,34,34,34,34,34,34,34,34,34,26,34,34,34,34,34,34,34,34,34,34,34,34,34,34,34	12	
CU458896	2081250	0	C	A	T	0.981481	28	25	0	1	12,34,34,34,34,12,12,34,34,34,12,34,34,12,34,34,34,34,34,34,34,34,34,34,34,34,34,34,34,34,34,34,34,34,34,26,34,34,34,34,34,34,34,34,34,34,34,34,34,34,34,34,34	12	
CU458896	2081487	0	T	C	T	0.984127	31	31	1	0	34,34,34,34,34,34,34,34,34,34,34,34,34,34,34,34,34,34,34,34,34,34,34,34,34,34,34,34,12,34,34,34,34,34,34,34,34,34,34,34,34,26,34,34,34,34,34,34,34,34,34,34,34,34,34,34,34,34,34,34,34,34	34	
CU458896	2081628	0	A	T	A	0.968254	29	32	2	0	34,34,34,34,34,34,12,34,34,34,34,34,34,34,34,34,34,34,34,34,34,12,34,34,34,34,34,34,34,34,34,34,34,34,34,34,34,34,12,34,12,34,34,12,34,34,12,34,34,34,34,34,34,12,34,34,34,34,34,34,34	12,12	
CU458896	2082497	0	C	T	C	0.984127	35	27	0	1	34,34,34,34,34,34,34,34,34,34,34,34,26,34,34,34,34,34,34,34,34,34,34,34,34,12,34,34,34,34,34,34,34,34,34,34,34,34,34,34,34,34,34,26,34,34,34,34,34,34,34,34,34,34,34,34,34,34,34,34,34,34	12	
CU458896	2082710	0	A	G	C	0.986842	32	43	1	0	34,34,34,26,34,34,12,34,34,26,34,34,34,34,34,34,34,34,26,34,34,34,34,34,34,34,34,34,34,34,12,34,34,34,34,26,34,34,34,34,34,34,34,34,34,34,34,34,34,34,34,34,34,34,34,34,34,34,34,26,34,34,34,26,26,26,34,34,34,34,34,26,26,34,12	12	
CU458896	2083550	0	G	A	C	0.980392	28	22	0	1	12,34,34,34,34,34,34,34,34,12,34,34,34,34,34,34,12,34,34,34,34,34,34,34,34,34,34,34,34,34,34,34,34,34,34,34,34,34,34,26,34,34,34,34,34,34,34,34,34,34	12	
CU458896	2084128	0	G	C	G	0.971429	33	35	1	1	34,34,34,34,34,34,34,34,34,34,34,34,34,12,34,34,34,34,34,34,34,34,34,34,34,34,34,34,34,34,34,34,34,34,34,34,34,34,34,34,34,34,34,34,34,34,34,34,34,34,34,34,34,34,34,34,34,34,34,34,34,34,34,34,34,34,34,34	34,34	
CU458896	2084399	1	.	G	C	0.984375	27	36	1	0	34,34,34,34,34,34,34,34,34,34,34,34,34,34,34,34,34,26,34,34,34,34,34,34,34,34,34,34,34,34,34,34,34,34,34,34,34,34,34,34,34,34,34,34,34,34,34,34,34,34,34,34,34,34,34,34,34,34,12,34,34,34,34	12	
CU458896	2084501	0	C	T	G	0.985294	34	33	1	0	34,34,34,34,34,34,34,34,34,34,34,34,34,34,34,34,34,34,34,34,34,34,34,34,34,34,34,34,34,34,34,34,34,34,34,34,34,34,34,34,34,34,34,34,34,34,34,34,34,34,34,34,34,34,34,34,34,34,34,34,34,34,34,34,34,34,34	12	
CU458896	2084509	0	T	C	A	0.985075	30	36	0	1	34,34,34,34,34,34,34,34,34,34,34,34,34,34,34,34,34,34,34,34,34,34,34,34,34,34,34,34,34,34,34,26,34,26,34,34,34,34,34,26,34,34,34,34,34,34,34,34,34,34,34,34,34,34,34,34,34,34,34,34,34,34,34,34,34,34	12	
CU458896	2084510	0	C	G	C	0.985075	30	36	0	1	34,34,34,34,34,34,34,34,34,34,34,34,34,34,34,34,26,34,34,34,34,34,34,34,34,34,34,34,34,34,34,34,34,34,34,34,34,34,34,34,34,34,34,34,34,34,34,34,34,34,34,34,26,34,34,12,34,34,34,34,34,34,34,34,34,34	34	
CU458896	2084523	0	A	C	A	0.984127	28	34	0	1	34,34,34,34,34,34,34,34,34,34,34,34,34,34,34,12,34,34,34,34,34,34,34,34,34,34,34,34,34,26,34,34,34,34,34,34,34,34,26,34,34,34,34,34,34,34,34,34,34,34,12,34,34,26,12,34,34,34,34,34,34,34	12	
CU458896	2085150	0	T	C	A	0.983607	31	29	0	1	34,34,34,34,34,34,34,34,34,34,26,34,34,34,34,34,34,34,34,34,34,34,34,34,34,34,34,34,34,34,34,34,34,34,34,26,34,34,12,34,34,34,34,34,34,34,34,34,34,34,26,12,34,34,34,34,34,26,34,34	34	
CU458896	2085171	0	A	G	C	0.983051	31	27	1	0	34,34,34,26,26,34,34,34,34,34,34,34,34,34,34,34,34,34,34,34,34,34,34,34,34,34,34,34,34,34,34,34,34,34,34,34,26,34,34,34,34,34,34,34,34,34,34,34,34,34,34,34,34,34,34,34,34,34	12	
CU458896	2085198	0	C	G	C	0.984615	32	32	1	0	34,34,34,34,34,34,34,34,34,34,12,34,34,34,26,34,34,34,34,34,34,34,34,34,34,12,34,34,34,34,34,34,34,34,34,34,34,34,34,34,34,34,34,34,34,34,34,34,34,34,34,34,34,34,26,34,34,34,34,34,34,34,34,34	12	
CU458896	2085405	0	T	C	T	0.984615	36	28	1	0	12,34,34,34,34,34,34,34,34,34,34,34,34,34,34,34,34,34,34,34,34,34,34,34,34,34,34,12,34,26,34,26,34,34,34,34,34,34,34,34,34,34,34,34,34,34,34,34,34,34,34,34,34,34,34,34,34,34,34,34,34,12,34,34	34	
CU458896	2085441	0	G	A	C	0.981818	30	24	1	0	12,34,34,34,12,34,12,26,34,12,34,34,34,26,34,26,34,34,34,34,26,12,34,34,34,34,34,26,34,26,34,34,34,26,34,34,34,34,34,34,34,26,34,26,26,34,12,12,34,34,34,12,26,34	12	
CU458896	2085534	0	C	T	G	0.954545	35	28	1	2	34,34,34,34,34,34,34,26,34,34,34,34,34,26,34,34,26,34,34,26,34,34,26,34,26,34,34,34,26,34,34,34,34,34,34,34,34,34,34,34,12,12,26,34,12,34,34,26,34,34,34,34,26,26,12,12,34,34,34,34,34,34,12	12,12,12	
CU458896	2085699	0	T	.	T	0.8	1	3	1	0	34,34,12,34	34	
CU458896	2085741	0	C	T	C	0.928571	5	8	0	1	34,34,34,34,34,34,34,34,26,34,34,34,34	12	
CU458896	2085742	0	G	C	G	0.933333	5	9	0	1	34,34,34,34,34,34,34,34,34,34,34,34,34,12	12	
CU458896	2085777	0	T	.	T	0.958333	11	12	0	1	34,34,34,34,34,34,34,34,34,34,34,34,34,26,34,34,34,34,34,34,34,34,34	34	
CU458896	2085778	0	T	.	C	0.958333	11	12	0	1	34,34,34,34,34,34,34,34,34,34,34,34,34,26,34,34,34,34,34,34,34,34,34	34	
CU458896	2085779	0	G	.	A	0.958333	11	12	0	1	34,34,34,34,34,34,34,34,34,34,34,34,34,26,34,34,34,34,34,34,34,34,34	34	
CU458896	2085781	0	A	C	A	0.958333	11	12	0	1	34,34,34,34,34,34,34,34,34,34,34,34,34,34,34,34,34,34,34,34,34,34,34	34	
CU458896	2085784	0	C	A	C	0.826087	9	10	2	2	34,34,34,34,34,34,34,34,34,34,34,34,34,34,34,34,34,12,34	34,34,34,34	
CU458896	2085785	0	A	G	.	0.958333	11	12	0	1	34,34,34,34,34,34,34,26,34,34,34,34,34,34,34,34,34,34,34,34,34,34,34	34	
CU458896	2085791	0	C	T	C	0.833333	9	11	2	2	34,12,34,34,34,26,34,34,26,34,34,34,12,34,34,26,34,34,26,34	34,34,34,34	
CU458896	2085805	0	C	.	G	0.857143	12	12	2	2	34,34,34,34,34,34,34,34,34,34,34,34,34,34,34,34,34,34,34,34,34,34,34,34	34,34,34,34	
CU458896	2085870	0	G	A	T	0.980392	30	20	0	1	34,34,34,34,26,34,34,34,34,34,34,12,34,34,34,34,34,34,34,34,34,34,34,34,34,26,34,34,34,34,34,34,34,34,34,34,34,34,34,34,34,34,34,34,34,34,34,34,34,34	12	
CU458896	2086271	0	C	T	C	0.986486	34	39	0	1	26,34,34,34,12,34,34,34,34,26,34,34,34,34,34,34,34,34,34,34,34,12,26,34,34,34,34,34,34,34,34,34,34,34,12,34,34,26,34,34,34,34,34,12,34,34,34,34,12,34,34,34,34,34,34,34,12,34,26,26,34,34,34,34,26,34,34,34,34,12,34,34,34	12	
CU458896	2086652	0	C	T	A	0.982456	23	33	1	0	34,34,34,12,12,34,34,34,12,34,34,34,12,12,26,34,34,34,34,34,34,26,26,34,34,34,34,12,34,34,34,34,34,12,34,34,34,26,34,26,34,34,34,34,34,34,12,34,34,26,34,34,34,34,34,34	12	
CU458896	2086985	0	C	T	G	0.984848	36	29	0	1	34,12,34,34,34,34,34,34,34,34,34,34,34,34,34,34,26,26,34,34,34,34,34,34,34,34,34,26,34,34,34,34,34,34,34,34,34,34,34,12,34,34,34,34,34,34,34,34,26,12,34,34,34,34,34,34,34,34,34,34,34,34,34,34,34	12	
CU458896	2086989	0	G	A	T	0.984848	35	30	1	0	34,34,26,26,34,34,34,34,34,34,34,34,34,34,34,12,34,12,34,34,26,34,34,34,34,34,34,34,34,34,12,34,34,12,12,34,34,34,12,34,34,34,34,34,34,12,34,34,34,34,26,34,26,12,26,34,12,34,26,34,12,34,34,12,34	12	
CU458896	2095417	1	.	.	G	0.790323	27	22	8	5	34,34,34,34,34,26,34,34,34,26,34,34,34,34,26,34,34,34,34,34,34,34,26,34,34,34,34,34,34,34,34,34,34,34,34,34,34,34,34,12,34,34,34,34,34,34,34,34,34	12,34,34,34,34,34,34,12,34,34,34,34,34	
CU458896	2095417	2	.	.	T	0.803279	27	22	7	5	34,34,34,34,34,26,34,34,34,26,34,34,34,34,26,34,34,34,34,34,34,34,26,34,34,34,34,34,34,34,34,34,34,34,34,34,34,34,34,12,34,34,34,34,34,34,34,34,34	34,26,34,26,34,34,34,26,34,26,34,34	
CU458896	2095417	3	.	.	G	0.790323	27	22	8	5	34,34,34,34,34,26,34,34,34,26,34,34,34,34,26,34,34,34,34,34,34,34,26,34,34,34,34,34,34,34,34,34,34,34,34,34,34,34,34,12,34,34,34,34,34,34,34,34,34	12,34,34,26,34,34,34,34,34,34,34,34,34	
CU458896	2095686	0	G	A	T	0.983051	33	25	1	0	26,26,34,12,26,12,34,34,34,34,34,34,34,34,12,34,26,34,34,34,34,34,34,12,12,34,34,34,34,34,34,34,26,26,34,34,34,34,34,12,34,34,34,34,34,34,34,34,34,12,34,34,34,34,34,34,12,34	12	
CU458896	2095784	0	G	A	T	0.980769	26	25	0	1	34,34,34,34,34,34,34,12,34,34,34,34,34,34,34,34,26,34,34,34,34,34,12,34,34,34,34,26,34,34,34,34,12,34,12,34,34,34,34,12,34,34,34,34,34,26,34,34,34,34,34	12	
CU458896	2095879	0	T	A	T	0.982456	32	24	0	1	34,34,26,12,26,34,34,34,34,34,34,34,34,34,34,34,34,34,34,34,34,34,34,34,34,34,34,34,34,34,34,34,34,34,34,34,12,26,34,34,34,34,34,34,34,34,34,34,34,34,34,12,34,34,34,34	12	
CU458896	2096004	0	G	T	A	0.981132	30	22	1	0	34,34,34,34,34,34,34,26,34,34,34,34,34,12,34,34,34,34,34,26,34,34,34,34,34,34,34,34,34,34,34,34,34,34,34,26,34,34,12,34,34,34,34,34,34,34,34,34,26,34,34,26	12	
CU458896	2096075	0	A	G	C	0.980769	25	26	0	1	34,34,34,34,34,34,34,34,34,34,34,34,34,34,34,34,26,34,26,34,34,34,34,34,34,34,34,34,34,34,34,12,34,34,34,34,12,34,12,34,34,34,34,34,26,34,34,34,34,34,34	12	
CU458896	2096183	0	G	A	T	0.982759	28	29	0	1	34,34,34,34,34,34,34,34,34,34,34,34,34,34,34,34,34,34,34,34,26,34,34,34,34,34,34,34,34,34,34,34,34,34,34,34,34,34,34,34,34,34,12,34,34,34,34,34,34,34,12,34,34,34,34,34,34	34	
CU458896	2096186	1	.	A	.	0.982759	28	29	0	1	34,34,34,34,26,34,34,34,34,34,34,34,34,34,34,34,34,34,34,34,34,34,34,34,34,34,34,34,34,34,34,34,26,34,34,34,34,34,34,34,34,34,26,26,34,34,26,34,34,34,34,34,34,34,34,34,34	34	
CU458896	2096246	0	T	C	T	0.984375	31	32	0	1	34,34,34,34,34,34,34,34,34,34,34,34,34,34,34,34,34,34,34,34,34,34,34,34,34,34,34,34,34,34,34,34,34,34,34,34,34,34,34,34,34,34,34,34,34,34,34,12,34,12,34,34,26,34,12,34,26,34,34,34,34,34,34	12	
CU458896	2096248	0	G	T	G	0.984375	31	32	0	1	34,26,12,34,34,34,34,34,34,34,34,34,12,34,34,34,34,34,34,34,34,34,34,34,34,34,34,34,34,34,34,34,34,34,34,34,34,34,34,34,34,34,34,34,34,34,34,26,34,34,34,34,34,34,34,34,34,34,34,34,34,34,34	12	
CU458896	2096271	0	C	T	G	0.983051	26	32	0	1	26,34,12,34,26,34,34,34,34,34,34,34,34,34,12,34,34,34,12,34,34,34,34,34,34,34,34,12,34,34,12,34,34,34,12,34,26,34,34,26,12,12,12,34,34,12,34,34,12,34,12,34,34,12,34,26,34,34	12	
CU458896	2096360	0	T	G	T	0.984375	31	32	0	1	34,34,34,34,34,34,34,34,34,34,34,34,34,34,34,34,34,12,34,12,34,34,34,34,34,34,34,34,34,34,34,34,34,34,34,34,34,34,34,34,34,26,34,34,34,34,34,34,34,34,34,34,34,34,34,34,34,26,34,34,34,34,34	12	
CU458896	2096378	0	C	G	T	0.984127	30	32	0	1	34,34,34,26,34,34,34,12,34,34,34,34,34,34,34,34,34,34,26,34,34,34,34,34,34,34,34,34,34,34,34,34,34,34,34,34,34,34,34,34,34,34,34,34,34,34,34,34,34,34,34,34,34,34,34,34,34,34,34,34,34,34	12	
CU458896	2096570	0	A	G	T	0.985075	36	30	1	0	34,34,34,34,34,34,34,34,26,12,34,34,34,34,34,34,34,34,34,34,34,34,34,34,34,34,34,34,34,34,26,34,34,34,34,34,34,34,34,34,34,34,34,34,34,34,34,34,34,34,26,34,34,34,34,34,34,34,34,34,26,34,34,34,34,34	12	
CU458896	2096642	0	A	G	T	0.987654	39	41	1	0	26,34,34,34,34,34,34,34,34,34,26,34,34,34,12,34,34,34,34,34,34,26,34,34,34,34,34,34,34,34,34,34,34,34,12,34,34,34,34,34,34,34,34,34,34,34,34,34,26,34,34,34,34,34,34,34,26,34,34,34,34,34,34,34,34,34,34,34,34,34,34,34,34,34,26,34,34,34,34,34	12	
CU458896	2096984	0	C	G	T	0.964286	26	28	1	1	34,34,34,34,34,34,34,34,34,34,34,34,34,34,34,34,12,34,34,34,34,34,34,34,34,34,34,34,34,34,34,34,34,34,34,34,34,34,34,34,34,34,34,34,34,34,34,34,34,34,34,34,34,34	34,12	
CU458896	2097144	0	G	A	T	0.984127	30	32	1	0	34,34,34,34,34,34,34,34,34,12,34,34,34,34,26,34,34,34,34,34,34,34,34,34,34,34,34,34,34,34,34,34,34,34,34,34,34,34,34,34,34,34,34,34,26,34,34,34,34,34,34,34,34,12,34,12,34,34,34,34,34,12	12	
CU458896	2097266	0	A	G	T	0.980769	28	23	0	1	34,34,34,34,34,34,34,12,34,34,34,34,34,34,34,34,34,34,34,34,34,34,34,34,34,34,34,26,34,34,34,34,26,34,34,34,34,34,34,34,34,26,34,12,34,34,34,34,34,34,34	12	
CU458896	2097674	0	A	G	C	0.985714	33	36	1	0	34,26,34,34,34,34,34,34,34,34,34,34,34,34,34,34,34,34,34,34,34,34,34,34,34,34,34,34,34,34,34,34,34,34,34,34,34,34,34,34,34,34,34,34,34,34,34,34,34,34,34,34,34,34,34,34,34,34,26,34,34,12,34,34,34,34,34,34,34	12	
CU458896	2097713	0	T	C	G	0.983607	27	33	0	1	34,34,34,34,34,34,34,34,34,34,34,34,34,34,34,34,12,34,34,34,34,26,12,34,34,34,34,34,34,26,12,34,26,34,34,34,34,34,34,34,34,34,34,34,34,26,34,34,34,34,34,34,34,34,34,34,34,34,34,34	12	
CU458896	2098315	0	G	C	T	0.967213	30	29	1	1	34,34,34,34,34,34,26,34,34,34,34,26,34,34,34,34,34,34,34,34,34,34,34,34,34,34,26,34,34,34,34,12,34,34,34,34,34,34,34,34,34,34,34,34,12,34,34,26,34,34,34,34,34,34,34,34,34,34,34	34,34	
CU458896	2098513	0	A	C	T	0.987179	36	41	1	0	34,34,34,34,34,34,34,34,34,26,34,34,34,34,34,34,34,34,34,34,34,34,34,34,34,34,34,34,34,34,34,34,34,34,34,34,34,34,34,34,34,34,34,34,34,34,34,34,34,34,34,12,34,34,34,34,34,34,34,34,34,34,34,34,34,34,34,34,34,34,34,12,34,34,34,34,34	12	
CU458896	2098754	0	G	A	C	0.985075	35	31	1	0	12,12,26,26,34,34,26,34,12,26,12,34,34,34,34,34,34,34,34,34,34,12,34,34,34,34,34,34,34,12,34,26,12,34,34,12,34,26,34,34,34,34,34,12,34,34,26,34,26,34,34,34,34,34,34,12,34,12,12,34,34,12,26,34,34,34	12	
CU458896	2098762	0	A	C	G	0.985915	37	33	0	1	34,34,34,34,34,34,34,34,34,34,34,34,34,34,34,26,34,34,34,34,26,34,34,34,34,34,34,34,34,34,34,34,34,34,34,34,34,34,34,34,34,34,34,34,34,34,34,34,34,34,34,34,34,34,34,34,34,34,34,34,26,34,34,34,34,34,34,34,34,34	12	
CU458896	2098771	0	G	C	G	0.984127	32	30	0	1	34,26,34,34,34,34,34,34,34,34,34,34,12,34,34,34,34,34,34,34,34,34,34,34,34,34,34,34,34,34,34,34,34,34,34,34,34,34,34,34,34,34,34,34,34,34,34,34,34,34,34,34,34,34,34,34,34,34,34,34,34,34	12	
CU458896	2099036	0	C	T	G	0.984127	33	29	1	0	34,34,34,34,34,34,34,34,34,34,34,34,34,34,34,26,26,34,34,34,34,34,26,26,34,34,34,34,34,34,34,34,34,34,34,34,34,34,34,12,34,34,34,34,12,34,34,34,34,34,34,12,34,34,34,34,34,34,34,12,34,34	12	
CU458896	2099107	0	T	C	A	0.982143	28	27	1	0	34,34,34,34,34,34,34,34,34,34,34,34,34,34,26,34,12,34,34,12,34,34,34,34,12,26,34,34,34,34,34,34,34,34,34,34,34,34,34,34,34,34,34,34,34,34,12,34,34,34,34,34,34,34,34	12	
CU458896	2099227	0	G	C	A	0.987654	43	37	1	0	34,34,34,34,34,34,34,34,34,34,34,34,34,34,34,34,26,12,34,34,34,34,34,34,34,34,34,34,34,34,34,34,34,34,34,34,34,34,34,34,34,34,34,34,34,34,26,34,34,34,34,34,34,34,34,34,34,34,34,34,34,34,34,34,34,34,34,34,34,34,34,34,26,34,34,34,34,34,34,34	12	
CU458896	2099297	0	A	C	G	0.980392	27	23	1	0	34,34,34,34,34,34,34,34,34,26,34,34,34,34,34,34,34,34,34,34,34,34,34,34,34,34,34,34,34,34,34,34,34,34,34,34,34,34,34,34,34,34,34,34,34,34,34,34,34,12	12	
CU458896	2099362	0	G	C	G	0.978261	25	20	1	0	34,34,34,12,34,34,34,34,34,34,34,26,34,34,34,34,26,34,34,34,34,34,34,34,34,34,34,34,34,26,34,34,34,34,34,34,34,34,34,34,34,34,34,34,34	34	
CU458896	2099365	0	A	C	A	0.978261	25	20	1	0	34,34,34,34,34,34,34,34,34,34,34,34,34,34,34,34,34,34,34,34,34,34,34,34,34,34,26,34,34,34,34,34,34,26,34,34,34,34,34,34,34,34,34,34,34	12	
CU458896	2099368	0	G	A	G	0.978261	25	20	1	0	34,34,34,34,34,34,34,34,34,34,34,34,12,34,26,34,12,34,34,34,34,34,34,34,34,34,34,34,12,34,34,26,34,34,34,34,34,34,34,34,34,26,34,34,34	34	
CU458896	2099371	0	A	G	.	0.978261	25	20	1	0	34,34,34,34,34,34,34,34,34,34,34,12,34,34,34,34,12,34,34,34,34,34,34,34,34,34,34,34,34,34,34,34,34,34,34,34,34,34,34,34,34,34,34,34,34	34	
CU458896	2099419	0	G	C	G	0.945455	24	28	2	1	34,34,26,34,34,34,34,34,34,34,34,34,34,34,34,34,34,34,34,34,34,34,34,34,34,34,34,34,34,34,34,34,34,34,34,12,34,34,34,34,34,34,34,34,34,26,34,34,34,12,34,34	34,34,26	
CU458896	2099422	0	T	G	C	0.981481	25	28	0	1	34,34,34,34,34,34,34,34,34,34,34,34,34,34,34,12,34,34,34,34,34,26,34,34,34,34,34,34,34,34,34,34,34,34,34,34,34,34,34,34,34,34,34,34,34,12,34,34,34,34,34,34,34	12	
CU458896	2099453	0	T	C	T	0.984375	34	29	1	0	34,34,34,34,34,34,34,34,34,34,34,26,34,34,34,34,34,12,34,34,34,34,34,34,34,34,34,34,12,34,12,34,34,34,34,34,34,34,34,34,34,34,34,34,34,34,34,34,34,34,34,34,34,34,34,34,34,34,34,34,34,34,34	34	
CU458896	2099497	0	C	T	A	0.985915	35	35	1	0	34,34,34,34,34,34,34,34,34,34,34,34,34,34,34,34,34,34,34,26,34,34,34,34,34,26,34,34,34,34,34,34,34,34,34,34,34,34,34,34,34,34,34,34,26,34,34,34,34,34,34,34,34,26,34,34,34,34,26,34,34,34,34,34,34,34,34,34,34,34	12	
CU458896	2099503	0	G	C	A	0.986486	37	36	0	1	26,34,34,34,34,34,34,34,34,26,34,34,34,34,34,34,34,34,34,34,34,34,34,34,34,34,12,34,34,12,34,34,34,34,34,34,34,34,34,34,34,34,34,34,34,34,34,34,26,34,34,34,34,34,34,34,34,12,34,12,34,34,34,34,34,34,12,34,12,34,34,34,34	12	
CU458896	2099511	0	C	G	C	0.985714	35	34	1	0	34,34,34,34,34,34,34,26,34,34,34,34,34,34,34,34,34,34,34,34,34,34,34,34,34,34,34,34,34,34,34,34,34,34,34,34,34,34,34,34,34,34,34,34,34,34,34,34,34,34,34,34,34,34,34,34,34,34,34,34,34,34,34,34,34,34,34,34,34	34	
CU458896	2099528	0	C	G	A	0.987179	39	38	1	0	26,34,12,26,34,26,34,34,34,34,34,34,34,34,34,34,34,34,26,34,34,34,34,34,34,34,34,34,34,34,34,34,34,34,34,34,12,34,34,34,34,34,34,34,34,34,34,34,34,34,34,34,34,34,34,34,34,34,34,34,34,34,34,34,34,34,34,34,34,34,34,34,34,34,34,34,12	12	
CU458896	2099629	0	C	T	A	0.985507	27	41	1	0	34,34,34,34,34,34,34,34,34,34,34,34,26,26,34,34,34,34,34,34,12,34,34,34,26,34,34,34,34,34,34,34,34,34,34,34,34,34,34,34,34,34,34,34,34,34,34,34,34,34,34,34,34,34,34,34,34,34,26,34,34,34,12,34,34,34,34,34	12	
CU458896	2099653	0	T	C	A	0.983607	25	35	0	1	34,34,34,34,34,34,34,34,34,26,34,34,34,34,34,34,34,34,34,34,34,34,34,34,12,26,26,34,34,34,34,34,34,34,34,34,34,34,34,34,34,34,34,26,34,34,34,26,34,34,34,34,34,34,34,34,34,12,34,34	12	
CU458896	2099657	0	T	C	T	0.983333	25	34	0	1	34,34,34,34,34,34,34,34,34,34,34,34,34,34,34,34,34,34,34,34,34,34,34,34,34,34,34,34,34,34,34,34,34,34,34,34,34,34,34,34,34,34,34,34,34,34,34,34,34,34,34,34,34,34,34,34,34,34,34	12	
CU458896	2099709	0	C	G	A	0.964286	24	30	1	1	34,34,34,34,34,34,34,34,34,34,34,34,34,34,34,34,34,34,34,34,34,34,34,34,34,34,34,34,34,26,34,34,34,34,34,34,34,34,12,34,34,34,34,34,34,34,34,34,12,34,34,34,34,34	34,26	
CU458896	2100168	0	G	A	T	0.983051	29	29	0	1	34,34,34,34,34,26,34,34,34,34,34,34,34,12,34,12,34,34,34,34,34,34,34,34,34,34,34,34,34,34,34,34,34,12,12,34,34,26,26,34,34,34,34,34,12,34,34,34,34,34,12,34,34,34,34,34,34,34	12	
CU458896	2100421	0	C	T	C	0.944444	9	8	0	1	34,34,26,34,34,34,34,34,34,34,34,34,34,34,34,34,34	12	
CU458896	2100608	0	A	G	A	0.954545	11	10	0	1	34,34,34,34,34,34,34,34,34,34,34,34,34,34,34,34,34,34,34,34,12	26	
CU458896	2100876	0	G	C	A	0.982143	26	29	1	0	26,34,34,34,34,34,34,34,34,34,12,34,34,34,34,34,34,34,34,34,34,34,34,34,34,34,34,34,34,34,12,34,34,34,34,26,12,34,34,34,34,34,34,34,34,34,34,34,34,34,34,34,34,34,12	12	
CU458896	2100878	0	A	G	T	0.982143	27	28	0	1	34,34,34,34,34,34,34,34,34,34,12,26,34,34,12,34,34,34,34,34,34,26,34,34,26,34,26,34,34,34,34,34,34,34,34,34,34,34,34,34,12,34,34,34,34,34,34,34,34,34,34,34,34,34,34	12	
CU458896	2101090	0	T	C	A	0.971429	16	18	1	0	34,26,34,34,34,34,34,34,34,34,34,34,34,34,34,34,34,34,26,34,34,34,34,34,12,34,34,34,34,34,34,34,34,12	12	
CU458896	2101156	0	G	A	G	0.96	10	14	0	1	12,34,34,34,34,26,34,34,34,34,34,34,34,34,34,34,34,34,12,34,34,34,34,34	12	
CU458896	2101158	0	C	T	.	0.96	10	14	0	1	34,34,34,34,34,34,34,34,12,34,34,34,12,34,34,34,34,34,34,34,34,34,34,34	34	
CU458896	2101189	0	G	C	T	0.944444	16	18	1	1	34,34,34,26,34,34,34,34,34,34,34,34,34,34,34,26,34,34,34,34,34,34,34,34,34,12,26,34,34,26,26,26,34,34	34,34	
CU458896	2101424	0	C	T	A	0.985294	32	35	0	1	34,34,34,34,34,34,34,34,34,34,34,34,34,34,34,12,34,34,34,34,34,34,34,34,34,26,34,34,34,34,34,34,34,34,34,34,34,34,34,34,34,34,34,26,34,34,34,34,34,34,34,34,26,34,34,34,12,34,34,34,34,34,34,34,34,34,12	12	
CU458896	2101426	0	C	T	A	0.985294	31	36	1	0	34,34,34,34,26,26,12,34,34,34,34,34,34,34,34,34,34,34,34,34,34,34,34,34,34,34,34,34,34,34,34,26,34,34,34,34,34,34,34,26,34,34,34,34,34,34,34,34,34,34,26,34,34,34,34,26,34,34,34,34,34,34,34,34,34,34,34	12	
CU458896	2101688	0	T	C	G	0.985507	37	31	1	0	34,34,34,34,34,34,34,34,34,34,34,34,34,34,34,34,34,34,34,34,34,34,26,34,34,34,34,34,34,34,34,34,34,34,34,34,12,34,34,34,34,34,34,34,34,34,34,34,34,26,34,26,34,34,34,34,26,34,34,34,34,34,34,34,34,34,34,34	12	
CU458896	2101712	0	T	C	T	0.968254	33	28	1	1	34,26,34,34,34,34,34,34,34,34,26,34,34,34,34,34,34,34,34,34,26,34,34,34,34,34,34,34,34,34,34,34,34,34,34,34,34,34,34,34,34,34,34,34,34,34,34,34,34,34,34,34,34,34,34,34,34,34,34,34,34	12,34	
CU458896	2101826	0	C	T	C	0.972973	18	18	0	1	34,34,34,34,34,34,34,34,34,34,34,34,34,34,34,34,26,34,34,34,34,34,34,34,26,34,34,34,34,34,34,34,34,34,34,34	34	
CU458896	2101835	0	C	T	A	0.975	18	21	1	0	34,34,34,34,34,34,12,34,34,34,34,34,34,26,26,34,34,34,34,34,34,34,34,34,34,34,34,26,34,34,34,34,26,34,34,34,34,34,34	12	
CU458896	2102288	0	C	T	A	0.933333	4	10	1	0	34,34,34,34,12,34,34,12,34,34,34,34,34,34	12	
CU458896	2102734	0	A	C	A	0.964286	27	27	1	1	34,26,34,34,12,34,34,34,34,34,34,34,34,26,34,34,34,34,34,34,34,34,34,34,34,34,34,34,34,34,34,12,34,34,34,34,34,34,34,34,34,34,34,34,34,34,34,34,34,34,34,34,34,34	34,34	
CU458896	2106418	0	G	A	T	0.983871	29	32	1	0	34,34,12,12,34,34,34,12,34,34,34,34,34,34,34,34,34,12,34,34,34,34,34,34,34,34,34,34,34,34,34,34,34,34,34,34,34,34,26,34,26,34,34,34,34,34,34,34,34,34,34,34,34,34,34,34,34,34,34,26,34	12	
CU458896	2401554	0	T	A	T	0.71875	18	28	7	11	34,34,34,34,34,34,34,34,34,34,34,34,34,34,34,34,34,34,34,34,34,34,34,34,34,34,34,34,34,34,34,34,34,34,34,34,34,34,34,26,34,34,34,26,34,34	34,34,12,34,34,34,34,34,12,34,34,26,26,34,26,12,34,34	
CU458896	2440533	0	T	A	T	0.985075	33	33	0	1	34,34,34,12,34,12,34,34,34,34,34,34,12,34,34,34,34,34,34,34,34,34,34,34,34,34,34,34,34,34,26,34,34,34,34,34,34,12,12,26,34,34,34,34,12,34,34,12,12,34,34,34,34,34,34,34,12,34,34,34,34,34,34,26,34,34	12	
CU458896	2566471	0	C	T	C	0.737705	23	22	9	7	34,34,26,34,12,34,34,34,12,34,34,34,34,34,34,34,34,34,34,34,34,34,34,34,34,34,34,34,34,34,34,34,34,34,34,34,34,34,34,34,34,34,34,34,34	34,34,34,34,26,34,34,34,34,34,34,34,34,34,34,34	
CU458896	2583761	0	G	A	T	0.984848	32	33	0	1	34,34,34,34,34,34,34,34,34,34,34,34,34,34,34,34,34,34,26,34,34,34,34,34,34,34,34,12,34,34,34,34,34,34,34,34,34,34,34,34,26,34,34,34,12,34,12,34,34,34,34,26,34,26,34,34,34,34,34,34,34,34,34,34,12	12	
CU458896	2770639	0	G	A	T	0.984127	32	30	1	0	34,34,26,34,34,34,34,12,34,34,34,34,34,34,34,34,34,34,34,12,34,34,34,34,34,34,26,34,34,26,34,34,34,34,34,34,34,34,34,34,34,34,34,34,34,34,34,34,34,34,34,34,34,34,34,34,34,12,34,34,34,34	12	
CU458896	2884999	0	C	C	G	0.85	24	27	6	3	34,34,34,34,34,34,34,34,26,26,34,26,34,34,34,34,34,34,34,34,34,34,34,34,34,34,34,34,34,34,34,34,34,34,34,34,34,34,34,34,34,34,34,34,34,34,34,12,34,34,34	34,34,34,34,34,34,34,34,34	
CU458896	3050296	1	.	.	A	0.928571	36	29	2	3	34,34,34,34,34,12,34,34,34,26,34,34,34,34,34,34,34,34,34,34,34,34,34,34,34,34,34,34,34,34,34,34,34,34,34,34,34,34,34,34,34,34,12,34,34,34,34,12,34,34,34,34,34,34,34,34,34,34,34,34,34,34,34,34,34	34,34,34,34,34	
CU458896	3050299	0	T	T	.	0.928571	37	28	2	3	34,34,34,34,34,34,34,34,34,34,34,34,34,34,34,34,34,34,34,34,34,34,34,34,34,34,34,34,34,34,34,34,34,34,34,34,34,34,34,34,34,34,34,34,34,34,34,34,34,34,34,34,34,34,12,34,34,34,34,34,34,34,34,34,34	34,34,34,34,34	
CU458896	3140072	0	G	T	G	0.971429	37	31	0	2	34,26,34,12,34,34,34,34,34,34,34,34,34,34,34,34,34,34,34,34,34,34,34,34,34,34,34,34,34,34,34,34,34,34,34,34,26,34,34,34,34,12,34,34,34,34,34,26,34,34,34,34,34,34,34,34,34,34,34,34,34,26,12,34,34,34,12,12	34,34	
CU458896	3194295	0	A	G	C	0.988764	44	44	0	1	34,34,34,34,34,34,34,34,34,34,34,34,34,34,34,34,34,34,34,34,34,34,26,34,34,34,34,34,34,34,34,34,34,34,34,34,34,34,34,34,34,34,34,34,34,34,34,34,26,34,34,34,34,34,34,34,12,34,34,34,34,34,34,34,34,34,34,34,34,12,34,34,34,34,34,34,12,34,34,34,34,34,34,34,34,34,34,34	12	
CU458896	3204386	0	C	G	C	0.968254	29	32	1	1	34,12,34,34,34,26,34,34,34,34,34,34,34,34,34,34,34,34,34,34,26,34,34,26,34,34,34,34,34,34,34,34,34,34,34,34,34,34,34,34,34,34,34,34,34,34,34,34,34,34,34,34,34,34,34,34,34,34,34,34,34	34,34	
CU458896	3340355	1	.	.	A	0.955056	43	42	2	2	26,34,12,34,34,34,34,12,34,34,34,34,34,34,34,34,34,34,34,34,34,34,34,34,34,34,34,34,34,34,34,34,34,12,34,26,26,34,34,34,34,34,34,34,34,34,26,34,34,34,34,34,34,34,34,34,34,34,34,34,34,34,34,12,34,34,34,34,34,12,34,34,34,34,34,34,34,34,34,34,34,34,34,34,34	34,34,34,34	
CU458896	3364326	0	C	T	C	0.816667	25	24	4	7	34,34,34,34,34,34,34,34,34,34,34,34,34,34,34,34,34,34,34,34,34,12,34,12,34,34,34,34,34,34,34,34,34,34,34,34,34,34,12,34,34,34,34,26,34,34,34,34,34	34,34,34,34,34,34,34,34,34,34,34	
CU458896	3364603	0	T	C	A	0.985294	34	33	0	1	34,34,34,34,34,34,34,34,34,34,34,34,34,34,34,34,34,34,34,34,34,34,34,34,34,34,34,34,34,34,34,34,34,34,34,34,34,34,34,34,34,34,34,34,34,34,34,34,34,34,34,34,26,34,34,34,34,34,34,34,34,34,34,34,12,34,34	12	
CU458896	3396112	0	G	G	.	0.923077	31	29	3	2	34,34,12,34,34,34,34,34,34,34,34,34,34,34,34,34,34,34,34,34,34,34,34,34,34,34,34,34,34,34,34,34,34,34,34,34,34,34,26,34,34,34,34,34,34,34,34,34,34,34,34,34,34,34,34,34,34,34,34,34	34,34,34,34,34	
CU458896	3396116	1	.	.	C	0.924242	32	29	3	2	34,34,34,34,34,34,34,34,34,34,34,34,34,34,34,34,34,34,34,34,34,34,34,34,34,34,34,34,26,34,34,34,34,34,34,34,34,34,34,34,34,34,34,34,34,34,34,34,34,34,34,34,34,34,26,34,34,34,34,34,34	34,34,34,34,34	
CU458896	3459265	0	A	A	G	0.893333	34	33	5	3	34,34,34,34,12,34,34,34,34,34,34,34,34,34,12,34,34,34,34,34,12,34,26,12,34,34,34,34,34,26,34,12,34,34,34,34,34,34,34,34,34,34,34,34,12,34,26,34,26,34,34,12,34,12,34,12,34,26,12,34,34,34,34,34,34,34,34	34,34,34,34,34,34,34,34	
CU458896	3459268	0	C	C	T	0.888889	32	32	5	3	34,34,34,34,12,12,34,26,34,34,34,34,34,26,26,34,34,34,34,12,34,34,34,26,34,34,34,34,34,34,34,34,34,34,26,34,34,34,34,34,34,34,34,34,34,12,34,34,12,26,34,12,34,34,34,34,34,34,34,34,34,34,34,34	26,12,34,34,34,34,26,34	
CU458896	3512353	1	.	.	C	0.940299	30	33	2	2	12,26,12,34,34,34,34,34,26,34,34,34,34,12,34,34,34,34,34,34,34,34,34,34,34,34,34,34,34,12,34,34,34,34,34,34,34,26,34,34,34,34,34,34,34,34,34,34,34,34,34,34,34,34,34,34,34,34,12,34,34,26,34	34,34,34,34	
CU458896	3663430	0	T	T	G	0.75	11	28	13	0	34,34,34,34,12,26,34,34,34,12,12,34,34,12,34,34,12,34,34,12,12,34,34,12,34,12,34,12,12,34,26,34,34,26,34,34,34,34,34	12,12,12,12,12,12,12,34,12,34,12,12,12	
CU458896	3781216	0	G	A	G	0.770492	24	23	7	7	34,34,34,34,34,34,34,34,34,26,34,34,34,34,34,34,26,34,34,34,34,34,34,34,34,34,34,34,34,34,26,34,12,34,34,34,34,34,34,34,34,34,34,34,34,34,34	34,34,34,34,26,34,34,34,34,34,34,12,12,34	
CU458896	3977614	0	A	A	G	0.6875	11	22	9	6	34,34,34,34,34,34,34,34,34,34,26,34,34,34,34,26,34,34,26,34,34,12,34,34,34,34,34,34,34,34,34,34,34	34,34,34,34,34,12,34,34,34,34,34,34,34,34,34	
CU458896	4045698	0	C	G	C	0.8	8	0	1	1	12,12,34,34,12,12,12,12	34,26	
CU458896	4053446	0	C	C	A	0.833333	18	32	10	0	34,34,12,12,34,12,34,34,34,34,26,34,12,34,34,34,34,12,34,34,34,12,34,26,34,12,34,34,34,26,34,34,34,34,34,34,34,12,12,34,34,12,34,34,34,34,34,34,34,34	34,12,34,12,34,12,34,34,12,12	
CU458896	4072490	0	G	T	A	0.984127	32	30	1	0	34,12,34,26,34,34,34,34,34,12,34,34,34,34,34,34,34,12,34,34,34,34,34,34,34,34,34,34,34,34,34,34,34,34,34,34,34,34,34,34,34,34,34,34,34,34,34,12,34,34,34,34,34,34,34,12,34,34,34,12,34,34	12	
CU458896	4103290	1	.	.	G	0.934426	26	31	2	2	26,34,34,34,34,34,34,34,34,34,34,34,34,26,34,34,34,34,34,12,34,34,34,26,34,34,34,34,34,34,34,34,34,34,34,34,34,34,34,34,34,34,34,26,34,34,34,34,26,34,34,34,34,34,34,34,34	34,34,26,34	
CU458896	4485519	1	.	A	T	0.986842	38	37	0	1	34,34,34,34,34,34,34,34,34,34,34,34,34,34,34,34,34,34,34,34,34,34,34,34,34,34,34,26,34,34,34,34,34,34,34,34,34,34,34,34,34,34,34,34,34,34,34,34,34,34,34,26,34,34,34,34,34,34,34,12,34,34,34,34,34,34,34,34,34,34,34,34,34,34,34	12	
CU458896	4613647	0	A	A	C	0.769231	5	25	9	0	34,34,34,34,34,34,34,34,34,12,34,34,34,34,34,34,34,34,34,34,12,34,34,12,34,26,34,12,34,34	12,34,12,34,12,34,12,26,34	
CU458896	4657120	0	A	T	A	0.985714	36	33	1	0	34,34,12,34,34,34,34,12,34,34,34,34,34,34,26,34,34,34,12,26,34,34,34,26,34,34,34,34,34,34,34,34,34,34,34,34,34,34,34,34,34,12,34,34,34,34,34,34,34,34,34,34,34,34,34,34,34,34,34,34,34,34,34,34,34,34,34,34,34	12	
CU458896	4657549	1	.	G	.	0.940299	31	32	3	1	34,34,34,34,34,34,34,34,34,34,34,34,34,34,34,34,34,34,34,34,34,34,34,34,34,34,34,34,34,34,34,34,34,34,34,34,34,34,34,34,34,34,34,34,34,34,34,34,34,34,34,34,34,34,34,34,34,34,34,34,34,26,34	26,34,34,12	
CU458896	4678760	1	.	.	G	0.921053	39	31	3	3	34,34,34,34,34,34,34,34,34,34,34,34,34,34,34,34,34,34,34,34,34,26,34,34,34,34,34,34,34,34,34,34,26,34,34,26,34,34,34,34,34,34,34,34,34,34,34,34,34,34,34,34,26,34,34,34,34,34,34,34,34,26,34,34,34,26,34,34,34,34	34,34,34,34,34,34	
CU458896	4678760	2	.	.	T	0.933333	39	31	2	3	34,34,34,34,34,34,34,34,34,34,34,34,34,34,34,34,34,34,34,34,34,26,34,34,34,34,34,34,34,34,34,34,26,34,34,26,34,34,34,34,34,34,34,34,34,34,34,34,34,34,34,34,26,34,34,34,34,34,34,34,34,26,34,34,34,26,34,34,34,34	34,34,34,26,34	
CU458896	4678760	3	.	.	C	0.933333	39	31	2	3	34,34,34,34,34,34,34,34,34,34,34,34,34,34,34,34,34,34,34,34,34,26,34,34,34,34,34,34,34,34,34,34,26,34,34,26,34,34,34,34,34,34,34,34,34,34,34,34,34,34,34,34,26,34,34,34,34,34,34,34,34,26,34,34,34,26,34,34,34,34	34,34,34,34,34	
CU458896	4678760	4	.	.	G	0.921053	39	31	3	3	34,34,34,34,34,34,34,34,34,34,34,34,34,34,34,34,34,34,34,34,34,26,34,34,34,34,34,34,34,34,34,34,26,34,34,26,34,34,34,34,34,34,34,34,34,34,34,34,34,34,34,34,26,34,34,34,34,34,34,34,34,26,34,34,34,26,34,34,34,34	34,34,34,34,34,34	
CU458896	4678760	5	.	.	G	0.933333	39	31	2	3	34,34,34,34,34,34,34,34,34,34,34,34,34,34,34,34,34,34,34,34,34,26,34,34,34,34,34,34,34,34,34,34,26,34,34,26,34,34,34,34,34,34,34,34,34,34,34,34,34,34,34,34,26,34,34,34,34,34,34,34,34,26,34,34,34,26,34,34,34,34	34,34,34,34,34	
CU458896	4678760	6	.	.	T	0.934211	40	31	2	3	34,34,34,34,34,34,34,34,34,34,34,34,34,34,34,34,34,34,34,34,34,26,34,34,34,34,34,34,34,34,34,34,26,34,34,26,34,34,34,34,34,34,34,34,34,34,34,34,34,34,34,34,34,26,34,34,34,34,34,34,34,34,26,34,34,34,26,34,34,34,34	34,34,34,26,34	
CU458896	4678760	7	.	.	G	0.934211	40	31	2	3	34,34,34,34,34,34,34,34,34,34,34,34,34,34,34,34,34,34,34,34,34,26,34,34,34,34,34,34,34,34,34,34,26,34,34,26,34,34,34,34,34,34,34,34,34,34,34,34,34,34,34,34,34,26,34,34,34,34,34,34,34,34,26,34,34,34,26,34,34,34,34	34,34,34,26,34	
CU458896	4678760	8	.	.	A	0.934211	40	31	2	3	34,34,34,34,34,34,34,34,34,34,34,34,34,34,34,34,34,34,34,34,34,26,34,34,34,34,34,34,34,34,34,34,26,34,34,26,34,34,34,34,34,34,34,34,34,34,34,34,34,34,34,34,34,26,34,34,34,34,34,34,34,34,26,34,34,34,26,34,34,34,34	34,34,34,34,34	
CU458896	4678760	9	.	.	A	0.934211	40	31	2	3	34,34,34,34,34,34,34,34,34,34,34,34,34,34,34,34,34,34,34,34,34,26,34,34,34,34,34,34,34,34,34,34,26,34,34,26,34,34,34,34,34,34,34,34,34,34,34,34,34,34,34,34,34,26,34,34,34,34,34,34,34,34,26,34,34,34,26,34,34,34,34	34,34,34,34,34	
CU458896	4678760	10	.	.	G	0.934211	40	31	2	3	34,34,34,34,34,34,34,34,34,34,34,34,34,34,34,34,34,34,34,34,34,26,34,34,34,34,34,34,34,34,34,34,26,34,34,26,34,34,34,34,34,34,34,34,34,34,34,34,34,34,34,34,34,26,34,34,34,34,34,34,34,34,26,34,34,34,26,34,34,34,34	34,34,34,34,34	
CU458896	4678760	11	.	.	A	0.934211	40	31	2	3	34,34,34,34,34,34,34,34,34,34,34,34,34,34,34,34,34,34,34,34,34,26,34,34,34,34,34,34,34,34,34,34,26,34,34,26,34,34,34,34,34,34,34,34,34,34,34,34,34,34,34,34,34,26,34,34,34,34,34,34,34,34,26,34,34,34,26,34,34,34,34	34,34,34,34,12	
CU458896	4687678	0	G	.	T	0.980769	22	29	1	0	34,34,34,34,34,34,34,34,34,34,34,34,34,34,34,34,34,34,34,34,34,34,34,34,34,34,34,34,34,34,34,34,34,34,34,34,34,34,34,34,34,34,34,34,34,34,34,34,34,34,34	12	
CU458896	4687679	0	T	.	T	0.980769	22	29	1	0	34,34,34,34,34,34,34,34,34,34,34,34,34,34,34,34,34,34,34,34,34,34,34,34,34,34,34,34,34,34,34,34,34,34,34,34,34,34,34,34,34,34,34,34,34,34,34,34,34,34,34	12	
CU458896	4692415	0	T	T	A	0.617647	15	6	13	0	12,12,34,12,12,12,34,26,34,34,34,34,34,34,34,34,34,34,34,34,34	34,34,26,12,26,12,12,12,26,12,12,12,12	
CU458896	4787130	0	A	A	C	0.7	17	32	20	1	34,12,34,34,26,34,34,34,34,34,34,34,34,12,12,34,12,26,34,12,26,26,12,12,34,34,34,34,26,26,12,12,12,12,34,34,12,12,12,26,34,12,12,34,34,34,34,34,34	12,26,12,12,12,12,12,12,12,12,26,12,12,12,12,12,12,12,26,12,12	
CU458896	4842988	1	.	C	.	0.84375	26	28	5	5	34,34,34,34,34,34,34,34,34,34,34,34,34,34,34,34,34,34,34,34,34,34,34,34,34,34,34,34,34,34,34,34,34,34,34,34,34,34,34,34,34,34,34,34,34,34,34,34,12,34,34,34,34,34	34,34,34,34,34,34,34,26,34,26	
CU458896	4982525	1	.	G	.	0.786667	33	26	8	8	34,34,34,34,34,34,34,34,34,34,34,12,34,34,34,34,34,34,34,34,34,12,34,34,34,34,34,34,34,34,34,34,34,34,34,34,34,34,34,34,26,34,34,34,34,34,34,34,34,12,34,34,34,34,34,34,34,34,34	34,34,34,34,34,34,34,34,34,34,34,34,34,34,34,34	
