ks_quality_p_value	fisher_strand_p_value	bias_p_value	bias_e_value
1	0.409091	0.774744	3943830
1	1	1	5090490
1	0.496083	0.843843	4295580
0.0336134	1	0.147658	751652
1	1	1	5090490
0.134262	0.000137746	0.000220043	1120.13
0.0753219	0.000137746	0.000129443	658.929
0.0146968	0.000137746	2.85651e-05	145.41
0.0753219	0.000137746	0.000129443	658.929
0.0326844	0.000137746	5.9928e-05	305.063
0.356024	0.000137746	0.000535666	2726.8
0.134262	0.000137746	0.000220043	1120.13
0.134262	0.000137746	0.000220043	1120.13
0.374941	1	0.742753	3780980
0.0526316	1	0.207602	1056800
1	0.247207	0.592686	3017060
1	1	1	5090490
1	1	1	5090490
0.13635	1	0.408032	2077080
1	0.48366	0.834978	4250450
1	0.489655	0.839295	4272430
1	1	1	5090490
0.2	1	0.521888	2656660
0.0235294	0.458824	0.0596859	303830
1	0.472222	0.826533	4207460
1	1	1	5090490
1	1	1	5090490
1	1	1	5090490
1	1	1	5090490
1	1	1	5090490
0.0985915	1	0.327005	1664620
1	0.475177	0.828741	4218700
1	1	1	5090490
1	0.492647	0.841423	4283250
1	0.488095	0.838179	4266740
1	0.503657	0.849095	4322310
1	1	1	5090490
1	0.485714	0.836465	4258020
1	1	1	5090490
1	0.492537	0.841345	4282860
1	1	1	5090490
1	0.469388	0.824398	4196590
1	1	1	5090490
0.149846	1	0.434276	2210680
1	0.495868	0.843692	4294810
0.0826446	0.495868	0.1719	875056
1	1	1	5090490
1	1	1	5090490
1	3.93048e-05	0.000438019	2229.73
1	0.609175	0.911113	4638010
1	0.489362	0.839086	4271360
1	1	1	5090490
1	1	1	5090490
1	1	1	5090490
0.189109	1	0.504057	2565900
1	0.494949	0.843047	4291520
0.158416	1	0.450302	2292260
0.202471	1	0.525849	2676830
0.22146	1	0.555313	2826820
0.242637	1	0.586256	2984330
1	0.410526	0.776024	3950340
0.0206186	0.484536	0.0560076	285106
0.163323	0.238026	0.165118	840532
0.0754717	1	0.27049	1376930
1	1	1	5090490
0.0422535	1	0.175947	895654
1	1	1	5090490
0.322014	0.614486	0.518453	2639180
0.193855	0.61146	0.371316	1890180
1	1	1	5090490
0.0612245	0.469388	0.130745	665554
1	0.448598	0.808207	4114170
1	0.0520372	0.205848	1047870
1	1	1	5090490
1	1	1	5090490
1	0.3769	0.744669	3790730
1	0.26087	0.611409	3112370
1	0.620824	0.916776	4666840
1	0.10922	0.351075	1787150
1	0.489362	0.839086	4271360
1	0.181488	0.49121	2500500
0.0434783	0.391304	0.0863211	439417
0.0434783	0.391304	0.0863211	439417
0.0629921	1	0.237149	1207210
0.0650012	0.199067	0.0691941	352232
1	0.199067	0.520384	2649010
0.587715	0.226981	0.402122	2047000
0.0670732	1	0.248303	1263980
0.0670732	1	0.248303	1263980
1	0.450206	0.809493	4120720
0.24844	0.450206	0.356866	1816620
1	0.488636	0.838567	4268720
1	0.0391796	0.166106	845560
0.084507	1	0.293317	1493130
1	1	1	5090490
1	0.429577	0.79255	4034470
1	0.471429	0.825937	4204430
1	1	1	5090490
1	1	1	5090490
1	0.443038	0.803715	4091300
0.0789474	0.473684	0.160287	815939
0.0681818	0.454545	0.138658	705838
0.0681818	0.454545	0.138658	705838
0.0681818	0.454545	0.138658	705838
1	0.454545	0.812935	4138240
1	0.454545	0.812935	4138240
0.0792683	1	0.280207	1426390
0.207707	0.49635	0.337339	1717220
1	0.496405	0.844069	4296730
1	1	1	5090490
1	1	1	5090490
1	1	1	5090490
1	0.492647	0.841423	4283250
1	1	1	5090490
1	1	1	5090490
1	1	1	5090490
1	0.436364	0.798231	4063390
1	1	1	5090490
1	1	1	5090490
1	0.421053	0.785262	3997370
1	0.492308	0.841182	4282030
1	1	1	5090490
1	1	1	5090490
1	1	1	5090490
1	1	1	5090490
1	1	1	5090490
1	0.457143	0.814976	4148630
1	0.433333	0.795707	4050540
1	1	1	5090490
1	1	1	5090490
0.0555556	0.458333	0.118926	605389
0.1	0.483333	0.194766	991453
0.0163934	0.47541	0.0456273	232265
1	1	1	5090490
1	1	1	5090490
1	0.499561	0.846269	4307930
0.142669	1	0.420478	2140440
1	0.380282	0.747954	3807460
1	1	1	5090490
1	1	1	5090490
1	0.45098	0.81011	4123860
1	1	1	5090490
1	0.4375	0.799172	4068180
1	0.4375	0.799172	4068180
1	0.448276	0.807948	4112850
0.169014	0.492958	0.290368	1478110
1	1	1	5090490
1	1	1	5090490
1	1	1	5090490
1	0.482143	0.833873	4244820
1	0.487179	0.837521	4263390
0.125	1	0.38493	1959480
1	1	1	5090490
1	0.497787	0.845035	4301640
1	0.490196	0.839681	4274390
1	0.4375	0.799172	4068180
1	1	1	5090490
1	1	1	5090490
1	1	1	5090490
0.03125	0.453125	0.0744445	378959
1	1	1	5090490
1	0.457627	0.815355	4150550
1	0.471698	0.82614	4205460
1	1	1	5090490
0.0612245	0.469388	0.130745	665554
1	0.454545	0.812935	4138240
1	0.466667	0.822332	4186070
0.0454545	0.454545	0.100816	513204
0.181818	0.454545	0.288695	1469600
1	0.486486	0.837022	4260860
1	0.22973	0.567628	2889510
1	0.45	0.809328	4119880
0.0555556	1	0.216132	1100220
1	0.451613	0.810613	4126420
0.102041	0.489796	0.199724	1016690
1	1	1	5090490
0.047619	1	0.192596	980410
1	1	1	5090490
0.108764	0.492958	0.210491	1071500
0.18006	0.230655	0.173656	883995
1	0.102908	0.336911	1715040
1	0.479452	0.831903	4234790
0.0571429	1	0.220697	1123460
1	1	1	5090490
1	1	1	5090490
1	0.491803	0.840824	4280210
1	1	1	5090490
1	1	1	5090490
1	1	1	5090490
1	0.503086	0.848703	4320320
0.117543	1	0.369198	1879400
1	0.478873	0.831477	4232630
1	0.428571	0.791699	4030140
0.0810811	0.472973	0.163407	831820
1	0.487179	0.837521	4263390
1	1	1	5090490
0.0394737	0.407895	0.0825804	420375
1	1	1	5090490
0.0735294	0.455882	0.147344	750051
1	0.442857	0.803568	4090550
0.0307692	1	0.137884	701899
0.0952381	0.492063	0.190289	968665
1	1	1	5090490
1	1	1	5090490
1	0.506731	0.851194	4332990
1	1	1	5090490
1	1	1	5090490
1	1	1	5090490
1	1	1	5090490
1	0.492063	0.841009	4281150
1	1	1	5090490
1	1	1	5090490
1	1	1	5090490
1	1	1	5090490
1	0.485294	0.836162	4256470
0.0675676	0.486486	0.14513	738782
1	1	1	5090490
1	1	1	5090490
1	0.432432	0.794953	4046700
1	1	1	5090490
1	0.428571	0.791699	4030140
1	1	1	5090490
0.0697674	0.488372	0.149212	759564
1	1	1	5090490
0.188235	1	0.5026	2558480
1	0.460317	0.81745	4161220
0.0350877	1	0.152628	776953
0.0895522	1	0.305636	1555840
1	1	1	5090490
1	1	1	5090490
1	1	1	5090490
1	1	1	5090490
0.0641026	1	0.24021	1222790
0.113119	0.661339	0.268777	1368210
0.0618557	0.566828	0.15254	776506
1	0.777525	0.973181	4953970
1	0.774636	0.972449	4950240
1	1	1	5090490
0.141245	1	0.417698	2126290
1	0.656081	0.9326	4747390
0.460873	0.653577	0.662654	3373230
1	0.506157	0.850804	4331010
0.00151983	0.366209	0.00472739	24064.7
0.490954	0.405969	0.520779	2651020
0.490954	0.405969	0.520779	2651020
0.518236	0.411838	0.54306	2764440
1	0.409146	0.774793	3944080
0.00136903	1	0.010396	52920.6
0.203723	0.670797	0.408643	2080190
0.229976	1	0.56799	2891350
1	0.816595	0.982047	4999100
0.445946	0.815041	0.731317	3722760
0.418117	0.815041	0.707638	3602230
0.00150587	1	0.0112916	57479.9
0.0867292	0.639797	0.21594	1099240
3.58628e-05	0.496276	0.000212443	1081.44
0.166036	0.4915	0.2861	1456390
0.197244	0.496561	0.325503	1656970
0.0370028	0.37986	0.0740001	376697
0.00658974	0.37986	0.0174977	89071.9
0.416898	0.37986	0.450204	2291760
0.017184	0.381567	0.0395196	201174
0.25508	0.376968	0.321335	1635750
1	0.410526	0.776024	3950340
0.136051	0.654646	0.30446	1549850
1	0.821182	0.982964	5003770
0.0915033	0.655567	0.228767	1164540
0.211747	0.655567	0.412919	2101960
0.159508	0.451369	0.26143	1330810
1	0.448256	0.807933	4112770
0.0816831	0.451332	0.158542	807054
0.0459803	0.451369	0.101176	515037
1	0.318814	0.683266	3478160
0.497831	0.585538	0.650835	3313070
0.414312	0.585502	0.586177	2983930
0.123284	0.585502	0.26192	1333300
0.439806	0.581072	0.604218	3075770
0.357565	0.581072	0.534245	2719570
0.338273	0.403848	0.408551	2079720
0.109883	0.400879	0.181593	924397
0.473721	0.257021	0.378142	1924930
1	1	1	5090490
0.625498	1	0.918986	4678090
0.537905	0.70989	0.74947	3815170
0.415405	0.458007	0.505968	2575630
0.397877	0.0936177	0.159801	813465
1	0.0330465	0.14573	741836
0.0622597	0.0330465	0.0147855	75265.5
0.23913	0.478261	0.362353	1844560
0.08	1	0.282058	1435820
0.08	1	0.282058	1435820
0.423077	0.418535	0.48362	2461860
0.163043	1	0.458762	2335320
0.466667	1	0.822332	4186070
1	0.597188	0.905052	4607160
0.0910679	0.484994	0.181959	926263
0.00326308	1	0.0219445	111708
0.39028	1	0.757491	3856000
0.588404	0.490885	0.647544	3296310
1	0.269105	0.622346	3168050
1	0.201062	0.523595	2665350
0.429573	0.204745	0.301762	1536120
0.0131895	0.272682	0.0238371	121343
0.627739	0.284048	0.485754	2472720
1	0.294135	0.654072	3329550
1	0.286708	0.64489	3282800
1	0.291951	0.651392	3315900
1	0.226605	0.56301	2866000
1	0.491525	0.840627	4279210
1	0.492308	0.841182	4282030
1	1	1	5090490
1	0.438596	0.800077	4072780
1	0.493333	0.841908	4285720
1	0.473684	0.827628	4213030
1	0.423077	0.787008	4006260
1	1	1	5090490
1	0.469697	0.824632	4197780
1	0.469697	0.824632	4197780
1	1	1	5090490
1	1	1	5090490
1	0.471698	0.82614	4205460
0.0769231	0.480769	0.158924	809004
0.113208	0.471698	0.209858	1068280
0.222222	0.444444	0.327408	1666670
1	0.043286	0.179201	912220
1	0.428571	0.791699	4030140
0.128205	0.410256	0.2075	1056280
0.266667	1	0.619135	3151700
0.0204082	1	0.0998331	508199
1	0.446429	0.806462	4105290
1	0.480769	0.832869	4239710
1	1	1	5090490
1	1	1	5090490
1	1	1	5090490
1	1	1	5090490
1	0.491525	0.840627	4279210
1	1	1	5090490
1	1	1	5090490
1	0.422535	0.786542	4003880
1	1	1	5090490
1	0.42029	0.784602	3994010
1	0.493333	0.841908	4285720
1	1	1	5090490
1	0.502304	0.848165	4317580
1	1	1	5090490
1	0.490909	0.840189	4276980
1	1	1	5090490
1	1	1	5090490
1	1	1	5090490
1	1	1	5090490
1	1	1	5090490
1	1	1	5090490
1	0.469136	0.824207	4195620
1	1	1	5090490
1	1	1	5090490
1	0.476923	0.830037	4225300
1	1	1	5090490
1	0.465753	0.821635	4182530
1	1	1	5090490
1	0.477612	0.830546	4227890
1	0.493333	0.841908	4285720
1	1	1	5090490
1	1	1	5090490
1	0.462687	0.819282	4170550
1	1	1	5090490
1	1	1	5090490
1	1	1	5090490
1	1	1	5090490
1	1	1	5090490
0.0952381	0.492063	0.190289	968665
1	0.480519	0.832686	4238780
1	0.485294	0.836162	4256470
0.174825	0.176224	0.13802	702592
1	0.45283	0.81158	4131340
1	1	1	5090490
1	0.480769	0.832869	4239710
1	1	1	5090490
1	0.478261	0.831026	4230330
0.150685	1	0.435866	2218770
1	1	1	5090490
1	0.484848	0.835839	4254830
0.084472	1	0.293231	1492690
1	1	1	5090490
1	1	1	5090490
1	1	1	5090490
1	1	1	5090490
1	1	1	5090490
0.280161	1	0.636635	3240790
1	1	1	5090490
1	1	1	5090490
1	0.479167	0.831693	4233720
1	0.47541	0.828914	4219580
1	1	1	5090490
1	1	1	5090490
1	1	1	5090490
1	1	1	5090490
1	0.486842	0.837279	4262160
0.172494	1	0.475634	2421210
1	1	1	5090490
1	0.450704	0.80989	4122740
1	0.431818	0.794438	4044080
1	0.494987	0.843074	4291660
1	1	1	5090490
1	0.482143	0.833873	4244820
1	0.478261	0.831026	4230330
1	1	1	5090490
1	0.455882	0.813987	4143590
1	0.416667	0.781445	3977940
1	1	1	5090490
1	0.444444	0.804858	4097120
0.216667	0.483333	0.341022	1735970
1	1	1	5090490
1	1	1	5090490
1	1	1	5090490
1	1	1	5090490
1	1	1	5090490
1	1	1	5090490
0.15625	1	0.446297	2271870
1	1	1	5090490
1	0.45	0.809328	4119880
0.0416667	0.486111	0.099235	505155
0.0188679	1	0.0937791	477382
1	1	1	5090490
1	1	1	5090490
1	0.433333	0.795707	4050540
1	1	1	5090490
1	1	1	5090490
1	1	1	5090490
1	1	1	5090490
1	0.461538	0.818395	4166030
1	0.492308	0.841182	4282030
0.209677	0.483871	0.333602	1698200
1	0.470588	0.825304	4201200
1	0.433962	0.796233	4053220
0.0138889	1	0.073287	373067
1	1	1	5090490
1	1	1	5090490
1	0.446429	0.806462	4105290
1	1	1	5090490
1	0.447761	0.807535	4110750
1	0.439394	0.800733	4076130
1	1	1	5090490
1	1	1	5090490
0.221469	1	0.555327	2826890
1	0.484375	0.835496	4253090
0.0416667	0.444444	0.0923886	470303
0.0638298	0.478723	0.137144	698131
0.0851064	1	0.294796	1500660
1	1	1	5090490
1	0.471429	0.825937	4204430
1	1	1	5090490
1	1	1	5090490
1	0.43662	0.798443	4064470
0.21147	1	0.540024	2748990
0.0363636	1	0.156879	798594
0.379699	1	0.747391	3804590
1	0.462963	0.819495	4171630
1	0.462963	0.819495	4171630
1	0.24	0.582508	2965250
1	0.375	0.742811	3781270
1	1	1	5090490
1	1	1	5090490
1	0.474359	0.828132	4215600
1	0.459459	0.816783	4157830
1	1	1	5090490
0.156863	1	0.447433	2277650
1	0.114513	0.362671	1846170
0.278155	1	0.634075	3227750
1	1	1	5090490
1	1	1	5090490
1	1	1	5090490
1	1	1	5090490
1	0.475	0.828609	4218030
1	0.481481	0.83339	4242370
1	1	1	5090490
1	1	1	5090490
1	0.44	0.801231	4078660
1	0.484848	0.835839	4254830
0.0434783	1	0.179804	915291
0.057971	1	0.223062	1135490
1	0.454545	0.812935	4138240
1	1	1	5090490
1	0.470588	0.825304	4201200
1	0.464789	0.820897	4178770
1	0.478873	0.831477	4232630
1	0.478261	0.831026	4230330
1	0.426471	0.789914	4021050
1	1	1	5090490
1	1	1	5090490
1	1	1	5090490
1	0.116336	0.366607	1866210
1	1	1	5090490
1	0.466667	0.822332	4186070
1	1	1	5090490
1	0.491803	0.840824	4280210
1	1	1	5090490
1	0.473684	0.827628	4213030
0.226415	1	0.562729	2864570
1	1	1	5090490
0.0961538	0.480769	0.18834	958744
1	1	1	5090490
1	0.462687	0.819282	4170550
1	1	1	5090490
0.0428571	1	0.177852	905355
1	0.428571	0.791699	4030140
0.206349	0.47619	0.32624	1660720
1	0.492958	0.841642	4284370
1	0.492308	0.841182	4282030
1	0.473684	0.827628	4213030
1	0.473684	0.827628	4213030
1	0.490909	0.840189	4276980
1	1	1	5090490
1	0.493269	0.841863	4285490
1	1	1	5090490
1	1	1	5090490
1	1	1	5090490
1	1	1	5090490
0.179104	1	0.487126	2479710
1	1	1	5090490
1	0.226244	0.562475	2863270
1	0.490566	0.839945	4275730
1	1	1	5090490
1	0.480519	0.832686	4238780
1	0.477273	0.830296	4226610
1	0.4375	0.799172	4068180
1	1	1	5090490
1	0.438596	0.800077	4072780
1	1	1	5090490
1	1	1	5090490
1	1	1	5090490
1	1	1	5090490
1	0.474576	0.828294	4216420
1	1	1	5090490
1	0.17037	0.471889	2402140
1	0.318182	0.682542	3474470
1	0.165217	0.46269	2355320
1	1	1	5090490
1	0.486111	0.836752	4259480
1	0.486111	0.836752	4259480
0.093702	1	0.315554	1606330
0.0583845	1	0.224238	1141480
0.103448	0.482759	0.199608	1016110
1	1	1	5090490
1	0.431034	0.793779	4040720
1	0.416667	0.781445	3977940
1	0.224138	0.559335	2847290
0.298784	0.491803	0.428737	2182480
1	0.491803	0.840824	4280210
0.0961538	1	0.321327	1635710
1	0.444444	0.804858	4097120
1	1	1	5090490
0.0188679	1	0.0937791	477382
1	0.45283	0.81158	4131340
0.0188679	0.45283	0.0492349	250630
1	0.45283	0.81158	4131340
0.0731707	1	0.264509	1346480
1	0.497886	0.845104	4301990
1	0.434783	0.796917	4056700
1	0.459459	0.816783	4157830
1	0.473684	0.827628	4213030
1	1	1	5090490
1	1	1	5090490
1	1	1	5090490
1	1	1	5090490
0.037037	1	0.159105	809923
0.0555556	1	0.216132	1100220
1	1	1	5090490
1	1	1	5090490
1	1	1	5090490
1	0.483333	0.83474	4249240
1	1	1	5090490
1	0.448276	0.807948	4112850
1	0.444444	0.804858	4097120
1	1	1	5090490
1	1	1	5090490
1	0.410256	0.775784	3949120
1	0.485714	0.836465	4258020
1	1	1	5090490
1	0.498539	0.845559	4304310
1	1	1	5090490
0.0806452	0.467742	0.161353	821368
1	1	1	5090490
0.0789474	1	0.279393	1422250
1	1	1	5090490
1	0.491228	0.840416	4278130
1	1	1	5090490
1	1	1	5090490
1	0.459016	0.816438	4156070
1	0.436364	0.798231	4063390
1	0.474576	0.828294	4216420
1	1	1	5090490
1	0.436364	0.798231	4063390
1	0.444444	0.804858	4097120
1	1	1	5090490
1	1	1	5090490
1	1	1	5090490
1	1	1	5090490
1	1	1	5090490
1	1	1	5090490
0.176423	1	0.482495	2456140
0.0981013	1	0.325868	1658830
1	1	1	5090490
1	1	1	5090490
1	0.477273	0.830296	4226610
1	1	1	5090490
0.288566	0.529946	0.440088	2240260
0.134301	0.529946	0.259256	1319740
0.0655738	0.42623	0.127935	651251
1	1	1	5090490
1	1	1	5090490
1	1	1	5090490
1	1	1	5090490
1	1	1	5090490
1	0.515789	0.857271	4363930
1	1	1	5090490
1	1	1	5090490
1	1	1	5090490
1	1	1	5090490
1	0.403509	0.769716	3918230
0.0793651	0.428571	0.149013	758551
1	1	1	5090490
1	1	1	5090490
0.141414	1	0.418029	2127970
1	1	1	5090490
1	0.432836	0.795291	4048420
1	1	1	5090490
1	1	1	5090490
1	1	1	5090490
1	1	1	5090490
1	0.464286	0.820511	4176810
1	1	1	5090490
1	0.471429	0.825937	4204430
1	1	1	5090490
1	0.628768	0.920512	4685860
1	0.409836	0.775409	3947210
1	0.454545	0.812935	4138240
0.0727273	0.454545	0.145768	742033
1	0.449275	0.808749	4116930
1	1	1	5090490
1	0.493168	0.841791	4285130
1	1	1	5090490
0.12963	0.425926	0.215139	1095170
1	0.46875	0.823915	4194130
0.04	1	0.168755	859046
0.207729	1	0.53418	2719240
0.115294	1	0.36436	1854770
0.0806452	1	0.283685	1444100
0.0895522	1	0.305636	1555840
1	1	1	5090490
0.225015	1	0.560644	2853950
1	1	1	5090490
1	0.490909	0.840189	4276980
1	0.454545	0.812935	4138240
1	0.496488	0.844127	4297020
1	0.492958	0.841642	4284370
1	1	1	5090490
0.0384615	1	0.163773	833685
1	0.473684	0.827628	4213030
1	1	1	5090490
1	0.480519	0.832686	4238780
1	1	1	5090490
1	0.497479	0.84482	4300550
1	0.4	0.766516	3901940
1	1	1	5090490
1	1	1	5090490
1	1	1	5090490
1	1	1	5090490
1	0.492308	0.841182	4282030
1	1	1	5090490
1	1	1	5090490
1	1	1	5090490
1	0.444444	0.804858	4097120
1	0.425532	0.789113	4016970
0.188732	1	0.50343	2562700
1	1	1	5090490
1	1	1	5090490
1	0.413043	0.778258	3961710
1	1	1	5090490
1	1	1	5090490
1	0.444444	0.804858	4097120
1	0.490196	0.839681	4274390
0.0277778	1	0.12732	648121
1	0.487179	0.837521	4263390
1	1	1	5090490
1	1	1	5090490
1	0.206531	0.532293	2709630
1	0.486111	0.836752	4259480
0.0833333	1	0.290409	1478320
1	1	1	5090490
1	1	1	5090490
0.175	1	0.48002	2443540
1	0.453125	0.811813	4132530
0.136821	0.199598	0.125637	639552
1	0.460526	0.817612	4162040
1	0.48	0.832305	4236840
1	1	1	5090490
1	1	1	5090490
1	0.480519	0.832686	4238780
1	1	1	5090490
1	0.466667	0.822332	4186070
1	0.439394	0.800733	4076130
1	1	1	5090490
0.105195	1	0.342087	1741390
1	0.481481	0.83339	4242370
0.08	1	0.282058	1435820
1	0.474576	0.828294	4216420
1	0.247312	0.592832	3017810
1	0.42	0.78435	3992730
1	0.216471	0.547736	2788240
1	1	1	5090490
1	1	1	5090490
1	0.454545	0.812935	4138240
1	1	1	5090490
0.0625	1	0.235787	1200270
1	1	1	5090490
1	0.463768	0.820114	4174780
1	0.411765	0.777125	3955950
1	1	1	5090490
1	1	1	5090490
0.112903	0.467742	0.208126	1059460
1	0.193548	0.511399	2603270
1	1	1	5090490
1	0.487179	0.837521	4263390
1	1	1	5090490
1	0.42623	0.789708	4020000
1	1	1	5090490
0.060241	1	0.229482	1168180
0.0714286	0.482143	0.150448	765856
0.103383	1	0.337993	1720550
0.191781	0.493151	0.317621	1616850
1	1	1	5090490
1	0.500907	0.847202	4312670
1	0.430769	0.793556	4039590
1	0.392857	0.759907	3868300
0.305085	1	0.667271	3396740
1	0.443038	0.803715	4091300
1	1	1	5090490
1	1	1	5090490
1	0.45283	0.81158	4131340
0.031746	0.492063	0.0805912	410249
1	1	1	5090490
1	0.0552035	0.215113	1095030
1	0.453125	0.811813	4132530
1	1	1	5090490
1	0.432432	0.794953	4046700
1	1	1	5090490
1	0.45	0.809328	4119880
1	1	1	5090490
1	1	1	5090490
1	1	1	5090490
1	0.472727	0.826912	4209390
1	0.47619	0.829494	4222530
1	0.469697	0.824632	4197780
1	1	1	5090490
0.211039	0.590961	0.384339	1956470
1	0.594481	0.903651	4600030
1	0.41791	0.782532	3983470
1	1	1	5090490
1	1	1	5090490
1	0.488889	0.838748	4269640
1	0.491265	0.840442	4278260
1	0.485294	0.836162	4256470
1	1	1	5090490
1	0.491803	0.840824	4280210
1	0.472222	0.826533	4207460
1	0.472727	0.826912	4209390
1	0.492754	0.841498	4283640
1	1	1	5090490
1	1	1	5090490
0.174825	1	0.479715	2441980
0.125859	1	0.386714	1968570
1	1	1	5090490
1	1	1	5090490
0.0357143	0.464286	0.0845574	430439
1	1	1	5090490
0.356452	0.282595	0.33194	1689740
1	1	1	5090490
1	0.476923	0.830037	4225300
1	0.49492	0.843027	4291420
1	0.481481	0.83339	4242370
1	0.403846	0.770022	3919790
1	1	1	5090490
1	1	1	5090490
1	1	1	5090490
1	0.452381	0.811223	4129530
0.156863	0.490196	0.274151	1395560
0.0392157	0.490196	0.095187	484549
1	1	1	5090490
1	0.493671	0.842146	4286940
1	1	1	5090490
1	1	1	5090490
1	1	1	5090490
1	1	1	5090490
1	1	1	5090490
1	1	1	5090490
1	0.225064	0.560718	2854330
1	0.471698	0.82614	4205460
1	1	1	5090490
1	0.236364	0.577291	2938690
1	0.485294	0.836162	4256470
1	0.40625	0.772195	3930850
1	1	1	5090490
1	1	1	5090490
1	1	1	5090490
1	1	1	5090490
1	0.354839	0.722484	3677800
1	1	1	5090490
1	1	1	5090490
1	1	1	5090490
0.118644	1	0.371549	1891370
1	0.482143	0.833873	4244820
1	1	1	5090490
1	0.472973	0.827096	4210320
1	0.45283	0.81158	4131340
1	1	1	5090490
0.0357143	1	0.154722	787609
1	0.47619	0.829494	4222530
1	1	1	5090490
1	1	1	5090490
1	0.454545	0.812935	4138240
0.315282	0.615321	0.512139	2607040
0.353322	0.615321	0.549166	2795520
0.178571	0.452381	0.28403	1445850
1	0.182216	0.49245	2506810
1	1	1	5090490
1	1	1	5090490
1	0.464286	0.820511	4176810
0.105263	1	0.342241	1742180
1	1	1	5090490
1	1	1	5090490
1	0.493151	0.841779	4285070
1	1	1	5090490
0.0735294	0.470588	0.150998	768654
1	1	1	5090490
0.0666667	0.493333	0.145192	739098
1	0.488372	0.838377	4267750
1	1	1	5090490
1	1	1	5090490
0.208333	1	0.535128	2724070
1	0.40625	0.772195	3930850
0.0714286	0.428571	0.137337	699115
1	0.447761	0.807535	4110750
1	1	1	5090490
1	0.446154	0.806241	4104160
1	0.47561	0.829063	4220340
1	0.494118	0.842462	4288540
1	1	1	5090490
1	1	1	5090490
1	0.442623	0.803377	4089580
1	0.454545	0.812935	4138240
0.0163934	0.47541	0.0456273	232265
1	1	1	5090490
1	1	1	5090490
1	0.48	0.832305	4236840
1	1	1	5090490
1	1	1	5090490
1	1	1	5090490
1	1	1	5090490
0.0338983	0.474576	0.0825236	420085
1	0.474576	0.828294	4216420
1	0.467532	0.822991	4189430
1	0.47619	0.829494	4222530
1	0.206557	0.532335	2709850
1	1	1	5090490
1	0.468354	0.823615	4192610
1	1	1	5090490
1	1	1	5090490
0.116689	1	0.367366	1870070
0.0847458	0.474576	0.169457	862620
1	1	1	5090490
1	0.465517	0.821455	4181610
0.0714286	1	0.259933	1323180
1	0.441176	0.802196	4083570
1	0.463768	0.820114	4174780
1	0.466667	0.822332	4186070
0.163647	1	0.459855	2340890
1	0.461538	0.818395	4166030
0.0727273	1	0.263348	1340570
0.0999416	1	0.330124	1680490
0.101695	0.423729	0.178588	909102
1	1	1	5090490
1	0.466667	0.822332	4186070
0.12	0.44	0.208098	1059320
0.150943	0.415094	0.236218	1202470
0.0943396	0.415094	0.166042	845234
0.0824468	1	0.288201	1467090
0.0425532	1	0.176894	900475
0.375181	1	0.742989	3782180
0.184766	1	0.496774	2528820
0.138961	1	0.413209	2103440
1	0.492332	0.8412	4282120
1	1	1	5090490
0.0666667	0.433333	0.13128	668278
1	0.4375	0.799172	4068180
1	0.430769	0.793556	4039590
1	0.466667	0.822332	4186070
1	0.492063	0.841009	4281150
1	1	1	5090490
1	1	1	5090490
1	1	1	5090490
0.200269	0.764328	0.440363	2241660
1	0.764328	0.969747	4936490
0.494361	0.769331	0.747998	3807680
0.174268	0.762837	0.401191	2042260
0.26009	0.571279	0.431875	2198460
1	0.590897	0.901776	4590480
0.385087	0.590897	0.564407	2873110
0.276411	0.413281	0.362068	1843110
1	0.26035	0.61071	3108820
0.44916	0.28982	0.395587	2013730
1	0.174713	0.47952	2440990
0.316509	0.192824	0.231695	1179440
0.365509	0.34447	0.386813	1969070
1	0.225895	0.561955	2860630
0.0774678	0.386384	0.134959	687009
1	0.553744	0.881036	4484900
0.363376	0.553744	0.523843	2666620
1	1	1	5090490
1	0.551163	0.879504	4477110
1	1	1	5090490
0.406315	0.461161	0.501165	2551170
0.315673	0.630404	0.520278	2648470
0.522924	0.643065	0.702755	3577370
0.229314	0.643065	0.429734	2187560
0.177755	0.641864	0.361763	1841550
1	0.831556	0.984942	5013840
1	0.836238	0.985792	5018170
0.10492	0.685506	0.261236	1329820
0.227419	0.697724	0.45078	2294690
0.406894	0.338688	0.410933	2091850
1	0.696768	0.948512	4828390
1	0.570701	0.890802	4534620
1	0.317772	0.682072	3472080
0.218939	0.419827	0.31131	1584720
1	0.320429	0.685108	3487530
0.420858	0.376798	0.450602	2293780
0.114509	0.476732	0.213333	1085970
1	0.473451	0.827454	4212150
1	0.627681	0.920007	4683280
0.358186	0.75247	0.622897	3170850
1	1	1	5090490
1	1	1	5090490
0.0441176	1	0.181804	925473
1	0.457627	0.815355	4150550
1	1	1	5090490
0.1	1	0.330259	1681180
1	0.470588	0.825304	4201200
1	1	1	5090490
0.0144928	1	0.0758566	386147
0.0746269	1	0.268303	1365790
0.164179	1	0.460817	2345790
0.016129	1	0.0826957	420962
1	1	1	5090490
0.0405405	1	0.170491	867885
0.0833333	1	0.290409	1478320
1	0.42623	0.789708	4020000
1	1	1	5090490
1	0.488372	0.838377	4267750
1	1	1	5090490
1	1	1	5090490
1	1	1	5090490
1	0.453125	0.811813	4132530
1	0.480769	0.832869	4239710
0.0307692	1	0.137884	701899
0.0298507	1	0.134673	685552
1	0.457143	0.814976	4148630
1	1	1	5090490
0.280702	0.438596	0.380996	1939460
1	1	1	5090490
1	0.471429	0.825937	4204430
1	1	1	5090490
1	1	1	5090490
1	0.407407	0.773235	3936150
0.0384615	1	0.163773	833685
1	0.507692	0.851847	4336320
0.0769231	0.507692	0.165696	843475
1	0.232298	0.571392	2908660
1	1	1	5090490
1	1	1	5090490
1	1	1	5090490
1	1	1	5090490
1	0.478261	0.831026	4230330
1	1	1	5090490
1	0.433333	0.795707	4050540
1	0.416667	0.781445	3977940
1	1	1	5090490
1	1	1	5090490
1	1	1	5090490
1	0.480519	0.832686	4238780
0.100566	1	0.33156	1687810
0.0434783	0.492754	0.103762	528199
1	0.393939	0.760917	3873440
1	1	1	5090490
1	1	1	5090490
0.025641	1	0.119579	608713
1	1	1	5090490
0.0566038	0.471698	0.123436	628351
0.06	0.48	0.130965	666674
0.0217391	1	0.10497	534351
0.0454545	1	0.185956	946610
0.0454545	1	0.185956	946610
0.0588235	1	0.225483	1147820
1	1	1	5090490
1	1	1	5090490
1	1	1	5090490
0.0294118	1	0.133128	677688
0.05	1	0.199787	1017010
0.0243902	1	0.114965	585229
0.0555556	1	0.216132	1100220
0.0833333	1	0.290409	1478320
0.0833333	1	0.290409	1478320
1	0.486486	0.837022	4260860
1	1	1	5090490
1	1	1	5090490
0.0454545	0.469697	0.103477	526747
1	1	1	5090490
1	1	1	5090490
1	1	1	5090490
1	1	1	5090490
1	0.471429	0.825937	4204430
0.142857	0.428571	0.232237	1182200
0.0597015	1	0.227964	1160450
1	0.484848	0.835839	4254830
1	0.492063	0.841009	4281150
1	0.478261	0.831026	4230330
1	1	1	5090490
1	1	1	5090490
1	1	1	5090490
0.24	0.48	0.364157	1853740
1	0.478261	0.831026	4230330
1	1	1	5090490
0.129032	0.467742	0.229799	1169790
0.18006	1	0.488766	2488060
1	1	1	5090490
1	1	1	5090490
1	1	1	5090490
1	1	1	5090490
0.104478	1	0.34047	1733160
1	1	1	5090490
1	1	1	5090490
1	0.483871	0.835131	4251230
1	1	1	5090490
1	0.454545	0.812935	4138240
1	1	1	5090490
1	0.433333	0.795707	4050540
1	0.479167	0.831693	4233720
1	0.492063	0.841009	4281150
1	0.492063	0.841009	4281150
1	0.447761	0.807535	4110750
1	0.491228	0.840416	4278130
1	0.454545	0.812935	4138240
1	1	1	5090490
1	1	1	5090490
1	0.477273	0.830296	4226610
0.111111	1	0.355247	1808380
0.0441176	1	0.181804	925473
1	0.467532	0.822991	4189430
1	1	1	5090490
1	1	1	5090490
1	1	1	5090490
1	1	1	5090490
0.05	1	0.199787	1017010
1	0.447761	0.807535	4110750
1	0.434783	0.796917	4056700
1	1	1	5090490
1	0.492958	0.841642	4284370
0.062004	1	0.23441	1193260
1	1	1	5090490
0.0217391	1	0.10497	534351
1	1	1	5090490
1	1	1	5090490
1	1	1	5090490
1	1	1	5090490
1	0.454545	0.812935	4138240
1	1	1	5090490
0.308176	1	0.670925	3415340
1	0.482143	0.833873	4244820
1	0.483333	0.83474	4249240
1	1	1	5090490
1	1	1	5090490
1	0.519209	0.859524	4375400
0.12	0.493333	0.226549	1153240
1	1	1	5090490
1	0.469388	0.824398	4196590
1	0.382353	0.749951	3817620
1	1	1	5090490
0.263866	1	0.615418	3132780
1	1	1	5090490
0.120192	0.492308	0.226468	1152830
1	1	1	5090490
0.285714	1	0.643647	3276480
1	1	1	5090490
0.118644	0.491525	0.224045	1140500
1	1	1	5090490
0.0625	1	0.235787	1200270
1	1	1	5090490
1	0.482353	0.834026	4245600
1	1	1	5090490
0.0806452	1	0.283685	1444100
1	1	1	5090490
1	1	1	5090490
1	1	1	5090490
0.195114	0.660659	0.392988	2000500
1	0.45283	0.81158	4131340
0.0757576	0.393939	0.134649	685429
1	0.47619	0.829494	4222530
1	0.485887	0.83659	4258650
1	1	1	5090490
1	1	1	5090490
1	0.474576	0.828294	4216420
1	1	1	5090490
1	0.218634	0.551035	2805040
1	1	1	5090490
1	1	1	5090490
1	1	1	5090490
0.126984	1	0.38904	1980410
1	0.473684	0.827628	4213030
1	1	1	5090490
0.0841813	1	0.292512	1489030
0.025	1	0.117222	596717
1	1	1	5090490
0.303735	0.0215542	0.039469	200917
1	0.0215542	0.104262	530742
0.303735	0.0215542	0.039469	200917
1	0.44898	0.808513	4115730
0.125	1	0.38493	1959480
1	1	1	5090490
0.0877193	0.45614	0.168795	859248
1	1	1	5090490
0.109091	0.490909	0.210309	1070580
0.046875	0.484375	0.108648	553070
1	1	1	5090490
1	1	1	5090490
1	0.492063	0.841009	4281150
1	1	1	5090490
1	1	1	5090490
0.0925926	1	0.312921	1592920
1	1	1	5090490
1	0.291167	0.650426	3310990
1	1	1	5090490
0.353614	1	0.721213	3671330
0.188913	1	0.50373	2564240
0.19563	1	0.514807	2620620
1	1	1	5090490
0.134977	0.496479	0.24814	1263160
1	0.436364	0.798231	4063390
1	0.492537	0.841345	4282860
0.074746	1	0.268612	1367370
1	1	1	5090490
1	1	1	5090490
1	1	1	5090490
1	1	1	5090490
0.0824468	1	0.288201	1467090
0.067575	0.778342	0.207499	1056270
0.411765	1	0.777125	3955950
1	1	1	5090490
0.0853659	1	0.295435	1503910
1	1	1	5090490
1	1	1	5090490
1	1	1	5090490
1	0.482143	0.833873	4244820
1	1	1	5090490
1	0.411765	0.777125	3955950
1	0.431034	0.793779	4040720
0.031746	1	0.141269	719131
1	1	1	5090490
1	0.47619	0.829494	4222530
1	1	1	5090490
0.0701754	0.473684	0.146392	745209
1	0.491228	0.840416	4278130
1	0.243243	0.587115	2988700
1	1	1	5090490
1	0.462687	0.819282	4170550
1	0.449438	0.80888	4117590
1	1	1	5090490
1	1	1	5090490
1	0.490909	0.840189	4276980
1	1	1	5090490
0.0461538	1	0.188113	957586
1	1	1	5090490
1	0.483333	0.83474	4249240
0.057971	0.463768	0.124107	631763
1	1	1	5090490
0.21174	1	0.540444	2751130
1	1	1	5090490
1	0.415385	0.780321	3972220
0.0704225	1	0.257271	1309630
1	1	1	5090490
0.0694444	1	0.254669	1296390
0.160798	0.496479	0.281636	1433670
0.0985915	1	0.327005	1664620
0.238095	1	0.579782	2951380
1	1	1	5090490
0.167519	1	0.466819	2376340
1	1	1	5090490
0.054414	1	0.21282	1083360
0.156609	1	0.446962	2275260
1	0.496479	0.844121	4296990
0.028169	1	0.128719	655244
1	0.119755	0.373912	1903400
0.030303	1	0.136258	693619
1	0.460526	0.817612	4162040
0.0566038	0.433962	0.115609	588509
0.206349	1	0.532007	2708170
1	0.47619	0.829494	4222530
1	0.469697	0.824632	4197780
1	1	1	5090490
1	0.472727	0.826912	4209390
1	1	1	5090490
1	1	1	5090490
1	0.47541	0.828914	4219580
1	0.485714	0.836465	4258020
1	0.484375	0.835496	4253090
1	0.48	0.832305	4236840
1	1	1	5090490
1	0.454545	0.812935	4138240
1	0.495914	0.843725	4294970
1	1	1	5090490
1	1	1	5090490
1	0.416667	0.781445	3977940
1	1	1	5090490
1	1	1	5090490
1	1	1	5090490
1	1	1	5090490
1	0.465753	0.821635	4182530
1	1	1	5090490
1	0.113193	0.359802	1831570
1	1	1	5090490
1	0.491228	0.840416	4278130
1	0.460317	0.81745	4161220
1	1	1	5090490
1	0.227114	0.563766	2869840
1	0.419355	0.78379	3989880
1	0.491525	0.840627	4279210
1	1	1	5090490
1	1	1	5090490
1	1	1	5090490
1	1	1	5090490
1	1	1	5090490
1	0.444444	0.804858	4097120
1	0.386364	0.753786	3837140
1	0.482759	0.834322	4247110
1	1	1	5090490
0.0666667	0.466667	0.139073	707948
1	1	1	5090490
1	1	1	5090490
1	0.462963	0.819495	4171630
1	1	1	5090490
1	0.494902	0.843014	4291350
1	0.522727	0.861818	4387080
1	0.484375	0.835496	4253090
1	1	1	5090490
1	0.477612	0.830546	4227890
1	1	1	5090490
1	0.339623	0.706388	3595860
0.142857	0.326531	0.189628	965298
1	0.472222	0.826533	4207460
1	1	1	5090490
1	1	1	5090490
1	0.459016	0.816438	4156070
1	1	1	5090490
0.173077	0.365385	0.237833	1210690
1	0.121304	0.377189	1920080
1	1	1	5090490
1	1	1	5090490
0.104478	1	0.34047	1733160
1	0.221858	0.555913	2829870
1	1	1	5090490
1	1	1	5090490
1	1	1	5090490
1	0.489362	0.839086	4271360
1	0.494949	0.843047	4291520
0.0483871	1	0.194928	992282
1	1	1	5090490
1	0.423077	0.787008	4006260
0.163934	1	0.460375	2343540
1	1	1	5090490
1	0.46875	0.823915	4194130
1	0.38806	0.755395	3845330
1	0.486486	0.837022	4260860
1	1	1	5090490
1	1	1	5090490
1	0.464286	0.820511	4176810
1	1	1	5090490
1	0.444444	0.804858	4097120
0.0357143	1	0.154722	787609
1	1	1	5090490
1	1	1	5090490
1	1	1	5090490
1	0.47541	0.828914	4219580
1	0.423077	0.787008	4006260
1	0.433962	0.796233	4053220
1	0.484375	0.835496	4253090
1	0.456522	0.814489	4146150
1	0.4	0.766516	3901940
1	1	1	5090490
1	0.421053	0.785262	3997370
1	1	1	5090490
1	0.480769	0.832869	4239710
1	1	1	5090490
1	1	1	5090490
1	1	1	5090490
1	1	1	5090490
1	0.490566	0.839945	4275730
1	0.490566	0.839945	4275730
1	1	1	5090490
1	0.473684	0.827628	4213030
1	1	1	5090490
1	1	1	5090490
1	1	1	5090490
1	0.112809	0.358965	1827310
1	0.0357544	0.154855	788288
1	0.45	0.809328	4119880
1	1	1	5090490
0.107692	1	0.347682	1769870
1	0.494505	0.842735	4289930
1	0.435897	0.797844	4061420
1	0.471698	0.82614	4205460
1	0.481481	0.83339	4242370
1	0.479452	0.831903	4234790
1	0.439024	0.800429	4074580
1	0.444444	0.804858	4097120
1	1	1	5090490
1	0.483333	0.83474	4249240
0.114754	1	0.363193	1848830
0.0408163	0.489796	0.0982079	499926
1	0.457143	0.814976	4148630
1	0.489362	0.839086	4271360
1	1	1	5090490
1	1	1	5090490
1	1	1	5090490
0.0185185	1	0.0923886	470303
1	0.430556	0.793376	4038670
1	0.479167	0.831693	4233720
1	0.444444	0.804858	4097120
1	1	1	5090490
1	0.493151	0.841779	4285070
1	1	1	5090490
1	0.491228	0.840416	4278130
1	0.492063	0.841009	4281150
1	0.486111	0.836752	4259480
1	1	1	5090490
0.0892857	0.464286	0.173409	882739
1	1	1	5090490
1	1	1	5090490
1	0.475	0.828609	4218030
0.111111	1	0.355247	1808380
0.333333	1	0.699537	3560990
1	1	1	5090490
1	0.0829726	0.289512	1473760
1	0.454545	0.812935	4138240
0.0147059	1	0.0767575	390733
1	1	1	5090490
1	0.483871	0.835131	4251230
1	1	1	5090490
1	0.472973	0.827096	4210320
1	0.206531	0.532293	2709630
1	0.47619	0.829494	4222530
1	0.47619	0.829494	4222530
0.109091	0.454545	0.198547	1010700
1	0.46875	0.823915	4194130
1	0.480519	0.832686	4238780
1	0.470588	0.825304	4201200
1	1	1	5090490
1	1	1	5090490
1	1	1	5090490
1	1	1	5090490
1	0.482759	0.834322	4247110
1	1	1	5090490
0.115013	1	0.363753	1851680
1	0.47619	0.829494	4222530
0.15129	1	0.437009	2224590
1	0.485294	0.836162	4256470
1	1	1	5090490
1	0.44898	0.808513	4115730
1	0.464789	0.820897	4178770
1	0.491803	0.840824	4280210
1	1	1	5090490
1	1	1	5090490
1	1	1	5090490
0.116667	0.433333	0.201448	1025470
1	0.430769	0.793556	4039590
0.102041	1	0.334937	1704990
1	1	1	5090490
1	1	1	5090490
1	1	1	5090490
1	1	1	5090490
0.109015	1	0.350621	1784830
1	0.45283	0.81158	4131340
0.0784314	0.470588	0.158682	807772
0.111111	0.47619	0.208421	1060970
1	1	1	5090490
1	1	1	5090490
1	0.450704	0.80989	4122740
1	0.478873	0.831477	4232630
1	0.476923	0.830037	4225300
1	1	1	5090490
0.0681818	1	0.251289	1279190
1	0.475	0.828609	4218030
1	0.483333	0.83474	4249240
1	0.485294	0.836162	4256470
1	1	1	5090490
1	1	1	5090490
1	1	1	5090490
0.12973	1	0.394677	2009100
1	1	1	5090490
1	1	1	5090490
1	1	1	5090490
0.0806452	0.483871	0.165594	842957
1	0.469388	0.824398	4196590
1	1	1	5090490
1	0.469697	0.824632	4197780
1	0.479452	0.831903	4234790
1	0.131401	0.398079	2026420
1	1	1	5090490
1	0.461538	0.818395	4166030
1	0.470588	0.825304	4201200
0.0757576	1	0.271229	1380690
1	1	1	5090490
1	1	1	5090490
1	1	1	5090490
1	0.482143	0.833873	4244820
1	1	1	5090490
1	0.439394	0.800733	4076130
1	1	1	5090490
1	1	1	5090490
1	0.493671	0.842146	4286940
1	1	1	5090490
0.125	0.464286	0.223246	1136430
1	1	1	5090490
0.031746	1	0.141269	719131
0.031746	1	0.141269	719131
0.0461538	1	0.188113	957586
1	1	1	5090490
0.0983051	1	0.326341	1661240
1	1	1	5090490
1	1	1	5090490
1	1	1	5090490
1	1	1	5090490
1	1	1	5090490
1	0.487805	0.837971	4265680
1	1	1	5090490
1	1	1	5090490
1	1	1	5090490
0.0832998	1	0.290326	1477900
1	0.493827	0.842257	4287500
1	1	1	5090490
0.248669	1	0.594725	3027440
1	0.476744	0.829904	4224620
0.386885	1	0.754282	3839670
1	1	1	5090490
1	0.481481	0.83339	4242370
0.137931	0.431034	0.227263	1156880
1	1	1	5090490
1	0.445783	0.805941	4102640
0.21147	1	0.540024	2748990
1	0.479452	0.831903	4234790
0.163647	1	0.459855	2340890
1	1	1	5090490
1	0.468085	0.823411	4191570
1	0.217707	0.549624	2797860
1	1	1	5090490
1	0.4375	0.799172	4068180
1	0.491525	0.840627	4279210
1	0.465116	0.821148	4180050
0.370309	1	0.73818	3757700
1	1	1	5090490
1	1	1	5090490
1	1	1	5090490
1	1	1	5090490
1	1	1	5090490
1	1	1	5090490
1	1	1	5090490
1	1	1	5090490
1	0.46	0.817203	4159970
1	0.486486	0.837022	4260860
1	1	1	5090490
1	1	1	5090490
0.093702	1	0.315554	1606330
0.093702	1	0.315554	1606330
0.093702	1	0.315554	1606330
0.093702	1	0.315554	1606330
1	1	1	5090490
1	0.433962	0.796233	4053220
1	1	1	5090490
1	0.42623	0.789708	4020000
1	1	1	5090490
1	1	1	5090490
1	1	1	5090490
1	1	1	5090490
1	1	1	5090490
0.166667	1	0.465293	2368570
1	0.463768	0.820114	4174780
1	0.484375	0.835496	4253090
1	0.459016	0.816438	4156070
1	1	1	5090490
1	1	1	5090490
0.480071	1	0.832357	4237110
0.084507	0.478873	0.170259	866703
1	0.458333	0.815906	4153360
1	1	1	5090490
1	0.493506	0.84203	4286350
1	1	1	5090490
1	1	1	5090490
1	1	1	5090490
1	1	1	5090490
1	1	1	5090490
1	1	1	5090490
1	0.490909	0.840189	4276980
1	0.611056	0.912042	4642740
1	1	1	5090490
1	1	1	5090490
1	0.493349	0.841919	4285780
1	0.479452	0.831903	4234790
1	0.492774	0.841512	4283710
1	1	1	5090490
1	1	1	5090490
1	1	1	5090490
0.141414	1	0.418029	2127970
1	0.506352	0.850936	4331680
1	0.492694	0.841456	4283420
1	0.113892	0.361323	1839310
1	1	1	5090490
0.02	1	0.0982405	500092
0.04	1	0.168755	859046
1	1	1	5090490
0.12963	1	0.394473	2008060
1	0.457627	0.815355	4150550
1	0.491525	0.840627	4279210
0.123077	1	0.380916	1939050
0.0491803	0.491803	0.11421	581384
0.316667	0.483333	0.440334	2241520
0.0327869	1	0.144843	737325
1	1	1	5090490
1	1	1	5090490
1	1	1	5090490
0.0666667	1	0.247203	1258390
1	1	1	5090490
1	0.492308	0.841182	4282030
1	1	1	5090490
1	0.481431	0.833353	4242180
0.156103	0.555082	0.298585	1519940
1	0.589753	0.901173	4587410
0.383077	0.590751	0.562562	2863720
0.200809	0.784606	0.448716	2284180
1	0.613372	0.913178	4648530
1	0.439024	0.800429	4074580
1	0.62535	0.918917	4677740
0.521158	0.481821	0.598103	3044640
1	0.641797	0.926423	4715950
0.572558	0.493234	0.639482	3255280
0.32879	0.479358	0.448811	2284670
0.428147	0.477176	0.528764	2691670
0.305478	0.352794	0.347857	1770760
1	0.363206	0.731055	3721430
0.0554798	0.249757	0.0731484	372361
0.110948	0.289505	0.142558	725689
0.086469	0.424596	0.15804	804503
0.243257	0.426664	0.338912	1725230
0.297826	0.429027	0.39067	1988700
1	1	1	5090490
0.37452	1	0.74234	3778880
1	0.749041	0.965485	4914790
0.55869	0.742606	0.779883	3969990
0.1	0.71265	0.259501	1320990
1	0.386003	0.753443	3835400
0.420205	0.25759	0.348903	1776090
1	0.38267	0.750256	3819170
0.441159	0.383678	0.469925	2392150
0.395581	0.383678	0.437927	2229260
0.29441	0.38267	0.358643	1825670
0.0214774	0.468244	0.0563125	286658
0.0865745	0.463969	0.169295	861795
1	0.463969	0.820268	4175570
0.174139	0.651614	0.360408	1834650
1	0.283903	0.641372	3264900
0.411596	0.397432	0.459737	2340290
0.332222	0.523996	0.478419	2435390
0.56931	0.40844	0.571729	2910380
0.288381	0.299795	0.298108	1517520
0.51768	0.311695	0.455697	2319720
0.180523	0.836792	0.436575	2222380
1	1	1	5090490
0.0450688	1	0.184763	940532
0.568425	1	0.88952	4528090
1	1	1	5090490
0.168375	0.839074	0.417765	2126630
0.511233	0.837805	0.791481	4029020
1	0.687682	0.94517	4811380
1	0.536376	0.870495	4431250
1	0.536376	0.870495	4431250
0.43	0.421049	0.490463	2496700
0.0786808	0.538606	0.17634	897657
1	0.543079	0.874629	4452290
1	1	1	5090490
0.308333	0.442598	0.408266	2078280
0.142688	0.711062	0.33361	1698240
1	0.442136	0.80298	4087560
0.243539	0.714668	0.47836	2435090
0.112464	0.318608	0.155114	789605
0.248263	0.427289	0.344077	1751520
1.52335e-06	0.558786	1.27485e-05	64.8959
0.000594935	1	0.00501356	25521.5
1	0.844688	0.987261	5025640
0.150925	0.649091	0.32555	1657210
1	0.363554	0.731408	3723220
0.0621325	0.291898	0.0908603	462523
0.592478	0.291898	0.476423	2425220
0.59232	0.406114	0.583292	2969240
0.179195	0.206892	0.159227	810544
1	0.284687	0.642357	3269910
1	0.252508	0.600037	3054480
0.023658	0.537785	0.0682501	347426
1	1	1	5090490
0.0939181	0.554695	0.206022	1048750
1	0.428732	0.791835	4030830
1	0.654284	0.93184	4743520
1	0.654284	0.93184	4743520
0.503623	1	0.849071	4322190
1	1	1	5090490
1	0.773257	0.972095	4948440
0.421338	1	0.785509	3998630
1	1	1	5090490
0.407034	1	0.7729	3934440
0.564867	1	0.887499	4517810
0.330118	1	0.695989	3542930
0.367244	0.559395	0.530561	2700820
0.0226231	1	0.108337	551490
0.330486	0.456566	0.436251	2220730
0.320313	0.620918	0.520095	2647540
1	0.791442	0.976559	4971170
0.191996	0.79789	0.44059	2242820
0.474315	0.854472	0.771328	3926440
0.558176	0.810791	0.811369	4130260
1	0.666186	0.936782	4768680
0.269651	0.698174	0.502647	2558720
0.423671	0.869808	0.736392	3748590
0.26579	0.843419	0.559386	2847550
0.00217979	1	0.0155387	79099.5
0.164767	0.840331	0.412217	2098390
0.493886	0.838577	0.779245	3966740
1	0.837764	0.986064	5019550
1	1	1	5090490
0.109787	1	0.352331	1793540
1	1	1	5090490
1	1	1	5090490
1	0.831067	0.984852	5013380
0.078117	1	0.27728	1411490
0.241917	0.692117	0.466668	2375570
1	0.870691	0.991254	5045970
1	0.870691	0.991254	5045970
1	0.870691	0.991254	5045970
0.507239	0.86971	0.802174	4083460
0.167931	1	0.467553	2380080
0.0577584	1	0.222456	1132410
0.108549	1	0.349587	1779570
0.0690668	0.400442	0.126888	645921
1	0.429165	0.792202	4032700
1	0.698081	0.948985	4830800
1	0.343491	0.710544	3617020
0.322853	0.346382	0.356825	1816420
1	0.432115	0.794687	4045350
0.00783168	0.609166	0.0302718	154099
1	0.398988	0.765587	3897220
0.000493356	0.395651	0.00186247	9480.9
0.0655428	0.395651	0.120643	614133
1	0.310587	0.673754	3429740
1	0.30919	0.672117	3421410
0.413913	0.379702	0.447989	2280490
0.163638	0.647133	0.343663	1749410
1	0.644556	0.927641	4722150
1	0.645598	0.928098	4724470
0.352345	0.648012	0.565556	2878960
0.583365	0.364951	0.542242	2760280
1	0.74297	0.963706	4905740
1	0.482147	0.833876	4244840
0.320102	0.480289	0.44162	2248060
1	0.570916	0.890922	4535230
1	0.458648	0.816151	4154610
1	0.554148	0.881275	4486120
0.114156	0.557064	0.238806	1215640
1	0.60119	0.907102	4617600
1	0.719483	0.956353	4868310
1	0.854566	0.988871	5033840
1	0.854566	0.988871	5033840
1	0.712413	0.95399	4856280
0.582978	0.580654	0.705183	3589730
0.634099	1	0.922963	4698330
1	1	1	5090490
1	0.464789	0.820897	4178770
0.45283	0.779945	0.720764	3669040
0.594595	1	0.90371	4600330
0.2	1	0.521888	2656660
1	1	1	5090490
1	0.467742	0.82315	4190240
0.0526316	0.491228	0.120358	612683
0.057971	0.492754	0.130131	662433
1	1	1	5090490
0.0350877	1	0.152628	776953
0.0983607	1	0.32647	1661890
1	1	1	5090490
1	1	1	5090490
1	1	1	5090490
1	0.467532	0.822991	4189430
1	0.502304	0.848165	4317580
1	0.430556	0.793376	4038670
0.104478	1	0.34047	1733160
1	0.221987	0.556108	2830860
1	0.00748031	0.0441	224491
1	0.299402	0.660471	3362120
1	1	1	5090490
1	0.483333	0.83474	4249240
0.015873	0.492063	0.0457094	232683
0.15129	1	0.437009	2224590
1	1	1	5090490
0.118644	0.491525	0.224045	1140500
1	1	1	5090490
1	0.451613	0.810613	4126420
1	1	1	5090490
1	0.458824	0.816288	4155310
1	1	1	5090490
1	0.478261	0.831026	4230330
1	1	1	5090490
0.0454545	1	0.185956	946610
0.0722892	1	0.262199	1334720
1	1	1	5090490
1	0.462687	0.819282	4170550
0.0588235	1	0.225483	1147820
1	1	1	5090490
0.0779221	1	0.276783	1408960
1	1	1	5090490
1	1	1	5090490
1	1	1	5090490
1	1	1	5090490
1	0.450704	0.80989	4122740
1	0.465753	0.821635	4182530
1	0.41791	0.782532	3983470
1	1	1	5090490
1	0.476923	0.830037	4225300
1	1	1	5090490
1	0.491803	0.840824	4280210
1	0.492063	0.841009	4281150
1	1	1	5090490
1	0.481481	0.83339	4242370
1	1	1	5090490
1	0.450704	0.80989	4122740
1	1	1	5090490
1	1	1	5090490
0.242236	1	0.585689	2981440
1	1	1	5090490
1	1	1	5090490
1	1	1	5090490
1	1	1	5090490
1	0.425926	0.789449	4018680
1	0.442857	0.803568	4090550
1	0.464286	0.820511	4176810
1	1	1	5090490
1	0.488372	0.838377	4267750
1	1	1	5090490
0.267054	1	0.619647	3154310
0.226335	1	0.56261	2863960
1	1	1	5090490
1	0.464789	0.820897	4178770
1	1	1	5090490
1	0.474576	0.828294	4216420
1	1	1	5090490
1	1	1	5090490
1	1	1	5090490
1	1	1	5090490
0.0243902	0.487805	0.0646212	328954
1	1	1	5090490
1	1	1	5090490
1	0.446154	0.806241	4104160
1	1	1	5090490
1	0.457627	0.815355	4150550
1	1	1	5090490
1	0.465517	0.821455	4181610
1	1	1	5090490
1	0.492774	0.841512	4283710
1	1	1	5090490
1	0.490909	0.840189	4276980
0.352941	1	0.720513	3667770
0.494168	1	0.842497	4288720
0.310345	0.426987	0.400332	2037890
1	1	1	5090490
1	1	1	5090490
1	1	1	5090490
1	1	1	5090490
0.0434783	0.463768	0.0988807	503351
1	0.471429	0.825937	4204430
1	0.459016	0.816438	4156070
0.116689	1	0.367366	1870070
0.0851064	0.468085	0.16823	856374
1	0.491212	0.840404	4278070
1	0.438356	0.799879	4071780
1	1	1	5090490
1	1	1	5090490
1	1	1	5090490
1	1	1	5090490
1	1	1	5090490
1	1	1	5090490
1	1	1	5090490
1	1	1	5090490
1	0.488372	0.838377	4267750
1	0.478261	0.831026	4230330
0.127536	1	0.390179	1986200
1	1	1	5090490
1	1	1	5090490
1	1	1	5090490
0.14	1	0.415256	2113860
1	0.488889	0.838748	4269640
1	0.432432	0.794953	4046700
0.133333	0.288889	0.163959	834630
1	1	1	5090490
1	1	1	5090490
1	1	1	5090490
1	0.45614	0.81419	4144630
1	1	1	5090490
1	1	1	5090490
1	1	1	5090490
1	1	1	5090490
1	1	1	5090490
1	0.211694	0.540372	2750760
0.121212	0.454545	0.214803	1093450
0.170719	0.715987	0.379144	1930030
0.226071	0.715987	0.456618	2324410
0.290323	0.704251	0.529016	2692950
0.290323	0.704251	0.529016	2692950
1	1	1	5090490
1	1	1	5090490
1	0.492537	0.841345	4282860
1	0.178571	0.486208	2475040
0.163647	1	0.459855	2340890
0.168354	0.493671	0.289858	1475520
1	1	1	5090490
1	0.471698	0.82614	4205460
1	0.456522	0.814489	4146150
1	1	1	5090490
0.224138	1	0.559335	2847290
1	1	1	5090490
1	0.514286	0.856274	4358850
0.0379747	0.43038	0.0835796	425461
1	0.43038	0.793227	4037920
1	1	1	5090490
1	0.428571	0.791699	4030140
1	1	1	5090490
0.0392157	0.431373	0.0859271	437411
1	0.45098	0.81011	4123860
1	1	1	5090490
1	0.492537	0.841345	4282860
1	0.50503	0.850035	4327100
1	0.449275	0.808749	4116930
1	1	1	5090490
1	1	1	5090490
1	0.472973	0.827096	4210320
1	0.183616	0.494828	2518920
0.038961	0.441558	0.0870955	443359
1	0.465753	0.821635	4182530
1	0.431034	0.793779	4040720
0.185616	1	0.498207	2536120
0.404297	1	0.77043	3921870
1	1	1	5090490
1	1	1	5090490
1	0.45122	0.810301	4124830
1	1	1	5090490
0.135593	1	0.406521	2069390
1	1	1	5090490
1	1	1	5090490
0.0769231	0.448718	0.150711	767192
1	0.492308	0.841182	4282030
1	0.444444	0.804858	4097120
0.181818	1	0.491772	2503360
1	0.0354342	0.153787	782852
1	1	1	5090490
1	1	1	5090490
1	0.481013	0.833047	4240620
0.0566038	1	0.219152	1115590
0.101695	0.491525	0.199744	1016790
0.0793651	1	0.280452	1427640
0.031746	1	0.141269	719131
1	0.447761	0.807535	4110750
0.0761689	1	0.272289	1386080
1	1	1	5090490
1	1	1	5090490
1	1	1	5090490
0.030303	1	0.136258	693619
1	1	1	5090490
1	0.491803	0.840824	4280210
1	0.472727	0.826912	4209390
1	0.459016	0.816438	4156070
0.0506329	1	0.201679	1026640
0.0746269	0.492537	0.158179	805211
1	1	1	5090490
0.236111	1	0.576926	2936840
1	0.494172	0.8425	4288740
1	1	1	5090490
1	0.482759	0.834322	4247110
1	1	1	5090490
1	1	1	5090490
1	0.480769	0.832869	4239710
1	0.45	0.809328	4119880
1	0.493333	0.841908	4285720
1	1	1	5090490
1	1	1	5090490
1	1	1	5090490
1	0.482759	0.834322	4247110
1	0.495251	0.843259	4292600
1	1	1	5090490
1	1	1	5090490
1	0.114122	0.361823	1841860
0.0517241	1	0.204922	1043160
1	1	1	5090490
1	1	1	5090490
1	1	1	5090490
0.0769231	1	0.274227	1395950
1	1	1	5090490
1	0.492308	0.841182	4282030
1	1	1	5090490
1	1	1	5090490
1	0.491803	0.840824	4280210
1	1	1	5090490
1	1	1	5090490
1	1	1	5090490
1	1	1	5090490
1	1	1	5090490
0.365385	1	0.733256	3732630
1	1	1	5090490
1	1	1	5090490
1	0.47541	0.828914	4219580
1	1	1	5090490
1	0.478261	0.831026	4230330
0.0428571	0.485714	0.101418	516265
1	1	1	5090490
0.267281	1	0.619946	3155830
1	1	1	5090490
1	1	1	5090490
1	0.485714	0.836465	4258020
1	1	1	5090490
1	0.439394	0.800733	4076130
1	1	1	5090490
1	0.434783	0.796917	4056700
1	0.0490956	0.197069	1003180
1	1	1	5090490
1	0.488462	0.838442	4268080
1	0.488889	0.838748	4269640
1	1	1	5090490
1	0.46875	0.823915	4194130
1	1	1	5090490
1	1	1	5090490
1	1	1	5090490
1	1	1	5090490
1	1	1	5090490
1	1	1	5090490
1	0.445946	0.806073	4103310
0.292632	1	0.652229	3320170
1	0.481481	0.83339	4242370
1	0.481481	0.83339	4242370
1	0.472868	0.827017	4209920
1	0.431373	0.794063	4042170
1	0.188464	0.502981	2560420
1	1	1	5090490
1	0.434783	0.796917	4056700
1	0.421875	0.785973	4000990
0.25	1	0.596574	3036850
1	1	1	5090490
0.129988	0.750699	0.324662	1652690
0.416431	0.750699	0.676118	3441770
1	0.750699	0.965962	4917220
1	1	1	5090490
1	1	1	5090490
1	0.439024	0.800429	4074580
1	1	1	5090490
1	1	1	5090490
0.0784314	1	0.278081	1415570
1	0.447368	0.807219	4109140
1	0.489362	0.839086	4271360
1	1	1	5090490
1	0.45	0.809328	4119880
0.0454545	1	0.185956	946610
1	1	1	5090490
1	0.497717	0.844986	4301390
1	1	1	5090490
0.0416667	1	0.174086	886181
1	1	1	5090490
1	1	1	5090490
1	1	1	5090490
1	0.492958	0.841642	4284370
1	0.466667	0.822332	4186070
1	1	1	5090490
1	1	1	5090490
1	1	1	5090490
1	1	1	5090490
1	1	1	5090490
1	1	1	5090490
1	1	1	5090490
1	1	1	5090490
1	0.448276	0.807948	4112850
1	0.482143	0.833873	4244820
1	0.431818	0.794438	4044080
1	1	1	5090490
1	1	1	5090490
0.0487805	1	0.196118	998338
1	1	1	5090490
1	1	1	5090490
1	1	1	5090490
1	0.448276	0.807948	4112850
0.025641	1	0.119579	608713
1	1	1	5090490
0.0512821	1	0.203611	1036480
1	0.51417	0.856197	4358460
1	1	1	5090490
1	1	1	5090490
0.0357143	0.488095	0.0880219	448074
1	1	1	5090490
1	1	1	5090490
1	1	1	5090490
0.0434783	1	0.179804	915291
1	1	1	5090490
0.115385	0.423077	0.196227	998893
0.0384615	0.423077	0.0832859	423966
0.384615	1	0.75212	3828660
1	1	1	5090490
1	1	1	5090490
0.15361	1	0.441373	2246810
1	1	1	5090490
1	0.453333	0.811978	4133370
1	1	1	5090490
1	0.493506	0.84203	4286350
1	1	1	5090490
0.0588235	0.470588	0.126975	646367
1	1	1	5090490
1	0.492958	0.841642	4284370
1	0.423729	0.787568	4009110
1	0.499767	0.846412	4308650
0.0967742	0.467742	0.185371	943631
1	1	1	5090490
1	1	1	5090490
1	1	1	5090490
1	1	1	5090490
1	0.419355	0.78379	3989880
1	1	1	5090490
1	1	1	5090490
1	0.491228	0.840416	4278130
1	0.462687	0.819282	4170550
0.150312	1	0.43516	2215180
1	1	1	5090490
0.102941	1	0.336988	1715430
1	1	1	5090490
1	1	1	5090490
1	0.385965	0.753407	3835210
1	0.459016	0.816438	4156070
1	1	1	5090490
1	0.49734	0.844723	4300050
1	1	1	5090490
1	0.490566	0.839945	4275730
1	1	1	5090490
0.34	1	0.706795	3597940
1	0.109857	0.352484	1794320
0.2	1	0.521888	2656660
1	0.232955	0.572349	2913540
1	1	1	5090490
1	0.347826	0.715149	3640460
1	0.426471	0.789914	4021050
1	0.489362	0.839086	4271360
0.105195	1	0.342087	1741390
1	1	1	5090490
1	0.487179	0.837521	4263390
0.250847	1	0.597747	3042830
0.242236	1	0.585689	2981440
0.182796	1	0.493436	2511830
1	0.501299	0.847472	4314050
1	1	1	5090490
1	0.509921	0.853352	4343980
1	0.45283	0.81158	4131340
1	0.743163	0.963763	4906030
1	0.66192	0.935035	4759790
1	1	1	5090490
1	1	1	5090490
1	0.708534	0.952665	4849530
0.264373	1	0.616093	3136220
1	0.210605	0.538679	2742140
0.181414	1	0.491083	2499860
0.0892857	1	0.304992	1552560
1	0.492754	0.841498	4283640
0.12	1	0.374432	1906040
0.0833333	0.486111	0.170391	867374
1	0.492063	0.841009	4281150
1	0.461538	0.818395	4166030
1	0.447761	0.807535	4110750
1	1	1	5090490
1	1	1	5090490
0.0881954	1	0.302351	1539120
0.0740741	1	0.266866	1358480
1	0.463415	0.819842	4173400
1	1	1	5090490
1	0.45614	0.81419	4144630
1	1	1	5090490
1	1	1	5090490
1	1	1	5090490
1	1	1	5090490
1	0.481013	0.833047	4240620
1	1	1	5090490
1	1	1	5090490
1	1	1	5090490
1	1	1	5090490
1	0.421053	0.785262	3997370
1	0.230037	0.56808	2891810
1	1	1	5090490
1	1	1	5090490
1	1	1	5090490
0.101695	0.474576	0.194549	990352
1	0.461538	0.818395	4166030
1	0.483871	0.835131	4251230
1	1	1	5090490
1	0.448718	0.808303	4114660
1	1	1	5090490
1	0.36	0.727794	3704830
0.0877193	0.438596	0.163812	833881
1	0.495557	0.843474	4293700
0.0641026	0.474359	0.136623	695480
1	0.203634	0.527704	2686270
1	1	1	5090490
1	0.416667	0.781445	3977940
1	0.44	0.801231	4078660
0.084507	1	0.293317	1493130
1	1	1	5090490
1	0.484375	0.835496	4253090
1	0.478261	0.831026	4230330
1	0.425926	0.789449	4018680
1	1	1	5090490
0.0357143	1	0.154722	787609
0.15847	1	0.450402	2292770
1	1	1	5090490
0.0689655	1	0.25339	1289880
0.132075	0.415094	0.214012	1089430
1	1	1	5090490
1	1	1	5090490
1	1	1	5090490
1	0.361702	0.729529	3713660
1	1	1	5090490
0.252374	1	0.599854	3053550
0.0597015	1	0.227964	1160450
1	0.485294	0.836162	4256470
1	1	1	5090490
1	0.453125	0.811813	4132530
1	0.467742	0.82315	4190240
1	0.186585	0.499837	2544420
1	0.486111	0.836752	4259480
1	1	1	5090490
1	1	1	5090490
1	0.466667	0.822332	4186070
1	0.481481	0.83339	4242370
1	1	1	5090490
1	1	1	5090490
1	0.463768	0.820114	4174780
1	1	1	5090490
1	1	1	5090490
1	1	1	5090490
1	1	1	5090490
1	1	1	5090490
1	1	1	5090490
1	1	1	5090490
1	0.185422	0.49788	2534460
1	1	1	5090490
0.411325	0.713156	0.653098	3324590
1	0.490909	0.840189	4276980
1	1	1	5090490
1	1	1	5090490
1	0.461538	0.818395	4166030
0.132086	1	0.399469	2033490
1	0.459016	0.816438	4156070
1	1	1	5090490
1	1	1	5090490
1	0.116487	0.366931	1867860
1	1	1	5090490
1	1	1	5090490
1	1	1	5090490
1	0.450549	0.809767	4122110
1	0.00682016	0.0408383	207887
0.0833333	1	0.290409	1478320
1	0.480769	0.832869	4239710
1	1	1	5090490
1	0.425926	0.789449	4018680
1	1	1	5090490
1	1	1	5090490
1	1	1	5090490
1	1	1	5090490
1	1	1	5090490
1	1	1	5090490
1	1	1	5090490
1	1	1	5090490
1	1	1	5090490
1	0.428571	0.791699	4030140
1	0.431818	0.794438	4044080
1	1	1	5090490
1	1	1	5090490
1	1	1	5090490
0.0714286	1	0.259933	1323180
1	1	1	5090490
1	0.47541	0.828914	4219580
1	1	1	5090490
1	0.492537	0.841345	4282860
0.246154	1	0.591212	3009560
1	0.474576	0.828294	4216420
1	0.459016	0.816438	4156070
1	0.471429	0.825937	4204430
1	1	1	5090490
1	0.488889	0.838748	4269640
1	1	1	5090490
0.0136986	1	0.072472	368918
1	1	1	5090490
1	0.42	0.78435	3992730
1	0.431034	0.793779	4040720
0.0819672	1	0.287003	1460990
1	1	1	5090490
1	1	1	5090490
1	1	1	5090490
1	1	1	5090490
1	1	1	5090490
0.0952381	0.47619	0.185638	944987
1	1	1	5090490
1	1	1	5090490
1	0.481481	0.83339	4242370
1	0.483871	0.835131	4251230
1	1	1	5090490
1	0.482143	0.833873	4244820
1	0.478261	0.831026	4230330
1	1	1	5090490
1	1	1	5090490
1	0.44898	0.808513	4115730
1	1	1	5090490
1	1	1	5090490
1	1	1	5090490
1	0.433333	0.795707	4050540
1	1	1	5090490
1	0.478261	0.831026	4230330
1	0.482143	0.833873	4244820
1	0.428571	0.791699	4030140
1	0.454545	0.812935	4138240
1	0.345455	0.712636	3627670
1	0.450704	0.80989	4122740
1	0.478873	0.831477	4232630
1	0.470588	0.825304	4201200
0.0392157	0.431373	0.0859271	437411
1	1	1	5090490
0.03125	1	0.139554	710400
0.0454545	0.469697	0.103477	526747
0.0555556	1	0.216132	1100220
0.310345	0.431034	0.402865	2050780
1	0.509059	0.852771	4341020
1	0.450704	0.80989	4122740
1	0.538146	0.871595	4436850
1	0.432836	0.795291	4048420
1	0.4	0.766516	3901940
1	1	1	5090490
0.0701754	1	0.256615	1306290
1	0.403509	0.769716	3918230
1	1	1	5090490
1	0.491228	0.840416	4278130
1	1	1	5090490
0.0961538	1	0.321327	1635710
1	0.457627	0.815355	4150550
1	0.188737	0.503437	2562740
1	1	1	5090490
0.0298507	0.462687	0.072956	371382
0.0551643	1	0.215	1094450
0.142342	1	0.419842	2137200
0.0327869	1	0.144843	737325
1	1	1	5090490
1	0.465517	0.821455	4181610
1	0.209644	0.53718	2734510
0.401872	0.632661	0.602427	3066650
1	0.632661	0.922306	4694990
0.183508	0.332708	0.231762	1179780
1	1	1	5090490
1	1	1	5090490
1	1	1	5090490
1	0.444444	0.804858	4097120
1	0.469388	0.824398	4196590
1	0.480769	0.832869	4239710
1	0.489362	0.839086	4271360
1	1	1	5090490
0.0967213	1	0.322655	1642470
1	0.470588	0.825304	4201200
0.0615385	1	0.233113	1186660
0.0526316	1	0.207602	1056800
1	1	1	5090490
1	0.416667	0.781445	3977940
1	1	1	5090490
1	0.464286	0.820511	4176810
1	1	1	5090490
0.117647	1	0.36942	1880530
1	1	1	5090490
1	0.477612	0.830546	4227890
1	1	1	5090490
1	0.483871	0.835131	4251230
1	1	1	5090490
1	0.493671	0.842146	4286940
0.111801	1	0.356761	1816090
0.0327869	1	0.144843	737325
1	1	1	5090490
1	1	1	5090490
1	1	1	5090490
1	1	1	5090490
1	1	1	5090490
0.0192308	1	0.0952162	484697
1	0.486842	0.837279	4262160
1	0.484848	0.835839	4254830
1	1	1	5090490
1	1	1	5090490
1	1	1	5090490
0.0727273	0.436364	0.141233	718947
0.0892857	1	0.304992	1552560
1	1	1	5090490
1	1	1	5090490
1	1	1	5090490
1	0.491525	0.840627	4279210
1	0.423077	0.787008	4006260
1	0.471429	0.825937	4204430
1	1	1	5090490
1	1	1	5090490
1	0.451613	0.810613	4126420
1	0.41791	0.782532	3983470
1	0.504303	0.849538	4324560
0.0441176	1	0.181804	925473
1	1	1	5090490
0.0666667	1	0.247203	1258390
0.21553	1	0.546294	2780900
1	1	1	5090490
1	0.45098	0.81011	4123860
1	1	1	5090490
0.116667	0.466667	0.212909	1083810
1	0.459459	0.816783	4157830
0.114286	0.311994	0.154529	786627
0.399064	0.311994	0.383901	1954250
0.218487	0.311994	0.251249	1278980
1	0.311994	0.675396	3438090
1	0.493151	0.841779	4285070
1	0.463768	0.820114	4174780
1	1	1	5090490
1	0.483871	0.835131	4251230
1	0.0460074	0.187662	955292
0.184135	1	0.495708	2523400
1	0.47541	0.828914	4219580
1	1	1	5090490
1	0.486842	0.837279	4262160
1	1	1	5090490
1	0.451613	0.810613	4126420
1	1	1	5090490
1	1	1	5090490
1	1	1	5090490
1	1	1	5090490
1	0.458333	0.815906	4153360
0.0833333	0.458333	0.162902	829250
1	0.457627	0.815355	4150550
1	0.47619	0.829494	4222530
1	0.483333	0.83474	4249240
1	1	1	5090490
1	1	1	5090490
1	0.492308	0.841182	4282030
1	0.202797	0.52637	2679480
1	1	1	5090490
1	1	1	5090490
1	0.231235	0.569838	2900750
1	0.47541	0.828914	4219580
1	0.441176	0.802196	4083570
0.0645161	1	0.241345	1228560
0.307692	1	0.670355	3412440
0.0516063	1	0.204573	1041380
0.239034	1	0.581128	2958230
0.0467787	1	0.19003	967348
0.0913817	1	0.310032	1578210
0.0446885	1	0.183582	934522
1	1	1	5090490
1	0.497585	0.844893	4300920
1	1	1	5090490
1	1	1	5090490
1	0.242481	0.586036	2983210
0.0567288	1	0.219511	1117420
1	0.493785	0.842227	4287350
1	0.392157	0.759252	3864970
1	1	1	5090490
0.0277778	0.472222	0.0699653	356158
0.166667	0.472222	0.278774	1419090
1	1	1	5090490
1	0.478261	0.831026	4230330
1	0.426667	0.790081	4021900
1	0.490909	0.840189	4276980
1	1	1	5090490
1	0.454545	0.812935	4138240
0.0769231	1	0.274227	1395950
1	0.488636	0.838567	4268720
1	1	1	5090490
1	1	1	5090490
1	0.486486	0.837022	4260860
1	1	1	5090490
1	1	1	5090490
1	1	1	5090490
1	0.0877016	0.301151	1533010
1	0.464789	0.820897	4178770
1	0.485294	0.836162	4256470
1	0.474576	0.828294	4216420
1	1	1	5090490
1	1	1	5090490
1	1	1	5090490
0.0212766	0.468085	0.055864	284375
0.211111	1	0.539467	2746150
1	1	1	5090490
0.218033	1	0.550121	2800380
1	0.415094	0.780066	3970920
1	0.203634	0.527704	2686270
0.046875	1	0.190325	968849
1	0.472222	0.826533	4207460
1	0.0102574	0.0572336	291347
0.0909091	0.469697	0.177356	902829
1	1	1	5090490
1	0.240878	0.583759	2971620
1	0.459016	0.816438	4156070
1	1	1	5090490
1	0.456522	0.814489	4146150
1	1	1	5090490
1	1	1	5090490
1	1	1	5090490
1	1	1	5090490
1	0.4	0.766516	3901940
1	1	1	5090490
1	1	1	5090490
0.174825	1	0.479715	2441980
1	1	1	5090490
0.327731	1	0.693335	3529420
1	0.472727	0.826912	4209390
1	1	1	5090490
1	0.436364	0.798231	4063390
0.0487805	1	0.196118	998338
1	1	1	5090490
1	1	1	5090490
1	1	1	5090490
0.0166667	0.466667	0.0455504	231874
0.08	0.48	0.163572	832664
1	0.489796	0.839396	4272940
0.0625	0.479167	0.135014	687288
1	0.469388	0.824398	4196590
1	0.482759	0.834322	4247110
1	0.45283	0.81158	4131340
1	1	1	5090490
1	1	1	5090490
1	1	1	5090490
1	0.414634	0.779661	3968860
1	1	1	5090490
1	1	1	5090490
0.111111	0.481481	0.210146	1069750
1	0.464286	0.820511	4176810
1	1	1	5090490
1	0.442857	0.803568	4090550
1	0.4625	0.819138	4169810
1	1	1	5090490
1	1	1	5090490
1	0.487179	0.837521	4263390
1	1	1	5090490
1	1	1	5090490
1	1	1	5090490
1	0.454545	0.812935	4138240
1	1	1	5090490
1	0.509921	0.853352	4343980
1	0.471698	0.82614	4205460
1	1	1	5090490
1	1	1	5090490
1	1	1	5090490
1	1	1	5090490
1	1	1	5090490
1	1	1	5090490
1	1	1	5090490
0.0352941	1	0.153319	780469
1	1	1	5090490
1	1	1	5090490
1	0.477612	0.830546	4227890
1	1	1	5090490
0.0526316	1	0.207602	1056800
0.138889	1	0.413067	2102710
1	1	1	5090490
0.0493827	1	0.197934	1007580
0.144928	0.478261	0.254318	1294610
1	1	1	5090490
1	1	1	5090490
1	0.431818	0.794438	4044080
1	0.45283	0.81158	4131340
0.0819672	0.491803	0.169757	864148
0.0327869	0.491803	0.0826778	420871
0.0909091	0.469697	0.177356	902829
1	0.461538	0.818395	4166030
1	1	1	5090490
1	1	1	5090490
0.164179	1	0.460817	2345790
1	1	1	5090490
1	1	1	5090490
1	0.0785714	0.278437	1417380
1	0.446809	0.806769	4106850
1	0.0731652	0.264495	1346410
1	0.451613	0.810613	4126420
1	1	1	5090490
1	0.436364	0.798231	4063390
1	1	1	5090490
1	1	1	5090490
1	0.45679	0.814699	4147220
1	0.472973	0.827096	4210320
1	0.484848	0.835839	4254830
1	1	1	5090490
1	0.494949	0.843047	4291520
1	1	1	5090490
1	1	1	5090490
1	0.423729	0.787568	4009110
1	1	1	5090490
1	1	1	5090490
1	1	1	5090490
1	0.218634	0.551035	2805040
1	1	1	5090490
1	1	1	5090490
1	1	1	5090490
1	0.442623	0.803377	4089580
1	1	1	5090490
1	0.498361	0.845435	4303680
1	1	1	5090490
0.0634921	1	0.23853	1214230
0.162791	0.488372	0.2808	1429410
0.0666667	1	0.247203	1258390
1	0.216783	0.548214	2790680
0.0833333	0.488095	0.170921	870071
1	0.354839	0.722484	3677800
1	1	1	5090490
1	0.4	0.766516	3901940
1	1	1	5090490
1	1	1	5090490
1	0.473684	0.827628	4213030
1	0.473684	0.827628	4213030
1	1	1	5090490
1	1	1	5090490
1	1	1	5090490
1	0.493168	0.841791	4285130
1	0.454545	0.812935	4138240
1	1	1	5090490
1	1	1	5090490
1	0.454545	0.812935	4138240
1	0.482759	0.834322	4247110
1	1	1	5090490
1	0.45	0.809328	4119880
1	1	1	5090490
0.027027	1	0.124619	634374
1	1	1	5090490
0.137255	1	0.409832	2086240
0.0784314	1	0.278081	1415570
1	0.45614	0.81419	4144630
1	1	1	5090490
1	1	1	5090490
1	0.45098	0.81011	4123860
1	1	1	5090490
0.449644	1	0.809044	4118430
1	1	1	5090490
1	0.471698	0.82614	4205460
1	0.446809	0.806769	4106850
1	1	1	5090490
1	1	1	5090490
1	0.447761	0.807535	4110750
1	0.45122	0.810301	4124830
0.0298507	1	0.134673	685552
1	1	1	5090490
1	0.494987	0.843074	4291660
0.0967213	1	0.322655	1642470
1	1	1	5090490
1	1	1	5090490
1	1	1	5090490
0.038961	1	0.165397	841953
1	0.47619	0.829494	4222530
0.0952381	1	0.319179	1624780
1	0.454545	0.812935	4138240
1	1	1	5090490
1	0.47541	0.828914	4219580
1	0.454545	0.812935	4138240
1	1	1	5090490
1	0.46988	0.82477	4198480
1	1	1	5090490
0.028169	1	0.128719	655244
0.0895522	0.492537	0.181774	925317
1	0.479167	0.831693	4233720
1	0.425926	0.789449	4018680
1	1	1	5090490
0.0909091	0.472727	0.178224	907247
1	1	1	5090490
1	1	1	5090490
0.323122	1	0.688161	3503080
1	0.4375	0.799172	4068180
1	0.483871	0.835131	4251230
1	1	1	5090490
1	1	1	5090490
1	1	1	5090490
1	0.462963	0.819495	4171630
1	0.201389	0.524118	2668020
1	1	1	5090490
0.242989	0.585492	0.419697	2136460
1	0.491803	0.840824	4280210
1	0.462963	0.819495	4171630
1	0.498077	0.845237	4302670
1	0.490909	0.840189	4276980
0.02	0.48	0.0542015	275912
0.0408163	1	0.171374	872380
1	0.492063	0.841009	4281150
1	0.490909	0.840189	4276980
1	1	1	5090490
1	1	1	5090490
1	1	1	5090490
0.112903	1	0.35917	1828350
1	1	1	5090490
1	1	1	5090490
1	1	1	5090490
1	1	1	5090490
1	1	1	5090490
1	0.502439	0.848258	4318050
1	0.492754	0.841498	4283640
1	0.474576	0.828294	4216420
1	0.492537	0.841345	4282860
1	0.426471	0.789914	4021050
1	0.415385	0.780321	3972220
1	1	1	5090490
1	0.483333	0.83474	4249240
1	0.465517	0.821455	4181610
1	0.486842	0.837279	4262160
0.084507	1	0.293317	1493130
1	1	1	5090490
1	1	1	5090490
1	1	1	5090490
1	0.482143	0.833873	4244820
0.0392157	1	0.166223	846155
1	0.485294	0.836162	4256470
1	1	1	5090490
1	1	1	5090490
1	1	1	5090490
0.121212	0.454545	0.214803	1093450
1	1	1	5090490
1	0.490196	0.839681	4274390
1	0.464286	0.820511	4176810
1	1	1	5090490
1	1	1	5090490
1	1	1	5090490
1	1	1	5090490
1	1	1	5090490
0.0140845	0.464789	0.0394668	200905
0.116667	0.466667	0.212909	1083810
0.105263	0.473684	0.199372	1014900
1	0.432836	0.795291	4048420
1	1	1	5090490
0.0819672	0.42623	0.152122	774378
1	0.424242	0.788009	4011350
1	1	1	5090490
0.171582	1	0.474029	2413040
0.461212	1	0.818142	4164750
0.0678878	1	0.250499	1275160
0.0695489	1	0.254947	1297810
1	0.462963	0.819495	4171630
1	1	1	5090490
0.122449	1	0.379599	1932350
0.427092	0.756739	0.688246	3503510
1	0.7555	0.967324	4924150
1	0.7555	0.967324	4924150
0.136409	0.544824	0.267502	1361720
0.335221	0.536043	0.488137	2484860
0.40734	0.53938	0.552671	2813360
0.286192	0.544824	0.445692	2268790
0.279114	0.541648	0.436805	2223550
1	0.75292	0.966596	4920450
1	0.541648	0.873754	4447840
1	0.524345	0.862865	4392410
1	0.533958	0.868984	4423550
0.404666	0.732281	0.65675	3343180
0.317402	0.724199	0.567823	2890500
0.0566038	1	0.219152	1115590
1	0.45	0.809328	4119880
1	1	1	5090490
1	1	1	5090490
1	1	1	5090490
1	1	1	5090490
1	1	1	5090490
1	1	1	5090490
1	0.493151	0.841779	4285070
1	1	1	5090490
1	1	1	5090490
1	1	1	5090490
1	1	1	5090490
1	0.0703053	0.256959	1308050
1	0.461538	0.818395	4166030
1	0.418182	0.782769	3984680
1	1	1	5090490
1	1	1	5090490
1	1	1	5090490
1	1	1	5090490
1	1	1	5090490
0.359375	1	0.727155	3701580
1	1	1	5090490
1	1	1	5090490
0.0895522	1	0.305636	1555840
1	1	1	5090490
1	0.473684	0.827628	4213030
1	0.389831	0.757068	3853850
1	0.393443	0.760454	3871080
1	1	1	5090490
0.345482	0.692766	0.581563	2960440
0.438864	0.340206	0.433246	2205430
0.0952381	0.191886	0.0914152	465348
0.0811565	0.20069	0.0833481	424283
1	0.780624	0.973955	4957910
1	0.798084	0.978085	4978930
0.417764	1	0.782404	3982820
0.467519	1	0.822981	4189380
1	1	1	5090490
0.0922335	1	0.312066	1588570
0.596337	1	0.904613	4604920
1	1	1	5090490
1	1	1	5090490
0.0295048	0.342337	0.0565144	287686
1	0.345242	0.712411	3626520
1	0.345242	0.712411	3626520
1	0.345242	0.712411	3626520
1	0.272673	0.627007	3191770
1	0.348369	0.715722	3643370
0.357498	0.269866	0.322082	1639560
0.045745	0.350821	0.0823624	419265
1	0.272875	0.627269	3193110
0.0056869	0.268135	0.0114148	58107.1
1	0.2716	0.62561	3184660
0.371635	0.0465272	0.087451	445168
1	0.0433278	0.179332	912889
1	0.182826	0.493487	2512090
1	0.0282706	0.129082	657089
0.313433	0.184723	0.222854	1134440
1	0.106223	0.344398	1753150
1	0.116189	0.36629	1864600
1	0.119311	0.372968	1898590
0.25681	0.119311	0.137435	699611
1	0.120307	0.375082	1909350
0.206981	0.120307	0.116858	594863
1	0.120307	0.375082	1909350
0.124209	0.190881	0.112426	572305
1	0.190881	0.507	2580880
1	0.122521	0.37975	1933110
0.282616	0.509781	0.423204	2154320
0.17157	0.509781	0.30057	1530050
0.298352	0.509781	0.438526	2232310
0.248657	0.632323	0.448115	2281130
1	0.634385	0.923093	4699000
0.400694	0.634385	0.602354	3066280
1	0.634385	0.923093	4699000
0.269663	0.634385	0.473126	2408440
0.205881	0.813144	0.466625	2375350
1	1	1	5090490
0.226875	0.135258	0.137597	700435
0.322416	1	0.687362	3499010
0.181818	1	0.491772	2503360
1	1	1	5090490
0.250847	1	0.597747	3042830
0.211323	1	0.539797	2747830
1	1	1	5090490
1	0.4375	0.799172	4068180
1	1	1	5090490
0.309815	0.354067	0.352127	1792500
1	1	1	5090490
1	1	1	5090490
1	1	1	5090490
1	0.45	0.809328	4119880
1	0.473684	0.827628	4213030
0.12766	1	0.390433	1987490
1	1	1	5090490
1	1	1	5090490
1	1	1	5090490
1	1	1	5090490
1	0.482143	0.833873	4244820
1	1	1	5090490
1	1	1	5090490
1	0.461538	0.818395	4166030
1	0.454545	0.812935	4138240
1	1	1	5090490
1	1	1	5090490
1	1	1	5090490
1	0.422535	0.786542	4003880
0.031746	1	0.141269	719131
0.118415	1	0.37106	1888880
1	1	1	5090490
1	1	1	5090490
1	0.1417	0.418589	2130820
1	0.375	0.742811	3781270
1	1	1	5090490
1	1	1	5090490
1	1	1	5090490
1	0.44	0.801231	4078660
1	1	1	5090490
1	1	1	5090490
1	1	1	5090490
1	1	1	5090490
1	1	1	5090490
1	1	1	5090490
1	1	1	5090490
1	0.426829	0.790219	4022600
1	0.0486639	0.195766	996545
1	1	1	5090490
1	1	1	5090490
1	1	1	5090490
0.038961	0.467532	0.0911776	464139
0.0377358	0.471698	0.089508	455640
1	0.492537	0.841345	4282860
1	0.469388	0.824398	4196590
1	1	1	5090490
1	0.478873	0.831477	4232630
1	1	1	5090490
1	0.440678	0.801788	4081490
1	0.491228	0.840416	4278130
1	0.449275	0.808749	4116930
1	0.491803	0.840824	4280210
0.109375	1	0.351419	1788890
0.0612245	1	0.232237	1182200
1	1	1	5090490
1	0.461538	0.818395	4166030
1	0.412698	0.777952	3960160
1	1	1	5090490
1	0.493151	0.841779	4285070
1	1	1	5090490
1	0.428571	0.791699	4030140
1	1	1	5090490
1	0.457143	0.814976	4148630
1	0.485294	0.836162	4256470
1	1	1	5090490
1	0.129032	0.393251	2001840
1	1	1	5090490
1	0.460317	0.81745	4161220
1	0.466667	0.822332	4186070
0.0677966	1	0.250254	1273910
0.152157	1	0.438644	2232920
1	1	1	5090490
1	1	1	5090490
1	0.491525	0.840627	4279210
1	0.501583	0.847668	4315050
1	0.479167	0.831693	4233720
0.0714076	1	0.259877	1322900
1	0.47541	0.828914	4219580
1	0.468085	0.823411	4191570
1	0.425532	0.789113	4016970
1	0.195192	0.514092	2616980
1	1	1	5090490
1	1	1	5090490
1	1	1	5090490
1	1	1	5090490
0.0394737	1	0.167057	850404
1	1	1	5090490
1	1	1	5090490
1	1	1	5090490
1	1	1	5090490
1	1	1	5090490
0.0963415	1	0.321767	1637950
1	1	1	5090490
1	1	1	5090490
1	1	1	5090490
1	1	1	5090490
1	0.459016	0.816438	4156070
1	0.460317	0.81745	4161220
1	0.212121	0.541036	2754140
1	0.466667	0.822332	4186070
1	1	1	5090490
1	1	1	5090490
0.0714286	1	0.259933	1323180
1	0.408163	0.773913	3939600
1	0.44898	0.808513	4115730
1	0.221858	0.555913	2829870
0.145455	0.472727	0.252841	1287080
1	1	1	5090490
1	0.491525	0.840627	4279210
1	0.469388	0.824398	4196590
1	1	1	5090490
1	1	1	5090490
1	1	1	5090490
1	1	1	5090490
1	1	1	5090490
1	1	1	5090490
1	0.457143	0.814976	4148630
0.0733753	1	0.265044	1349200
1	0.461538	0.818395	4166030
0.0571429	0.4	0.109223	555997
0.0882353	0.571357	0.201025	1023310
1	0.388889	0.75618	3849330
1	1	1	5090490
1	0.392857	0.759907	3868300
1	1	1	5090490
1	0.49256	0.841361	4282940
1	1	1	5090490
1	1	1	5090490
0.183333	0.45	0.288334	1467760
1	1	1	5090490
1	1	1	5090490
1	0.431034	0.793779	4040720
1	1	1	5090490
1	0.23913	0.581265	2958930
1	0.471429	0.825937	4204430
1	0.577717	0.894694	4554430
0.199385	1	0.520897	2651620
0.0661017	1	0.245671	1250590
0.15361	1	0.441373	2246810
1	0.492063	0.841009	4281150
0.025	1	0.117222	596717
0.0784314	1	0.278081	1415570
1	0.179221	0.487326	2480730
0.20084	0.678089	0.407708	2075430
0.282485	0.68269	0.51025	2597420
1	0.497585	0.844893	4300920
1	0.435484	0.797501	4059670
1	1	1	5090490
1	1	1	5090490
1	0.428571	0.791699	4030140
1	1	1	5090490
0.245283	1	0.58999	3003340
1	1	1	5090490
1	0.478261	0.831026	4230330
1	0.20202	0.525129	2673160
0.0895105	1	0.305535	1555320
1	0.47619	0.829494	4222530
1	1	1	5090490
1	0.439394	0.800733	4076130
1	1	1	5090490
1	0.45614	0.81419	4144630
1	1	1	5090490
1	0.407407	0.773235	3936150
1	1	1	5090490
1	1	1	5090490
0.078125	1	0.2773	1411600
1	1	1	5090490
1	0.458333	0.815906	4153360
0.0847458	0.440678	0.160121	815093
1	1	1	5090490
1	1	1	5090490
0.0684932	0.493151	0.148214	754483
1	0.485294	0.836162	4256470
1	1	1	5090490
1	0.45283	0.81158	4131340
1	1	1	5090490
1	0.479452	0.831903	4234790
1	1	1	5090490
1	1	1	5090490
1	1	1	5090490
1	1	1	5090490
1	1	1	5090490
1	0.492537	0.841345	4282860
0.140625	0.46875	0.245172	1248040
1	1	1	5090490
1	0.461538	0.818395	4166030
0.0933333	1	0.314681	1601880
1	1	1	5090490
1	0.461538	0.818395	4166030
1	1	1	5090490
1	0.492256	0.841146	4281840
0.105195	1	0.342087	1741390
0.229412	1	0.567161	2887130
1	1	1	5090490
0.199526	1	0.521125	2652780
1	1	1	5090490
1	1	1	5090490
1	0.213559	0.543261	2765460
1	0.212341	0.541377	2755870
1	0.485294	0.836162	4256470
1	1	1	5090490
1	0.494987	0.843074	4291660
1	0.471698	0.82614	4205460
1	1	1	5090490
0.0731481	1	0.26445	1346180
1	0.45098	0.81011	4123860
1	1	1	5090490
1	1	1	5090490
1	1	1	5090490
1	1	1	5090490
1	0.490566	0.839945	4275730
1	0.477612	0.830546	4227890
1	1	1	5090490
1	1	1	5090490
0.056338	1	0.218388	1111700
0.0551643	0.493349	0.125298	637831
0.194444	1	0.512868	2610750
1	1	1	5090490
1	1	1	5090490
1	0.45283	0.81158	4131340
1	1	1	5090490
1	1	1	5090490
1	0.464286	0.820511	4176810
1	0.471698	0.82614	4205460
1	1	1	5090490
1	0.428571	0.791699	4030140
1	0.416667	0.781445	3977940
1	1	1	5090490
1	1	1	5090490
1	1	1	5090490
1	1	1	5090490
1	1	1	5090490
1	0.499074	0.845931	4306200
1	1	1	5090490
1	0.440678	0.801788	4081490
0.0862069	1	0.2975	1514420
1	0.47619	0.829494	4222530
1	1	1	5090490
0.093702	1	0.315554	1606330
1	0.49419	0.842513	4288800
1	0.470588	0.825304	4201200
1	0.395833	0.762677	3882400
1	0.460526	0.817612	4162040
0.107692	1	0.347682	1769870
1	1	1	5090490
1	0.483516	0.834873	4249920
0.0833333	0.383333	0.141953	722612
1	1	1	5090490
1	1	1	5090490
1	1	1	5090490
1	0.493151	0.841779	4285070
1	1	1	5090490
1	0.458333	0.815906	4153360
1	1	1	5090490
1	0.471698	0.82614	4205460
1	1	1	5090490
1	1	1	5090490
1	1	1	5090490
1	0.482353	0.834026	4245600
1	0.425532	0.789113	4016970
1	0.486111	0.836752	4259480
1	0.479452	0.831903	4234790
1	0.221858	0.555913	2829870
1	0.42	0.78435	3992730
1	0.464286	0.820511	4176810
1	1	1	5090490
1	1	1	5090490
1	1	1	5090490
0.115519	1	0.364846	1857250
0.107446	1	0.347132	1767070
0.459606	0.752102	0.712866	3628840
0.560218	0.531837	0.658711	3353160
1	0.756799	0.967687	4926000
0.331391	0.531837	0.482187	2454570
0.111901	0.531837	0.227433	1157750
1	0.743136	0.963756	4905990
0.471545	0.750105	0.721311	3671830
1	0.446154	0.806241	4104160
1	1	1	5090490
0.111111	0.492063	0.213576	1087210
1	1	1	5090490
1	0.218855	0.551372	2806750
1	1	1	5090490
1	0.482143	0.833873	4244820
1	1	1	5090490
1	1	1	5090490
1	1	1	5090490
1	0.392157	0.759252	3864970
1	0.457627	0.815355	4150550
1	0.490566	0.839945	4275730
1	1	1	5090490
1	1	1	5090490
1	0.465517	0.821455	4181610
0.338791	0.218303	0.266567	1356960
0.454886	0.35973	0.459836	2340790
0.327018	1	0.692539	3525360
0.0431034	1	0.178627	909300
1	0.199894	0.521717	2655790
0.422611	0.452619	0.507663	2584260
1	0.705009	0.951441	4843300
1	1	1	5090490
0.0892832	0.53433	0.192863	981767
0.383694	0.53433	0.529903	2697470
1	0.449438	0.80888	4117590
1	0.227922	0.564962	2875930
1	1	1	5090490
0.197822	1	0.518371	2638760
1	0.375	0.742811	3781270
0.125	0.421875	0.207905	1058340
1	1	1	5090490
1	0.365079	0.732948	3731070
1	1	1	5090490
1	0.451613	0.810613	4126420
1	1	1	5090490
0.0740741	1	0.266866	1358480
1	1	1	5090490
1	1	1	5090490
1	1	1	5090490
1	0.452055	0.810965	4128210
1	0.444444	0.804858	4097120
1	1	1	5090490
1	0.484848	0.835839	4254830
1	1	1	5090490
1	0.482759	0.834322	4247110
1	0.489362	0.839086	4271360
1	0.492063	0.841009	4281150
0.0951877	1	0.31906	1624170
1	0.441176	0.802196	4083570
1	1	1	5090490
1	1	1	5090490
1	0.426667	0.790081	4021900
1	0.424242	0.788009	4011350
0.113384	1	0.360219	1833690
1	1	1	5090490
1	1	1	5090490
1	1	1	5090490
1	0.485714	0.836465	4258020
1	0.47561	0.829063	4220340
1	1	1	5090490
1	0.46875	0.823915	4194130
1	1	1	5090490
1	1	1	5090490
1	1	1	5090490
1	0.47541	0.828914	4219580
1	0.0107071	0.0592836	301783
1	1	1	5090490
0.037037	1	0.159105	809923
1	0.476923	0.830037	4225300
0.0909091	1	0.3089	1572450
1	1	1	5090490
1	1	1	5090490
1	0.462687	0.819282	4170550
1	1	1	5090490
0.0958904	1	0.32071	1632570
1	1	1	5090490
1	1	1	5090490
0.0405405	0.459459	0.09282	472499
1	1	1	5090490
1	0.479452	0.831903	4234790
1	1	1	5090490
1	0.454545	0.812935	4138240
1	0.415094	0.780066	3970920
0.567591	0.751452	0.789953	4021250
0.212757	0.752686	0.453468	2308370
0.242272	0.751144	0.492051	2504780
0.411907	0.750761	0.67218	3421730
0.16	0.750761	0.37469	1907360
0.421345	0.750232	0.680159	3462340
0.176471	0.748382	0.39943	2033300
1	0.763476	0.969518	4935320
1	0.767552	0.970607	4940870
0.483838	0.498971	0.584532	2975560
0.374863	0.498466	0.500292	2546730
0.175606	0.504949	0.303508	1545010
0.233093	0.497483	0.365797	1862090
0.353128	0.497483	0.481196	2449520
0.163205	0.496314	0.28458	1448650
1	0.21964	0.552563	2812820
0.47631	0.22851	0.350237	1782880
0.198875	0.227804	0.185492	944248
0.118917	0.351068	0.174344	887496
0.459285	0.229458	0.342519	1743590
0.133336	0.34796	0.188856	961368
0.200399	0.34796	0.255432	1300270
0.318559	0.348352	0.354938	1806810
0.124406	0.348992	0.179611	914308
0.525359	0.349399	0.494733	2518430
1	0.229458	0.567229	2887470
0.279656	0.230687	0.241336	1228520
0.487391	0.225173	0.352242	1793080
1	0.221534	0.555425	2827390
0.157479	0.21964	0.150953	768423
0.00227678	0.318689	0.00597051	30392.8
0.352195	1	0.719735	3663800
0.0553466	1	0.215527	1097140
0.0065224	0.152007	0.00784867	39953.6
0.0849127	0.164737	0.0737117	375229
0.00659246	0.544608	0.023802	121164
0.446028	0.870253	0.755488	3845800
0.0190251	1	0.0944024	480555
0.549455	0.1781	0.325303	1655950
0.0606438	0.391074	0.112453	572439
1	0.237377	0.57875	2946120
1	0.370113	0.737985	3756710
0.302332	0.467545	0.417911	2127370
0.120482	0.500693	0.229717	1169370
0.133512	0.710339	0.318238	1619990
1	0.563658	0.886807	4514280
0.00396524	0.369004	0.0110136	56064.7
0.0305581	0.0990983	0.0205914	104821
1	0.281395	0.638203	3248760
1	0.561305	0.885453	4507390
1	0.148283	0.431301	2195540
0.491847	0.148283	0.263886	1343310
0.000174477	1	0.00168435	8574.19
1	0.472084	0.82643	4206930
1	0.864205	0.990332	5041270
1	0.491791	0.840816	4280170
1	1	1	5090490
0.232697	0.863177	0.523268	2663690
1	0.861347	0.98991	5039130
0.000109743	0.724049	0.000829578	4222.96
1	0.492958	0.841642	4284370
1	1	1	5090490
1	1.42039e-08	2.70866e-07	1.37884
1	0.44898	0.808513	4115730
1	1	1	5090490
1	1	1	5090490
1	0.444444	0.804858	4097120
1	1	1	5090490
0.132353	1	0.400008	2036240
1	0.492754	0.841498	4283640
1	1	1	5090490
1	1	1	5090490
0.391919	1	0.75903	3863830
0.0720539	1	0.26158	1331570
1	1	1	5090490
1	1	1	5090490
1	0.487805	0.837971	4265680
1	1	1	5090490
1	1	1	5090490
1	1	1	5090490
1	0.467532	0.822991	4189430
1	1	1	5090490
0.0588235	1	0.225483	1147820
1	0.00890091	0.0509275	259246
1	0.00890091	0.0509275	259246
1	1	1	5090490
1	0.470588	0.825304	4201200
0.0634921	0.492063	0.139527	710261
0.0645161	1	0.241345	1228560
1	0.492063	0.841009	4281150
1	1	1	5090490
1	0.430769	0.793556	4039590
1	1	1	5090490
1	1	1	5090490
1	0.45	0.809328	4119880
1	1	1	5090490
1	0.42623	0.789708	4020000
1	0.452055	0.810965	4128210
1	1	1	5090490
1	1	1	5090490
0.131148	1	0.397565	2023800
1	0.454545	0.812935	4138240
1	1	1	5090490
1	0.446429	0.806462	4105290
1	0.396226	0.763041	3884250
1	1	1	5090490
1	0.466667	0.822332	4186070
0.0434783	1	0.179804	915291
0.108696	1	0.349913	1781230
1	1	1	5090490
1	0.4	0.766516	3901940
1	1	1	5090490
1	0.485714	0.836465	4258020
1	0.46875	0.823915	4194130
1	1	1	5090490
0.0833333	1	0.290409	1478320
1	1	1	5090490
1	1	1	5090490
0.263158	1	0.614474	3127970
1	1	1	5090490
1	1	1	5090490
0.0714286	1	0.259933	1323180
0.0333333	1	0.146707	746809
0.2	1	0.521888	2656660
0.114286	1	0.362178	1843660
1	1	1	5090490
0.108108	1	0.348608	1774590
0.108108	1	0.348608	1774590
0.0810811	1	0.284782	1449680
1	1	1	5090490
0.25	1	0.596574	3036850
0.0277778	1	0.12732	648121
1	1	1	5090490
0.176471	1	0.482577	2456550
1	1	1	5090490
0.131579	0.473684	0.235307	1197830
1	0.461538	0.818395	4166030
0.0789474	0.473684	0.160287	815939
0.15	1	0.434568	2212160
1	1	1	5090490
0.0526316	1	0.207602	1056800
0.027027	1	0.124619	634374
0.0540541	1	0.211771	1078020
1	0.486486	0.837022	4260860
1	1	1	5090490
1	1	1	5090490
1	0.481481	0.83339	4242370
1	1	1	5090490
0.0963415	1	0.321767	1637950
1	0.487805	0.837971	4265680
1	1	1	5090490
1	1	1	5090490
1	0.493912	0.842316	4287800
1	1	1	5090490
0.122449	1	0.379599	1932350
1	0.470588	0.825304	4201200
1	0.491525	0.840627	4279210
0.163647	1	0.459855	2340890
0.0925926	1	0.312921	1592920
0.173913	1	0.478122	2433870
1	0.388889	0.75618	3849330
1	1	1	5090490
1	1	1	5090490
1	1	1	5090490
1	0.469388	0.824398	4196590
1	1	1	5090490
0.172078	1	0.474902	2417480
1	0.481481	0.83339	4242370
1	1	1	5090490
1	1	1	5090490
1	0.444444	0.804858	4097120
0.12	1	0.374432	1906040
0.12069	1	0.375892	1913470
1	0.333333	0.699537	3560990
1	0.490909	0.840189	4276980
1	1	1	5090490
1	1	1	5090490
1	1	1	5090490
1	0.466667	0.822332	4186070
1	0.472222	0.826533	4207460
1	0.485714	0.836465	4258020
0.219809	1	0.552819	2814120
1	1	1	5090490
1	0.461538	0.818395	4166030
1	0.461538	0.818395	4166030
1	0.461538	0.818395	4166030
0.0769231	1	0.274227	1395950
1	0.473684	0.827628	4213030
1	1	1	5090490
0.221469	1	0.555327	2826890
0.34375	1	0.71082	3618420
1	0.478873	0.831477	4232630
1	1	1	5090490
1	0.392857	0.759907	3868300
0.0196078	0.490196	0.0542558	276189
1	0.45	0.809328	4119880
1	1	1	5090490
0.117551	1	0.369214	1879480
0.218033	1	0.550121	2800380
0.319231	1	0.683742	3480580
0.127869	1	0.390863	1989690
1	1	1	5090490
1	0.460317	0.81745	4161220
1	0.46875	0.823915	4194130
1	0.0036288	0.0240185	122266
1	0.0567745	0.219642	1118080
1	0.465753	0.821635	4182530
1	1	1	5090490
1	0.41791	0.782532	3983470
1	0.459016	0.816438	4156070
1	0.494505	0.842735	4289930
1	0.484375	0.835496	4253090
1	0.46875	0.823915	4194130
1	0.481013	0.833047	4240620
1	1	1	5090490
0.0188679	1	0.0937791	477382
1	1	1	5090490
1	1	1	5090490
1	1	1	5090490
1	1	1	5090490
0.379699	0.520258	0.517916	2636450
1	1	1	5090490
0.216667	0.45	0.324471	1651710
1	1	1	5090490
0.02	1	0.0982405	500092
1	0.0521421	0.206159	1049450
1	1	1	5090490
1	1	1	5090490
1	0.45283	0.81158	4131340
1	1	1	5090490
0.131433	0.207701	0.125599	639361
1	1	1	5090490
1	1	1	5090490
0.159091	1	0.451544	2298580
1	0.493506	0.84203	4286350
1	0.484375	0.835496	4253090
1	1	1	5090490
1	1	1	5090490
0.147313	0.577717	0.294793	1500640
1	0.483333	0.83474	4249240
1	0.492308	0.841182	4282030
1	0.446429	0.806462	4105290
1	0.489796	0.839396	4272940
1	1	1	5090490
1	1	1	5090490
1	1	1	5090490
1	1	1	5090490
1	0.47541	0.828914	4219580
1	1	1	5090490
1	1	1	5090490
1	1	1	5090490
1	1	1	5090490
1	0.472727	0.826912	4209390
1	0.492958	0.841642	4284370
1	0.240964	0.583882	2972240
1	0.502043	0.847985	4316660
1	1	1	5090490
1	0.453125	0.811813	4132530
1	0.474576	0.828294	4216420
1	1	1	5090490
0.0746269	0.358209	0.123553	628943
1	0.492754	0.841498	4283640
1	1	1	5090490
1	1	1	5090490
0.0784314	1	0.278081	1415570
1	1	1	5090490
1	1	1	5090490
1	0.508197	0.852188	4338060
1	1	1	5090490
0.137255	0.470588	0.241548	1229600
1	0.47619	0.829494	4222530
1	1	1	5090490
1	1	1	5090490
1	0.483333	0.83474	4249240
1	1	1	5090490
1	1	1	5090490
1	0.464286	0.820511	4176810
0.122449	0.428571	0.20715	1054500
1	1	1	5090490
1	0.412698	0.777952	3960160
1	1	1	5090490
0.0547945	1	0.213927	1088990
0.0724638	1	0.262657	1337050
0.0819672	0.491803	0.169757	864148
0.0285714	1	0.130153	662542
1	1	1	5090490
1	1	1	5090490
1	1	1	5090490
0.352941	1	0.720513	3667770
1	0.446429	0.806462	4105290
0.508735	1	0.852552	4339910
1	1	1	5090490
1	1	1	5090490
1	0.492308	0.841182	4282030
1	1	1	5090490
1	1	1	5090490
1	0.471698	0.82614	4205460
1	0.207885	0.534425	2720490
1	1	1	5090490
1	1	1	5090490
1	0.459016	0.816438	4156070
1	0.404255	0.770393	3921680
1	0.461538	0.818395	4166030
1	1	1	5090490
1	0.492537	0.841345	4282860
1	0.485714	0.836465	4258020
0.0592492	1	0.226688	1153950
0.163636	0.309091	0.201516	1025820
1	0.474576	0.828294	4216420
1	0.471698	0.82614	4205460
1	0.465517	0.821455	4181610
1	0.455882	0.813987	4143590
1	1	1	5090490
1	1	1	5090490
1	0.45098	0.81011	4123860
1	0.472727	0.826912	4209390
1	0.471698	0.82614	4205460
1	0.451613	0.810613	4126420
0.12	0.48	0.222004	1130110
1	1	1	5090490
1	0.482143	0.833873	4244820
1	1	1	5090490
1	1	1	5090490
0.016129	1	0.0826957	420962
1	0.46	0.817203	4159970
1	1	1	5090490
0.136986	0.479452	0.24452	1244720
1	1	1	5090490
1	1	1	5090490
1	0.458333	0.815906	4153360
1	1	1	5090490
1	1	1	5090490
1	0.451613	0.810613	4126420
1	0.491228	0.840416	4278130
1	0.486111	0.836752	4259480
1	0.113474	0.360415	1834690
1	0.431034	0.793779	4040720
1	0.410714	0.776191	3951200
1	1	1	5090490
1	0.661504	0.934864	4758910
1	0.0115454	0.063055	320981
0.0379747	1	0.162184	825594
1	0.4875	0.837752	4264570
1	1	1	5090490
0.0952381	1	0.319179	1624780
0.0408163	0.489796	0.0982079	499926
1	1	1	5090490
1	0.474576	0.828294	4216420
1	1	1	5090490
1	0.493151	0.841779	4285070
1	0.151596	0.437587	2227530
1	0.226244	0.562475	2863270
1	0.480769	0.832869	4239710
1	0.47541	0.828914	4219580
1	0.488372	0.838377	4267750
1	0.484848	0.835839	4254830
1	1	1	5090490
1	1	1	5090490
1	1	1	5090490
1	1	1	5090490
1	1	1	5090490
1	0.214414	0.544579	2772180
1	0.418182	0.782769	3984680
0.298246	1	0.659074	3355010
1	0.428571	0.791699	4030140
1	0.409836	0.775409	3947210
1	1	1	5090490
1	0.469697	0.824632	4197780
1	1	1	5090490
1	1	1	5090490
1	0.462963	0.819495	4171630
1	1	1	5090490
0.046875	1	0.190325	968849
0.156863	0.470588	0.266198	1355080
1	0.470588	0.825304	4201200
1	0.478873	0.831477	4232630
1	0.440678	0.801788	4081490
1	1	1	5090490
1	0.447368	0.807219	4109140
1	1	1	5090490
1	1	1	5090490
1	0.486111	0.836752	4259480
0.114754	1	0.363193	1848830
1	1	1	5090490
1	0.148316	0.431363	2195850
1	1	1	5090490
1	1	1	5090490
1	0.47619	0.829494	4222530
1	1	1	5090490
1	0.444444	0.804858	4097120
1	0.490909	0.840189	4276980
1	0.42623	0.789708	4020000
1	0.481481	0.83339	4242370
1	0.393939	0.760917	3873440
1	0.486111	0.836752	4259480
0.0461538	1	0.188113	957586
1	0.492537	0.841345	4282860
1	0.490566	0.839945	4275730
1	1	1	5090490
1	0.46875	0.823915	4194130
1	1	1	5090490
1	1	1	5090490
0.118644	1	0.371549	1891370
1	0.483333	0.83474	4249240
1	0.431373	0.794063	4042170
0.127869	0.191803	0.115468	587787
1	0.446429	0.806462	4105290
1	1	1	5090490
1	1	1	5090490
0.152174	1	0.438676	2233080
1	0.433333	0.795707	4050540
0.108764	1	0.350064	1782000
1	0.485294	0.836162	4256470
0.191525	1	0.508066	2586310
1	0.431034	0.793779	4040720
1	0.416667	0.781445	3977940
1	1	1	5090490
0.0571429	0.485714	0.127239	647707
1	0.492537	0.841345	4282860
1	0.444444	0.804858	4097120
1	1	1	5090490
1	0.466667	0.822332	4186070
0.0172414	1	0.087249	444140
1	0.478261	0.831026	4230330
1	0.453125	0.811813	4132530
1	0.435897	0.797844	4061420
0.103383	1	0.337993	1720550
1	1	1	5090490
1	1	1	5090490
1	0.476923	0.830037	4225300
1	0.490566	0.839945	4275730
1	1	1	5090490
1	1	1	5090490
1	1	1	5090490
1	1	1	5090490
0.0810811	1	0.284782	1449680
1	0.442857	0.803568	4090550
1	0.472973	0.827096	4210320
0.0983607	1	0.32647	1661890
1	0.489362	0.839086	4271360
1	1	1	5090490
1	0.238839	0.580849	2956800
1	1	1	5090490
1	0.473684	0.827628	4213030
1	1	1	5090490
1	1	1	5090490
1	1	1	5090490
1	1	1	5090490
0.120482	1	0.375452	1911240
1	1	1	5090490
1	1	1	5090490
1	0.493506	0.84203	4286350
1	0.472222	0.826533	4207460
1	1	1	5090490
1	0.483333	0.83474	4249240
1	0.495311	0.843301	4292820
0.0508475	0.491525	0.117195	596583
1	1	1	5090490
1	1	1	5090490
0.123288	1	0.381358	1941300
0.137931	0.465517	0.240503	1224280
1	0.46875	0.823915	4194130
1	1	1	5090490
1	1	1	5090490
0.0666667	0.483333	0.142909	727476
1	1	1	5090490
1	0.190799	0.506865	2580190
1	0.228675	0.566075	2881600
1	0.458824	0.816288	4155310
1	0.492958	0.841642	4284370
1	1	1	5090490
1	0.491525	0.840627	4279210
1	0.494253	0.842557	4289030
0.113208	0.377358	0.177419	903152
1	0.448276	0.807948	4112850
0.123912	1	0.382663	1947940
1	0.430556	0.793376	4038670
1	1	1	5090490
1	0.485294	0.836162	4256470
1	1	1	5090490
1	1	1	5090490
0.101266	1	0.333165	1695970
0.233025	0.494444	0.364195	1853930
1	0.448276	0.807948	4112850
1	1	1	5090490
1	1	1	5090490
1	0.473684	0.827628	4213030
1	0.475	0.828609	4218030
1	1	1	5090490
1	1	1	5090490
1	1	1	5090490
1	1	1	5090490
1	1	1	5090490
0.0363636	1	0.156879	798594
1	0.469697	0.824632	4197780
1	0.473684	0.827628	4213030
1	1	1	5090490
1	1	1	5090490
1	1	1	5090490
1	0.441558	0.802508	4085160
1	1	1	5090490
1	1	1	5090490
1	1	1	5090490
1	1	1	5090490
1	1	1	5090490
1	1	1	5090490
1	1	1	5090490
1	0.493151	0.841779	4285070
1	1	1	5090490
0.190957	0.65058	0.383332	1951350
1	0.65058	0.930258	4735470
1	0.294534	0.654561	3332040
0.585608	0.289536	0.470443	2394780
0.566437	0.292101	0.463121	2357510
0.202179	0.329291	0.246957	1257130
0.186527	0.279621	0.206202	1049670
1	0.236504	0.577493	2939720
0.44583	0.178882	0.281429	1432610
0.0577915	0.352068	0.0995932	506978
0.338533	0.352068	0.372704	1897250
0.116177	0.458489	0.209466	1066290
0.38359	1	0.751138	3823660
0.288997	0.756033	0.550819	2803940
1	1	1	5090490
0.356262	1	0.723956	3685290
0.288352	0.130014	0.160594	817502
0.407576	0.164444	0.248169	1263300
1	0.108527	0.349539	1779330
1	0.488889	0.838748	4269640
1	0.233333	0.5729	2916340
1	0.444444	0.804858	4097120
0.0483871	1	0.194928	992282
1	1	1	5090490
1	1	1	5090490
1	1	1	5090490
1	0.47541	0.828914	4219580
1	1	1	5090490
0.428571	0.396428	0.471051	2397880
0.210526	0.36985	0.276632	1408190
0.210526	0.36985	0.276632	1408190
1	0.628483	0.92038	4685180
0.140428	1	0.416097	2118140
0.292607	1	0.652199	3320010
0.292607	1	0.652199	3320010
0.205102	1	0.530034	2698140
1	0.482143	0.833873	4244820
0.368421	0.491228	0.490339	2496070
1	1	1	5090490
1	0.473684	0.827628	4213030
1	0.477273	0.830296	4226610
1	0.413793	0.77892	3965080
1	0.491525	0.840627	4279210
1	1	1	5090490
1	0.216164	0.547266	2785850
1	0.496488	0.844127	4297020
1	1	1	5090490
1	1	1	5090490
1	1	1	5090490
1	1	1	5090490
1	1	1	5090490
1	1	1	5090490
1	1	1	5090490
1	0.475	0.828609	4218030
1	1	1	5090490
1	0.419355	0.78379	3989880
0.186441	1	0.499594	2543180
1	1	1	5090490
1	1	1	5090490
1	0.469697	0.824632	4197780
1	1	1	5090490
1	1	1	5090490
1	1	1	5090490
1	1	1	5090490
1	1	1	5090490
1	0.225755	0.561747	2859570
1	1	1	5090490
0.0689655	1	0.25339	1289880
1	0.444444	0.804858	4097120
1	0.231235	0.569838	2900750
1	1	1	5090490
1	0.198431	0.519357	2643780
1	0.451613	0.810613	4126420
1	0.474359	0.828132	4215600
1	0.45283	0.81158	4131340
1	1	1	5090490
0.0465116	1	0.189212	963181
1	0.492537	0.841345	4282860
1	0.4375	0.799172	4068180
1	0.467742	0.82315	4190240
0.09375	1	0.315668	1606900
1	1	1	5090490
1	1	1	5090490
1	0.482143	0.833873	4244820
0.0897436	1	0.306097	1558190
0.0350877	1	0.152628	776953
1	1	1	5090490
1	1	1	5090490
1	1	1	5090490
1	0.45614	0.81419	4144630
1	1	1	5090490
1	1	1	5090490
1	1	1	5090490
1	0.495372	0.843344	4293040
0.15129	1	0.437009	2224590
0.240741	1	0.583564	2970630
1	1	1	5090490
1	1	1	5090490
1	0.461538	0.818395	4166030
1	0.410256	0.775784	3949120
1	1	1	5090490
1	0.119838	0.374088	1904290
1	1	1	5090490
1	0.434783	0.796917	4056700
1	1	1	5090490
1	1	1	5090490
1	1	1	5090490
1	1	1	5090490
0.0882353	1	0.302448	1539610
1	0.47541	0.828914	4219580
0.0625	1	0.235787	1200270
1	0.45098	0.81011	4123860
1	1	1	5090490
0.157895	1	0.449341	2287370
1	0.485714	0.836465	4258020
1	1	1	5090490
1	0.492063	0.841009	4281150
1	1	1	5090490
1	1	1	5090490
1	1	1	5090490
1	0.490196	0.839681	4274390
1	1	1	5090490
1	0.382979	0.750552	3820680
1	0.00154603	0.011552	58805.5
1	1	1	5090490
1	1	1	5090490
1	1	1	5090490
1	1	1	5090490
1	0.490196	0.839681	4274390
1	0.50101	0.847273	4313030
1	0.453488	0.8121	4133990
1	0.48	0.832305	4236840
1	0.461538	0.818395	4166030
0.0322581	0.435484	0.073966	376523
0.0428571	0.428571	0.091785	467230
1	1	1	5090490
1	1	1	5090490
1	0.462687	0.819282	4170550
1	1	1	5090490
1	0.436364	0.798231	4063390
1	0.441176	0.802196	4083570
1	0.16875	0.469013	2387510
1	0.466667	0.822332	4186070
1	1	1	5090490
1	1	1	5090490
1	1	1	5090490
1	1	1	5090490
1	1	1	5090490
1	1	1	5090490
0.0634921	0.428571	0.125283	637750
1	1	1	5090490
1	0.493976	0.842362	4288030
1	1	1	5090490
1	0.481481	0.83339	4242370
1	1	1	5090490
0.263736	0.493506	0.395546	2013520
0.0806452	1	0.283685	1444100
1	1	1	5090490
0.28	0.4	0.357197	1818310
1	0.484375	0.835496	4253090
0.0769231	0.25641	0.0971583	494583
0.136364	1	0.408059	2077220
1	1	1	5090490
1	0.151515	0.437435	2226760
1	1	1	5090490
1	1	1	5090490
1	0.490566	0.839945	4275730
1	1	1	5090490
0.106061	0.409091	0.179522	913857
1	2.24794e-08	4.18357e-07	2.12964
1	0.454545	0.812935	4138240
1	1	1	5090490
1	1	1	5090490
1	1	1	5090490
1	1	1	5090490
1	0.492308	0.841182	4282030
1	1	1	5090490
0.280702	1	0.637323	3244290
1	0.45283	0.81158	4131340
1	0.483333	0.83474	4249240
1	1	1	5090490
1	1	1	5090490
0.164662	0.528215	0.299385	1524020
1	0.453125	0.811813	4132530
1	0.453125	0.811813	4132530
1	0.493521	0.84204	4286400
1	1	1	5090490
1	0.411765	0.777125	3955950
1	0.438356	0.799879	4071780
0.0535714	1	0.210361	1070840
1	1	1	5090490
1	0.495082	0.84314	4292000
1	0.407407	0.773235	3936150
0.2256	0.565128	0.390089	1985740
0.197202	0.606893	0.373754	1902590
1	1	1	5090490
1	1	1	5090490
1	1	1	5090490
0.111111	1	0.355247	1808380
1	1	1	5090490
1	0.484375	0.835496	4253090
0.0810811	1	0.284782	1449680
1	0.438356	0.799879	4071780
1	1	1	5090490
1	1	1	5090490
1	1	1	5090490
1	1	1	5090490
1	0.493333	0.841908	4285720
1	0.408163	0.773913	3939600
1	1	1	5090490
1	0.492537	0.841345	4282860
1	1	1	5090490
1	1	1	5090490
1	0.490909	0.840189	4276980
1	1	1	5090490
1	0.490196	0.839681	4274390
1	0.492308	0.841182	4282030
0.016129	1	0.0826957	420962
1	0.472727	0.826912	4209390
1	1	1	5090490
1	1	1	5090490
1	0.482143	0.833873	4244820
1	1	1	5090490
0.012987	1	0.0694001	353280
1	1	1	5090490
1	1	1	5090490
1	1	1	5090490
1	1	1	5090490
1	0.491803	0.840824	4280210
1	1	1	5090490
1	1	1	5090490
0.137931	1	0.411173	2093070
1	1	1	5090490
1	1	1	5090490
1	1	1	5090490
0.0704225	1	0.257271	1309630
0.116667	1	0.367317	1869830
1	0.465517	0.821455	4181610
0.0746269	1	0.268303	1365790
1	0.447761	0.807535	4110750
0.0625	1	0.235787	1200270
0.0940767	1	0.316441	1610840
1	1	1	5090490
1	1	1	5090490
0.0666667	1	0.247203	1258390
1	0.47541	0.828914	4219580
1	1	1	5090490
1	0.449275	0.808749	4116930
0.0555556	0.444444	0.116082	590912
1	0.460317	0.81745	4161220
0.116279	0.465116	0.211857	1078450
1	0.27027	0.623874	3175820
1	1	1	5090490
0.103448	1	0.33814	1721300
1	1	1	5090490
1	0.452055	0.810965	4128210
1	0.347826	0.715149	3640460
1	1	1	5090490
1	1	1	5090490
1	1	1	5090490
1	0.484375	0.835496	4253090
0.155556	0.466667	0.262995	1338770
1	0.645439	0.928028	4724120
0.206931	0.645439	0.402447	2048650
0.0625	1	0.235787	1200270
1	0.043596	0.180173	917170
1	0.127386	0.389869	1984630
1	0.460317	0.81745	4161220
1	1	1	5090490
0.157895	1	0.449341	2287370
0.415385	1	0.780321	3972220
0.415385	1	0.780321	3972220
0.415385	1	0.780321	3972220
0.415385	1	0.780321	3972220
0.366667	1	0.734544	3739190
0.415385	1	0.780321	3972220
0.415385	1	0.780321	3972220
0.415385	1	0.780321	3972220
0.346847	0.692795	0.582927	2967390
0.189189	0.692795	0.397406	2022990
0.189189	0.692795	0.397406	2022990
0.346847	0.692795	0.582927	2967390
0.346847	0.692795	0.582927	2967390
0.0967742	0.483871	0.190176	968089
1	0.44898	0.808513	4115730
1	0.454545	0.812935	4138240
1	0.493506	0.84203	4286350
1	0.42623	0.789708	4020000
0.206349	0.444444	0.310818	1582220
1	0.466667	0.822332	4186070
1	1	1	5090490
1	0.482759	0.834322	4247110
1	0.473684	0.827628	4213030
1	0.461538	0.818395	4166030
0.025	1	0.117222	596717
1	0.492063	0.841009	4281150
1	0.459016	0.816438	4156070
1	0.44898	0.808513	4115730
0.0769231	1	0.274227	1395950
1	0.177596	0.484525	2466470
1	1	1	5090490
0.0625	1	0.235787	1200270
1	1	1	5090490
1	0.333333	0.699537	3560990
0.457143	0.485714	0.556189	2831270
1	0.485714	0.836465	4258020
0.0571429	0.485714	0.127239	647707
1	0.464286	0.820511	4176810
1	1	1	5090490
1	1	1	5090490
1	1	1	5090490
1	1	1	5090490
1	0.333333	0.699537	3560990
1	1	1	5090490
1	0.47619	0.829494	4222530
1	1	1	5090490
1	1	1	5090490
0.117647	0.470588	0.215576	1097390
1	0.444444	0.804858	4097120
1	1	1	5090490
1	1	1	5090490
1	0.45	0.809328	4119880
1	1	1	5090490
1	1	1	5090490
1	1	1	5090490
0.15361	1	0.441373	2246810
1	0.490566	0.839945	4275730
1	0.42623	0.789708	4020000
1	0.486111	0.836752	4259480
1	0.457143	0.814976	4148630
1	1	1	5090490
1	0.478261	0.831026	4230330
1	1	1	5090490
1	1	1	5090490
0.0454545	1	0.185956	946610
1	0.47619	0.829494	4222530
1	0.490909	0.840189	4276980
1	1	1	5090490
1	1	1	5090490
1	0.445783	0.805941	4102640
1	1	1	5090490
1	1	1	5090490
0.286576	1	0.644725	3281970
1	0.462963	0.819495	4171630
1	1	1	5090490
1	0.482353	0.834026	4245600
1	1	1	5090490
1	1	1	5090490
0.215385	0.492308	0.343977	1751010
1	1	1	5090490
1	0.188571	0.503161	2561340
0.038961	0.493506	0.0952034	484632
