quality	AA	AC	AG	AT	A.	CA	CC	CG	CT	C.	GA	GC	GG	GT	G.	TA	TC	TG	TT	T.	.A	.C	.G	.T	..
0	NA	NA	NA	NA	NA	NA	NA	NA	NA	NA	NA	NA	NA	NA	NA	NA	NA	NA	NA	NA	NA	NA	NA	NA	NA
1	NA	NA	NA	NA	NA	NA	NA	NA	NA	NA	NA	NA	NA	NA	NA	NA	NA	NA	NA	NA	NA	NA	NA	NA	NA
2	NA	NA	NA	NA	NA	NA	NA	NA	NA	NA	NA	NA	NA	NA	NA	NA	NA	NA	NA	NA	NA	NA	NA	NA	NA
3	NA	NA	NA	NA	NA	NA	NA	NA	NA	NA	NA	NA	NA	NA	NA	NA	NA	NA	NA	NA	NA	NA	NA	NA	NA
4	NA	NA	NA	NA	NA	NA	NA	NA	NA	NA	NA	NA	NA	NA	NA	NA	NA	NA	NA	NA	NA	NA	NA	NA	NA
5	NA	NA	NA	NA	NA	NA	NA	NA	NA	NA	NA	NA	NA	NA	NA	NA	NA	NA	NA	NA	NA	NA	NA	NA	NA
6	NA	NA	NA	NA	NA	NA	NA	NA	NA	NA	NA	NA	NA	NA	NA	NA	NA	NA	NA	NA	NA	NA	NA	NA	NA
7	NA	NA	NA	NA	NA	NA	NA	NA	NA	NA	NA	NA	NA	NA	NA	NA	NA	NA	NA	NA	NA	NA	NA	NA	NA
8	NA	NA	NA	NA	NA	NA	NA	NA	NA	NA	NA	NA	NA	NA	NA	NA	NA	NA	NA	NA	NA	NA	NA	NA	NA
9	NA	NA	NA	NA	NA	NA	NA	NA	NA	NA	NA	NA	NA	NA	NA	NA	NA	NA	NA	NA	NA	NA	NA	NA	NA
10	NA	NA	NA	NA	NA	NA	NA	NA	NA	NA	NA	NA	NA	NA	NA	NA	NA	NA	NA	NA	NA	NA	NA	NA	NA
11	NA	NA	NA	NA	NA	NA	NA	NA	NA	NA	NA	NA	NA	NA	NA	NA	NA	NA	NA	NA	NA	NA	NA	NA	NA
12	0.978473	0.0082577	0.00516818	0.00793736	0.00016373	0.0173859	0.946137	0.0166832	0.0194498	0.000343984	0.014869	0.0122366	0.93913	0.0334293	0.000334749	0.0041985	0.00892037	0.00868776	0.978042	0.000151193	4.7482e-05	5.80336e-05	5.53957e-05	7.78177e-05	0.999761
13	0.971597	0.0105168	0.00897719	0.00863757	0.000271693	0.0128597	0.953132	0.0206962	0.0130181	0.000294151	0.00603762	0.00722185	0.971358	0.0151749	0.000207078	0.00377007	0.0114479	0.0113949	0.973228	0.000158851	5.74847e-05	6.6001e-05	7.23882e-05	5.32266e-05	0.999751
14	0.976014	0.00933474	0.00729011	0.00723654	0.000124999	0.00896674	0.96789	0.0110619	0.0119349	0.000146536	0.00445704	0.00459733	0.979729	0.0111242	9.19925e-05	0.00376218	0.0117192	0.0138768	0.970445	0.000197145	2.66805e-05	3.18444e-05	3.7869e-05	2.92624e-05	0.999874
15	0.968404	0.0110161	0.0143289	0.00612273	0.000127723	0.00559059	0.979328	0.00811502	0.00684739	0.000119179	0.00556207	0.00277531	0.987239	0.00436611	5.7223e-05	0.00333906	0.0147281	0.0180413	0.963685	0.000207073	1.49902e-05	1.99869e-05	5.16328e-05	2.66492e-05	0.999887
16	0.975806	0.00991669	0.0097149	0.00450431	5.76552e-05	0.00432863	0.984659	0.00584795	0.00511218	5.25551e-05	0.00226977	0.00213691	0.992881	0.00267944	3.32162e-05	0.00275945	0.0108192	0.0118672	0.974501	5.27764e-05	9.21621e-06	1.53603e-05	1.99684e-05	9.21621e-06	0.999946
17	0.895961	0.00853864	0.091455	0.00402444	2.12934e-05	0.00454854	0.983801	0.00560587	0.00596497	7.97989e-05	0.0608567	0.00133556	0.935265	0.00251022	3.21823e-05	0.00321133	0.0140991	0.0140991	0.968569	2.19954e-05	2.44285e-05	3.41999e-05	3.41999e-05	9.7714e-06	0.999897
18	0.958461	0.00783954	0.0293559	0.00410643	0.000237562	0.00251786	0.987051	0.00539542	0.00489185	0.000143878	0.00498617	0.00201752	0.991353	0.00161402	2.88218e-05	0.00211503	0.0109855	0.0107961	0.976103	NA	3.7513e-05	3.7513e-05	3.00104e-05	1.50052e-05	0.99988
19	0.804135	0.00550777	0.185378	0.00482873	0.000150898	0.00387808	0.988298	0.00360593	0.00415022	6.80365e-05	0.0597865	0.00120376	0.937485	0.00152476	NA	0.00364759	0.0160868	0.0109428	0.969229	9.35279e-05	1.9571e-05	5.8713e-05	3.9142e-05	NA	0.999883
20	0.825195	0.00608167	0.164726	0.00390964	8.6881e-05	0.00171443	0.990775	0.00318393	0.00432688	NA	0.0233382	0.00109971	0.975196	0.000366569	NA	0.00363138	0.015736	0.0119432	0.968609	8.06972e-05	4.51172e-05	4.51172e-05	4.51172e-05	NA	0.999865
21	0.485887	0.00201613	0.510081	0.00201613	NA	NA	0.995633	0.00436681	NA	NA	0.0864198	NA	0.91358	NA	NA	0.00689655	0.0137931	0.00689655	0.972414	NA	NA	NA	NA	NA	1
22	NA	NA	NA	NA	NA	NA	NA	NA	NA	NA	NA	NA	NA	NA	NA	NA	NA	NA	NA	NA	NA	NA	NA	NA	NA
23	NA	NA	NA	NA	NA	NA	NA	NA	NA	NA	NA	NA	NA	NA	NA	NA	NA	NA	NA	NA	NA	NA	NA	NA	NA
24	0.997672	0.000951604	0.00098559	0.000339859	5.09788e-05	0.000477147	0.998312	0.000623962	0.000486323	0.000100935	0.000393818	0.000546523	0.997967	0.000964452	0.000128594	0.000260487	0.00111913	0.000617451	0.997984	1.92953e-05	2.77911e-05	3.03176e-05	4.80028e-05	3.03176e-05	0.999864
25	0.99819	0.000816327	0.000745342	0.000212955	3.54925e-05	0.000316644	0.998516	0.000573916	0.000514546	7.91609e-05	0.00053406	0.000239406	0.998711	0.000460397	5.52476e-05	0.000145661	0.000965005	0.000546229	0.998288	5.46229e-05	3.72558e-05	3.19336e-05	3.19336e-05	4.25781e-05	0.999856
26	0.998651	0.000449725	0.000733763	0.000118349	4.73395e-05	0.000136942	0.999353	0.000186739	0.000261435	6.22463e-05	0.000477826	0.000211132	0.998333	0.000922314	5.55611e-05	0.000182313	0.000638094	0.000714058	0.998435	3.03854e-05	2.15599e-05	4.6713e-05	4.31197e-05	5.38996e-05	0.999835
27	0.998334	0.00048756	0.000920947	0.00020315	5.41734e-05	0.000209133	0.998978	0.000458483	0.000305655	4.82614e-05	0.000256294	0.000184006	0.999133	0.00040087	2.62866e-05	0.000273933	0.000821799	0.000733173	0.998139	3.22274e-05	1.26479e-05	3.16198e-05	2.31879e-05	2.31879e-05	0.999909
28	0.998867	0.000199893	0.000932836	NA	NA	0.000154494	0.999459	0.000193117	0.000193117	NA	0.000207798	0.000103899	0.998883	0.000779241	2.59747e-05	NA	0.000691389	0.00087995	0.998303	0.000125707	NA	2.09872e-05	4.19745e-05	2.09872e-05	0.999916
29	0.998802	0.000429903	0.000537379	0.000214951	1.53537e-05	0.000274159	0.999186	0.000265315	0.00022994	4.42192e-05	0.00019498	0.00019498	0.999294	0.000289109	2.68938e-05	0.000160925	0.000662634	0.000501709	0.998675	NA	1.43925e-05	1.67912e-05	1.43925e-05	7.19625e-06	0.999947
30	0.998763	0.000180451	0.000840639	0.000215661	NA	7.2737e-05	0.999336	0.000193965	0.000390961	6.06141e-06	0.000398729	0.000122382	0.999315	0.000157912	5.92171e-06	0.000184366	0.000805747	0.000443844	0.998559	6.82836e-06	5.80864e-06	8.29806e-06	1.49365e-05	2.48942e-06	0.999968
31	0.999166	0.000156714	0.000593276	8.39541e-05	NA	7.25946e-05	0.999578	7.58943e-05	0.00026728	6.59951e-06	0.000200581	9.0985e-05	0.999593	8.89172e-05	2.68819e-05	0.000109952	0.000565469	0.000243466	0.999065	1.57075e-05	1.83311e-06	4.58277e-06	6.41588e-06	1.83311e-06	0.999985
32	0.999208	0.000138177	0.000534941	0.000114489	3.9479e-06	6.03129e-05	0.999651	9.85884e-05	0.000185578	4.63946e-06	0.000194987	8.64474e-05	0.999647	6.53158e-05	6.72368e-06	0.000120082	0.000483807	0.000215799	0.999173	6.96126e-06	1.80008e-06	5.04023e-06	3.96018e-06	1.44007e-06	0.999988
33	0.999224	0.000115781	0.000572094	8.4452e-05	4.08639e-06	4.9465e-05	0.99975	7.26986e-05	0.000124412	3.74735e-06	0.000144289	7.43088e-05	0.999718	6.06013e-05	2.88578e-06	7.88988e-05	0.000537328	0.000223093	0.999159	1.36032e-06	1.0287e-06	4.62914e-06	5.40067e-06	2.0574e-06	0.999987
34	0.999341	9.64656e-05	0.000474762	8.32252e-05	4.7287e-06	3.73003e-05	0.999701	8.50226e-05	0.000174434	2.74267e-06	0.000191899	7.72006e-05	0.999687	3.70563e-05	7.05834e-06	9.4339e-05	0.00044528	0.000137106	0.999321	2.51571e-06	7.07294e-07	4.42059e-06	4.06694e-06	1.06094e-06	0.99999
35	0.999189	0.000120157	0.00057289	0.000109428	8.58262e-06	4.7458e-05	0.999677	9.36671e-05	0.000178592	3.74668e-06	0.000172817	8.58974e-05	0.999697	4.09035e-05	3.06776e-06	7.72729e-05	0.000488751	0.000189319	0.999239	5.79547e-06	1.48004e-06	4.44013e-06	5.55016e-06	2.22006e-06	0.999986
36	0.999277	0.000108817	0.000514069	9.50589e-05	5.0031e-06	5.55224e-05	0.999618	9.54985e-05	0.000225051	5.92239e-06	0.00020698	9.23018e-05	0.999644	5.42622e-05	2.79702e-06	0.000115793	0.000548246	0.000185506	0.999146	4.72626e-06	8.38194e-07	3.98142e-06	6.07691e-06	1.88594e-06	0.999987
37	0.99914	0.000112507	0.000639461	0.000102002	5.76091e-06	3.31713e-05	0.99972	8.31167e-05	0.000159448	4.71183e-06	0.000138147	6.4871e-05	0.99976	3.31898e-05	3.87933e-06	8.67414e-05	0.000514686	0.000150433	0.999244	4.24608e-06	1.60561e-06	6.66945e-06	4.81683e-06	2.22315e-06	0.999985
38	0.999262	0.000112	0.00054557	7.54808e-05	4.55105e-06	4.90692e-05	0.999675	8.40939e-05	0.000185874	5.77965e-06	0.000175713	7.89122e-05	0.9997	4.07304e-05	4.32791e-06	9.55811e-05	0.000462649	0.000155173	0.999282	5.08549e-06	1.53358e-06	6.62726e-06	4.58249e-06	1.53358e-06	0.999986
39	0.999112	0.000122742	0.000666185	9.52788e-05	3.52885e-06	4.09495e-05	0.999698	8.75351e-05	0.000170931	2.99416e-06	0.000137213	7.76709e-05	0.999729	5.4229e-05	1.87535e-06	8.81253e-05	0.000513001	0.000153991	0.99924	4.68613e-06	1.65864e-06	6.13385e-06	3.72412e-06	1.9716e-06	0.999987
40	1	NA	NA	NA	NA	NA	1	NA	NA	NA	NA	NA	1	NA	NA	NA	NA	NA	1	NA	NA	NA	NA	NA	1
