quality	AA	AC	AG	AT	A.	CA	CC	CG	CT	C.	GA	GC	GG	GT	G.	TA	TC	TG	TT	T.	.A	.C	.G	.T	..
0	NA	NA	NA	NA	NA	NA	NA	NA	NA	NA	NA	NA	NA	NA	NA	NA	NA	NA	NA	NA	NA	NA	NA	NA	NA
1	NA	NA	NA	NA	NA	NA	NA	NA	NA	NA	NA	NA	NA	NA	NA	NA	NA	NA	NA	NA	NA	NA	NA	NA	NA
2	NA	NA	NA	NA	NA	NA	NA	NA	NA	NA	NA	NA	NA	NA	NA	NA	NA	NA	NA	NA	NA	NA	NA	NA	NA
3	NA	NA	NA	NA	NA	NA	NA	NA	NA	NA	NA	NA	NA	NA	NA	NA	NA	NA	NA	NA	NA	NA	NA	NA	NA
4	NA	NA	NA	NA	NA	NA	NA	NA	NA	NA	NA	NA	NA	NA	NA	NA	NA	NA	NA	NA	NA	NA	NA	NA	NA
5	NA	NA	NA	NA	NA	NA	NA	NA	NA	NA	NA	NA	NA	NA	NA	NA	NA	NA	NA	NA	NA	NA	NA	NA	NA
6	NA	NA	NA	NA	NA	NA	NA	NA	NA	NA	NA	NA	NA	NA	NA	NA	NA	NA	NA	NA	NA	NA	NA	NA	NA
7	NA	NA	NA	NA	NA	NA	NA	NA	NA	NA	NA	NA	NA	NA	NA	NA	NA	NA	NA	NA	NA	NA	NA	NA	NA
8	NA	NA	NA	NA	NA	NA	NA	NA	NA	NA	NA	NA	NA	NA	NA	NA	NA	NA	NA	NA	NA	NA	NA	NA	NA
9	NA	NA	NA	NA	NA	NA	NA	NA	NA	NA	NA	NA	NA	NA	NA	NA	NA	NA	NA	NA	NA	NA	NA	NA	NA
10	NA	NA	NA	NA	NA	NA	NA	NA	NA	NA	NA	NA	NA	NA	NA	NA	NA	NA	NA	NA	NA	NA	NA	NA	NA
11	NA	NA	NA	NA	NA	NA	NA	NA	NA	NA	NA	NA	NA	NA	NA	NA	NA	NA	NA	NA	NA	NA	NA	NA	NA
12	0.962727	0.0152779	0.00874509	0.0130032	0.000246801	0.0288356	0.918079	0.0235353	0.0289444	0.000605476	0.0216155	0.0196001	0.919304	0.0389136	0.00056679	0.0206465	0.0175365	0.019855	0.94161	0.000352364	7.76531e-05	8.96838e-05	6.6716e-05	0.00011648	0.999649
13	0.957112	0.0176883	0.0121947	0.0126351	0.000369393	0.0210875	0.929549	0.0265018	0.022421	0.000440413	0.00969336	0.012409	0.95773	0.0199525	0.000214699	0.022876	0.0189954	0.0214593	0.936366	0.000303244	7.05826e-05	9.53323e-05	0.000101749	8.24991e-05	0.99965
14	0.958127	0.0181738	0.0111057	0.0123872	0.000206326	0.0192169	0.938596	0.0204606	0.0214863	0.00023997	0.00789116	0.0104289	0.963966	0.0175522	0.000161278	0.0132596	0.0199497	0.0251534	0.941368	0.000269399	3.79668e-05	5.91835e-05	5.58335e-05	3.35001e-05	0.999814
15	0.949759	0.022345	0.0163367	0.0114027	0.000156795	0.0130697	0.954355	0.016898	0.0155268	0.000150813	0.00683284	0.00844216	0.974622	0.0100081	9.48253e-05	0.0171674	0.0240704	0.0313045	0.927105	0.00035237	2.67508e-05	4.62716e-05	6.21775e-05	2.31358e-05	0.999842
16	0.958853	0.0189529	0.0131694	0.00893481	8.95271e-05	0.011515	0.961591	0.0148999	0.0119136	8.0141e-05	0.00354094	0.00657224	0.982803	0.00704566	3.8646e-05	0.00815548	0.0185987	0.0235301	0.949563	0.000152935	1.46676e-05	2.60017e-05	3.53357e-05	1.46676e-05	0.999909
17	0.9217	0.0180396	0.0540346	0.00608129	0.00014422	0.00608468	0.974933	0.0110884	0.00783356	6.07253e-05	0.0400971	0.00406016	0.952215	0.00359168	3.60369e-05	0.00651392	0.0228296	0.026334	0.94423	9.27615e-05	2.02454e-05	5.20597e-05	4.91675e-05	2.02454e-05	0.999858
18	0.965459	0.0114438	0.0191779	0.00384959	6.99925e-05	0.00407882	0.981849	0.00796938	0.0060241	7.84388e-05	0.00279681	0.00212868	0.993412	0.00166255	NA	0.00511557	0.0147611	0.0173275	0.962658	0.000137793	1.31649e-05	2.63298e-05	3.07181e-05	1.31649e-05	0.999917
19	0.84269	0.00490828	0.149457	0.00282226	0.000122707	0.00339312	0.988912	0.00302957	0.00460494	6.05914e-05	0.0515997	0.00102033	0.946432	0.000874572	7.2881e-05	0.00455078	0.0163414	0.0139282	0.965111	6.89513e-05	1.63902e-05	NA	4.91707e-05	1.63902e-05	0.999918
20	0.873881	0.00599225	0.117237	0.00289038	NA	0.000848057	0.992933	0.00303887	0.00318021	NA	0.0160041	0.000722767	0.982654	0.000619515	NA	0.00309406	0.0133045	0.012005	0.971597	NA	NA	NA	7.38334e-05	NA	0.999926
21	0.537133	0.00345423	0.455959	0.00345423	NA	NA	1	NA	NA	NA	0.0444444	NA	0.955556	NA	NA	0.00566038	0.0132075	0.00754717	0.973585	NA	NA	NA	NA	NA	1
22	NA	NA	NA	NA	NA	NA	NA	NA	NA	NA	NA	NA	NA	NA	NA	NA	NA	NA	NA	NA	NA	NA	NA	NA	NA
23	NA	NA	NA	NA	NA	NA	NA	NA	NA	NA	NA	NA	NA	NA	NA	NA	NA	NA	NA	NA	NA	NA	NA	NA	NA
24	0.995581	0.00204388	0.00125218	0.0010179	0.000105022	0.00168972	0.994787	0.00126627	0.00212141	0.000135671	0.00128166	0.00115541	0.994992	0.00242559	0.000145382	0.00240238	0.00476618	0.00212687	0.990572	0.000132241	4.57022e-05	7.90525e-05	5.18782e-05	6.91709e-05	0.999754
25	0.996949	0.0012398	0.000995106	0.000734095	8.15661e-05	0.000950184	0.996087	0.000829252	0.00202994	0.000103656	0.000607206	0.000632506	0.9972	0.00140838	0.000151801	0.0015306	0.00561559	0.00145965	0.991333	6.08186e-05	3.55176e-05	7.86461e-05	6.08873e-05	5.07394e-05	0.999774
26	0.997743	0.000974184	0.000730638	0.000496459	5.62029e-05	0.000530301	0.997994	0.000290513	0.00111133	7.3781e-05	0.000701733	0.000457459	0.99718	0.00159	7.10615e-05	0.000563505	0.0516525	0.000557379	0.947135	9.18757e-05	6.0416e-05	7.44662e-05	5.9011e-05	6.88461e-05	0.999737
27	0.997161	0.00125013	0.00102412	0.000522654	4.23774e-05	0.000642668	0.99721	0.000726495	0.00134521	7.58429e-05	0.000448118	0.000472625	0.998071	0.000952251	5.60148e-05	0.000985309	0.00926884	0.00154481	0.988142	5.94156e-05	4.54782e-05	4.09304e-05	4.20673e-05	3.52456e-05	0.999836
28	0.998748	0.000484672	0.000565451	0.000161557	4.03894e-05	0.000310091	0.998715	0.000199344	0.000753079	2.21494e-05	0.000475394	0.000229501	0.99818	0.00103275	8.19645e-05	0.000457087	0.0196196	0.000562568	0.979361	NA	6.2762e-06	2.51048e-05	2.51048e-05	1.88286e-05	0.999925
29	0.998188	0.000750243	0.000713103	0.000326839	2.22845e-05	0.000352685	0.998703	0.000324308	0.000575647	4.45924e-05	0.000262379	0.000220782	0.998992	0.000508759	1.59987e-05	0.000419539	0.00456713	0.000908116	0.994089	1.59319e-05	2.49363e-05	2.73112e-05	1.0687e-05	1.18744e-05	0.999925
30	0.998919	0.000269479	0.0006352	0.000173236	2.74978e-06	0.000163511	0.999107	0.000214256	0.000507448	7.51775e-06	0.000334503	0.000115789	0.999247	0.000285614	1.67251e-05	0.00026786	0.00202191	0.000423392	0.997257	3.02423e-05	1.10953e-05	1.00386e-05	1.16237e-05	6.34019e-06	0.999961
31	0.999287	0.000225486	0.000401774	6.14961e-05	2.45984e-05	0.000109419	0.999417	0.000118933	0.000342528	1.18933e-05	0.00025156	9.43348e-05	0.999389	0.00024557	1.94659e-05	0.000175219	0.00260412	0.000259808	0.996943	1.81261e-05	5.3551e-06	8.03265e-06	2.00816e-06	2.67755e-06	0.999982
32	0.999131	0.000251169	0.000484398	0.000128345	5.5202e-06	8.91563e-05	0.999456	0.000143901	0.000299534	1.17311e-05	0.000195528	0.000102978	0.999555	0.000135566	1.04282e-05	0.000189117	0.00171264	0.000387492	0.997703	7.935e-06	2.49326e-06	4.73718e-06	9.47437e-06	2.99191e-06	0.99998
33	0.999124	0.000207683	0.000575798	8.57103e-05	6.5931e-06	4.39753e-05	0.999583	8.31966e-05	0.000279303	1.01024e-05	0.000158273	7.63213e-05	0.99968	7.3819e-05	1.18861e-05	0.000143896	0.00143024	0.000276892	0.998136	1.30815e-05	4.14021e-06	4.14021e-06	1.17996e-05	2.48412e-06	0.999977
34	0.999319	0.000139522	0.000461955	7.23135e-05	7.65672e-06	4.14317e-05	0.999642	8.76256e-05	0.00022335	5.71472e-06	0.00019783	8.33794e-05	0.999646	6.1748e-05	1.10124e-05	0.000129347	0.00261003	0.00013974	0.997116	4.61952e-06	1.07908e-06	4.00801e-06	7.86186e-06	1.84985e-06	0.999985
35	0.999127	0.000157004	0.000596615	0.000108856	1.04669e-05	4.99098e-05	0.999594	0.000106058	0.00024331	6.23872e-06	0.000169208	8.46042e-05	0.999682	5.70586e-05	6.88639e-06	0.000142801	0.00133647	0.000170262	0.998347	3.66156e-06	1.77021e-06	7.08082e-06	9.20507e-06	2.83233e-06	0.999979
36	0.999192	0.00016452	0.00054637	9.44468e-05	3.04667e-06	5.75168e-05	0.999606	9.3905e-05	0.000236523	5.86906e-06	0.000234092	0.000109973	0.9996	4.79135e-05	7.75743e-06	0.000144555	0.00111572	0.000166951	0.998569	4.07197e-06	2.38876e-06	5.80127e-06	7.50753e-06	1.87688e-06	0.999982
37	0.999236	0.00015075	0.000511011	9.58364e-05	6.29582e-06	3.37968e-05	0.999702	7.91198e-05	0.000181487	3.71179e-06	0.000163322	9.51936e-05	0.999693	4.29304e-05	5.13299e-06	0.000131221	0.00107127	0.000142442	0.998651	3.74026e-06	2.2622e-06	4.00733e-06	8.98416e-06	1.74513e-06	0.999983
38	0.999311	0.000136649	0.000470492	7.74129e-05	4.8383e-06	4.55005e-05	0.99969	8.32733e-05	0.000176873	4.59669e-06	0.000198391	9.60733e-05	0.999659	4.05032e-05	5.90075e-06	0.00013168	0.000840738	0.000149568	0.998872	5.86247e-06	2.01006e-06	5.79496e-06	8.57484e-06	1.38994e-06	0.999982
39	0.999189	0.000153534	0.000557788	9.75657e-05	2.07989e-06	4.01309e-05	0.999713	8.37746e-05	0.000160843	2.34186e-06	0.000152199	9.30966e-05	0.999695	5.81371e-05	1.93146e-06	0.000125266	0.000799292	0.000153884	0.998916	5.16076e-06	3.009e-06	4.68491e-06	9.67452e-06	1.59972e-06	0.999981
40	1	NA	NA	NA	NA	NA	1	NA	NA	NA	NA	NA	1	NA	NA	NA	NA	NA	1	NA	NA	NA	NA	0.0044843	0.995516
