quality	AA	AC	AG	AT	A.	CA	CC	CG	CT	C.	GA	GC	GG	GT	G.	TA	TC	TG	TT	T.	.A	.C	.G	.T	..
0	NA	NA	NA	NA	NA	NA	NA	NA	NA	NA	NA	NA	NA	NA	NA	NA	NA	NA	NA	NA	NA	NA	NA	NA	NA
1	NA	NA	NA	NA	NA	NA	NA	NA	NA	NA	NA	NA	NA	NA	NA	NA	NA	NA	NA	NA	NA	NA	NA	NA	NA
2	NA	NA	NA	NA	NA	NA	NA	NA	NA	NA	NA	NA	NA	NA	NA	NA	NA	NA	NA	NA	NA	NA	NA	NA	NA
3	NA	NA	NA	NA	NA	NA	NA	NA	NA	NA	NA	NA	NA	NA	NA	NA	NA	NA	NA	NA	NA	NA	NA	NA	NA
4	NA	NA	NA	NA	NA	NA	NA	NA	NA	NA	NA	NA	NA	NA	NA	NA	NA	NA	NA	NA	NA	NA	NA	NA	NA
5	NA	NA	NA	NA	NA	NA	NA	NA	NA	NA	NA	NA	NA	NA	NA	NA	NA	NA	NA	NA	NA	NA	NA	NA	NA
6	NA	NA	NA	NA	NA	NA	NA	NA	NA	NA	NA	NA	NA	NA	NA	NA	NA	NA	NA	NA	NA	NA	NA	NA	NA
7	NA	NA	NA	NA	NA	NA	NA	NA	NA	NA	NA	NA	NA	NA	NA	NA	NA	NA	NA	NA	NA	NA	NA	NA	NA
8	NA	NA	NA	NA	NA	NA	NA	NA	NA	NA	NA	NA	NA	NA	NA	NA	NA	NA	NA	NA	NA	NA	NA	NA	NA
9	NA	NA	NA	NA	NA	NA	NA	NA	NA	NA	NA	NA	NA	NA	NA	NA	NA	NA	NA	NA	NA	NA	NA	NA	NA
10	NA	NA	NA	NA	NA	NA	NA	NA	NA	NA	NA	NA	NA	NA	NA	NA	NA	NA	NA	NA	NA	NA	NA	NA	NA
11	NA	NA	NA	NA	NA	NA	NA	NA	NA	NA	NA	NA	NA	NA	NA	NA	NA	NA	NA	NA	NA	NA	NA	NA	NA
12	0.924991	0.0346337	0.0100563	0.0301712	0.000148251	0.019108	0.942684	0.0265397	0.0114384	0.000229936	0.013267	0.0149425	0.952415	0.0190919	0.000283229	0.0207198	0.0109252	0.0205602	0.947637	0.000157894	3.61261e-05	3.98892e-05	3.66278e-05	4.41541e-05	0.999843
13	0.954592	0.0151319	0.0196237	0.0102812	0.000371684	0.0176948	0.928243	0.0332688	0.0201755	0.00061805	0.0111968	0.00994817	0.961617	0.0169496	0.000288154	0.00451568	0.0205075	0.0143481	0.960362	0.000267024	8.19388e-05	0.00012642	0.000104179	8.31094e-05	0.999604
14	0.962819	0.0136424	0.0146625	0.00865503	0.000220845	0.0131587	0.949486	0.0184221	0.0186482	0.000285413	0.00935984	0.00718895	0.971113	0.0121953	0.000143336	0.00407034	0.0212673	0.0175407	0.956829	0.000292345	3.85446e-05	5.85678e-05	7.35852e-05	5.15597e-05	0.999778
15	0.959246	0.0157612	0.0175686	0.00721983	0.00020406	0.00731876	0.967402	0.0130988	0.0120244	0.000155859	0.00582627	0.00437556	0.985088	0.00459283	0.000116993	0.00379291	0.0241125	0.0225214	0.949173	0.000400335	2.59761e-05	4.89549e-05	7.4931e-05	4.39595e-05	0.999806
16	0.967202	0.0127844	0.0143458	0.00551832	0.000149144	0.00625463	0.973888	0.00956627	0.0102217	6.93208e-05	0.00502763	0.00353883	0.988577	0.00278939	6.72142e-05	0.00271788	0.0186731	0.0146878	0.963743	0.000178375	1.94969e-05	3.50944e-05	3.02202e-05	2.63208e-05	0.999889
17	0.964787	0.0138305	0.0164335	0.00473412	0.000214537	0.00494224	0.974887	0.00940781	0.0105744	0.000188156	0.00600057	0.00296977	0.988375	0.00261381	4.06818e-05	0.00274993	0.0229206	0.0170956	0.957044	0.000189651	3.41997e-05	4.6636e-05	3.41997e-05	2.48725e-05	0.99986
18	0.967607	0.0117811	0.0155211	0.00496592	0.000124668	0.00419192	0.978646	0.00904112	0.00806251	5.8424e-05	0.00516911	0.00314295	0.989694	0.00191449	7.97703e-05	0.00220689	0.0175439	0.0124995	0.967657	9.27265e-05	3.53413e-05	3.9759e-05	5.3012e-05	3.09236e-05	0.999841
19	0.969508	0.00943228	0.0164917	0.00438987	0.000177968	0.00347464	0.981747	0.0047255	0.00991429	0.000138985	0.0044586	0.00355626	0.990127	0.00185775	NA	0.00320475	0.0237152	0.0183545	0.954492	0.000233073	2.68792e-05	4.03188e-05	2.68792e-05	NA	0.999906
20	0.96463	0.0116008	0.0194817	0.0042242	6.30477e-05	0.0019685	0.98638	0.00489466	0.00659715	0.000159608	0.00515646	0.00346119	0.990182	0.00120082	NA	0.00258463	0.0219441	0.0103892	0.964981	0.000101358	NA	2.9186e-05	1.4593e-05	7.2965e-05	0.999883
21	0.973054	0.011976	0.00898204	0.00598802	NA	NA	0.986301	0.010274	0.00342466	NA	NA	NA	1	NA	NA	0.0052356	0.0244328	0.0122164	0.958115	NA	NA	NA	NA	NA	1
22	NA	NA	NA	NA	NA	NA	NA	NA	NA	NA	NA	NA	NA	NA	NA	NA	NA	NA	NA	NA	NA	NA	NA	NA	NA
23	NA	NA	NA	NA	NA	NA	NA	NA	NA	NA	NA	NA	NA	NA	NA	NA	NA	NA	NA	NA	NA	NA	NA	NA	NA
24	0.988656	0.00247496	0.00794539	0.000834807	8.83913e-05	0.0016673	0.991436	0.00247713	0.00430852	0.000111153	0.00430804	0.00214945	0.991535	0.00188877	0.000118906	0.00075891	0.00843694	0.00183798	0.988848	0.00011858	4.42652e-05	7.67264e-05	7.22999e-05	7.08244e-05	0.999736
25	0.988549	0.00208563	0.00848025	0.00078703	9.83787e-05	0.00104522	0.992292	0.00219931	0.00435507	0.000108877	0.00438857	0.00215327	0.992217	0.0011074	0.000133298	0.000662993	0.00856457	0.0019129	0.988751	0.000108687	4.51758e-05	6.02344e-05	6.92696e-05	4.51758e-05	0.99978
26	0.987715	0.00271504	0.00797224	0.00154038	5.76331e-05	0.000962921	0.992899	0.00211641	0.00398087	4.12288e-05	0.00419932	0.00217846	0.992307	0.00125238	6.30362e-05	0.000920899	0.00762643	0.00186591	0.989549	3.768e-05	1.4884e-05	2.36549e-05	1.99339e-05	1.64787e-05	0.999925
27	0.98907	0.00212007	0.00813481	0.00062817	4.71128e-05	0.00108724	0.991909	0.00229114	0.00462427	8.86591e-05	0.00488774	0.0020126	0.991726	0.0012976	7.56616e-05	0.000614536	0.00908314	0.00202347	0.988169	0.000109917	2.73002e-05	4.5914e-05	6.32869e-05	4.46731e-05	0.999819
28	0.991736	0.001954	0.005862	0.000407083	4.07083e-05	0.00105288	0.993542	0.00147403	0.00386055	7.01919e-05	0.00361472	0.00150741	0.993032	0.00179967	4.61453e-05	0.000751493	0.00838508	0.00189851	0.988886	7.91045e-05	1.90436e-05	1.90436e-05	1.26958e-05	1.26958e-05	0.999937
29	0.990696	0.00166743	0.00701059	0.000598802	2.7637e-05	0.00110331	0.992704	0.00186048	0.0042726	5.94919e-05	0.00432057	0.00184142	0.992586	0.00119174	5.97864e-05	0.000518122	0.00825983	0.00168691	0.989439	9.63948e-05	1.7468e-05	2.32906e-05	3.34803e-05	3.34803e-05	0.999892
30	0.990685	0.00178583	0.0069976	0.000485746	4.57173e-05	0.000925131	0.992699	0.00179909	0.00454102	3.54306e-05	0.00430069	0.00174981	0.992929	0.000972115	4.79905e-05	0.000509494	0.00839167	0.00215786	0.988851	8.99107e-05	1.47668e-05	2.42598e-05	2.42598e-05	1.52942e-05	0.999921
31	0.990938	0.00159845	0.00695924	0.00046395	3.98707e-05	0.000952653	0.992864	0.00171478	0.00442878	4.02231e-05	0.00445298	0.00182527	0.992721	0.00095421	4.61927e-05	0.000507943	0.00851064	0.0013476	0.989592	4.14647e-05	8.25501e-06	1.17929e-05	1.47411e-05	2.94822e-06	0.999962
32	0.992642	0.00122297	0.00572265	0.000368349	4.37248e-05	0.00068583	0.994726	0.00131314	0.00325516	1.9506e-05	0.00342672	0.00134293	0.994486	0.000721481	2.31324e-05	0.0004251	0.00647952	0.00117583	0.991882	3.78919e-05	8.60682e-06	1.26712e-05	1.2193e-05	8.60682e-06	0.999958
33	0.992392	0.00116606	0.0059983	0.000416384	2.73937e-05	0.000564202	0.995215	0.00117538	0.00302325	2.17571e-05	0.00311434	0.00125568	0.994987	0.000621146	2.19959e-05	0.000376241	0.00575503	0.00129493	0.992543	3.1049e-05	5.96519e-06	8.86256e-06	1.21008e-05	6.30605e-06	0.999967
34	0.990393	0.0015486	0.00750005	0.000518873	3.99612e-05	0.000784368	0.993454	0.00162995	0.0041004	3.13557e-05	0.00416948	0.0017192	0.993253	0.000826206	3.17662e-05	0.000438449	0.00736271	0.00144952	0.990705	4.43368e-05	8.59902e-06	1.32578e-05	1.18566e-05	8.29962e-06	0.999958
35	0.991542	0.00142637	0.00656017	0.000425967	4.5788e-05	0.000727414	0.994231	0.00144929	0.00356504	2.69119e-05	0.00373838	0.00151269	0.993955	0.000773616	2.0204e-05	0.000489042	0.00762346	0.00137161	0.990484	3.18387e-05	8.81466e-06	1.1197e-05	1.26264e-05	6.67055e-06	0.999961
36	0.990674	0.00157188	0.00722404	0.000479557	5.08622e-05	0.000895613	0.992837	0.0017917	0.00443326	4.19745e-05	0.0044819	0.00181293	0.992802	0.000871111	3.15854e-05	0.000529206	0.00811554	0.00148272	0.989817	5.52077e-05	9.61086e-06	1.58376e-05	1.4484e-05	7.44503e-06	0.999953
37	0.990297	0.00137882	0.00780484	0.00047615	4.29206e-05	0.000717575	0.993811	0.00153858	0.00390923	2.40095e-05	0.00383504	0.00148315	0.993949	0.000702098	3.10164e-05	0.000422078	0.00729742	0.00145562	0.990788	3.72718e-05	8.35857e-06	1.35117e-05	1.02656e-05	8.9672e-06	0.999959
38	0.990336	0.00158101	0.0075582	0.000478384	4.62568e-05	0.000891946	0.992846	0.00177325	0.00444813	4.03213e-05	0.0044426	0.00175044	0.992927	0.000846313	3.36989e-05	0.000496431	0.00775618	0.00151911	0.990178	4.99821e-05	1.00224e-05	1.56501e-05	1.3526e-05	8.33779e-06	0.999952
39	0.98918	0.00148176	0.00878157	0.000502118	5.45348e-05	0.000697354	0.993432	0.0016425	0.00419832	2.99867e-05	0.00408419	0.00152389	0.993617	0.000734828	4.04896e-05	0.000446917	0.00774747	0.00165687	0.990102	4.69737e-05	9.64638e-06	1.42673e-05	1.32664e-05	1.34368e-05	0.999949
40	0.984	NA	0.008	0.008	NA	NA	1	NA	NA	NA	0.0107527	NA	0.989247	NA	NA	0.00434783	0.00434783	0.00434783	0.986957	NA	NA	NA	NA	NA	1
