quality	AA	AC	AG	AT	A.	CA	CC	CG	CT	C.	GA	GC	GG	GT	G.	TA	TC	TG	TT	T.	.A	.C	.G	.T	..
0	NA	NA	NA	NA	NA	NA	NA	NA	NA	NA	NA	NA	NA	NA	NA	NA	NA	NA	NA	NA	NA	NA	NA	NA	NA
1	NA	NA	NA	NA	NA	NA	NA	NA	NA	NA	NA	NA	NA	NA	NA	NA	NA	NA	NA	NA	NA	NA	NA	NA	NA
2	NA	NA	NA	NA	NA	NA	NA	NA	NA	NA	NA	NA	NA	NA	NA	NA	NA	NA	NA	NA	NA	NA	NA	NA	NA
3	NA	NA	NA	NA	NA	NA	NA	NA	NA	NA	NA	NA	NA	NA	NA	NA	NA	NA	NA	NA	NA	NA	NA	NA	NA
4	NA	NA	NA	NA	NA	NA	NA	NA	NA	NA	NA	NA	NA	NA	NA	NA	NA	NA	NA	NA	NA	NA	NA	NA	NA
5	NA	NA	NA	NA	NA	NA	NA	NA	NA	NA	NA	NA	NA	NA	NA	NA	NA	NA	NA	NA	NA	NA	NA	NA	NA
6	NA	NA	NA	NA	NA	NA	NA	NA	NA	NA	NA	NA	NA	NA	NA	NA	NA	NA	NA	NA	NA	NA	NA	NA	NA
7	NA	NA	NA	NA	NA	NA	NA	NA	NA	NA	NA	NA	NA	NA	NA	NA	NA	NA	NA	NA	NA	NA	NA	NA	NA
8	NA	NA	NA	NA	NA	NA	NA	NA	NA	NA	NA	NA	NA	NA	NA	NA	NA	NA	NA	NA	NA	NA	NA	NA	NA
9	NA	NA	NA	NA	NA	NA	NA	NA	NA	NA	NA	NA	NA	NA	NA	NA	NA	NA	NA	NA	NA	NA	NA	NA	NA
10	NA	NA	NA	NA	NA	NA	NA	NA	NA	NA	NA	NA	NA	NA	NA	NA	NA	NA	NA	NA	NA	NA	NA	NA	NA
11	NA	NA	NA	NA	NA	NA	NA	NA	NA	NA	NA	NA	NA	NA	NA	NA	NA	NA	NA	NA	NA	NA	NA	NA	NA
12	0.922935	0.0332242	0.0112359	0.032432	0.000172679	0.0302761	0.919192	0.0359762	0.0142589	0.000297193	0.0149187	0.0171663	0.94708	0.0205314	0.000303674	0.027416	0.0119503	0.0186498	0.941825	0.000159148	4.87681e-05	4.72441e-05	4.48734e-05	5.57108e-05	0.999803
13	0.936372	0.0190341	0.0324159	0.0117851	0.000393233	0.0232337	0.919539	0.0340219	0.0226457	0.000559315	0.0144117	0.0113088	0.956122	0.0178837	0.000274045	0.00779155	0.0244682	0.0222007	0.945109	0.000430184	6.73532e-05	0.000115249	0.000124229	9.27977e-05	0.9996
14	0.949466	0.0187259	0.0204006	0.0111286	0.000278334	0.0211032	0.929285	0.0245562	0.0247124	0.000343	0.0119005	0.00985155	0.962013	0.0160473	0.000187898	0.00782317	0.026719	0.026273	0.938846	0.000338493	5.34801e-05	6.2037e-05	7.51778e-05	4.64513e-05	0.999763
15	0.936319	0.0228764	0.0298431	0.0107287	0.000233172	0.0145533	0.947581	0.0200791	0.0175618	0.000224898	0.0083059	0.00727267	0.976162	0.008133	0.000126518	0.00733267	0.0299096	0.0332053	0.929157	0.000395119	3.67818e-05	5.78861e-05	8.20054e-05	4.94444e-05	0.999774
16	0.950242	0.0199153	0.0212719	0.00842358	0.000147229	0.011731	0.957138	0.016748	0.0142801	0.000102904	0.00569762	0.00581567	0.983411	0.00502674	4.91853e-05	0.00597263	0.0240801	0.0239772	0.945778	0.000192316	2.7276e-05	3.69362e-05	5.11425e-05	2.15935e-05	0.999863
17	0.951146	0.0191223	0.0237017	0.00588072	0.000149005	0.00704323	0.968847	0.0128	0.0112173	9.25523e-05	0.00688398	0.00425822	0.98542	0.00336857	6.90989e-05	0.00559068	0.0304091	0.0276921	0.936003	0.000304788	2.96026e-05	4.55425e-05	6.37595e-05	2.50484e-05	0.999836
18	0.964324	0.0138203	0.0166253	0.00506939	0.000160701	0.00478621	0.977555	0.00926644	0.00826112	0.000131129	0.00432439	0.00291351	0.990835	0.00190411	2.2941e-05	0.00355973	0.0208729	0.0172862	0.958106	0.00017529	2.00794e-05	6.69313e-06	6.69313e-05	1.67328e-05	0.99989
19	0.968987	0.0103553	0.0166632	0.00388982	0.00010513	0.00273973	0.983562	0.00479452	0.0088613	4.28082e-05	0.00549736	0.00264495	0.990302	0.00155586	NA	0.00329136	0.0222559	0.0192257	0.95507	0.000156732	1.23801e-05	2.47601e-05	8.66605e-05	1.23801e-05	0.999864
20	0.966932	0.0108931	0.0188407	0.00311232	0.000222309	0.00229118	0.986402	0.00508044	0.00622603	NA	0.00387856	0.00280861	0.991775	0.00133743	0.000200615	0.00260967	0.0214173	0.0133633	0.96252	8.99888e-05	NA	1.32945e-05	3.98835e-05	1.32945e-05	0.999934
21	0.967005	0.00507614	0.0253807	0.00253807	NA	NA	0.993994	0.003003	0.003003	NA	0.0155039	NA	0.984496	NA	NA	0.00273598	0.0177839	0.00410397	0.975376	NA	NA	NA	0.000630517	NA	0.999369
22	NA	NA	NA	NA	NA	NA	NA	NA	NA	NA	NA	NA	NA	NA	NA	NA	NA	NA	NA	NA	NA	NA	NA	NA	NA
23	NA	NA	NA	NA	NA	NA	NA	NA	NA	NA	NA	NA	NA	NA	NA	NA	NA	NA	NA	NA	NA	NA	NA	NA	NA
24	0.98741	0.00323845	0.00797362	0.00125829	0.000119207	0.00211348	0.990602	0.00252472	0.00460449	0.000155056	0.00444375	0.00235747	0.990487	0.00257934	0.000132511	0.0012898	0.00877239	0.00295742	0.986872	0.000108569	7.78562e-05	8.18488e-05	9.78193e-05	7.78562e-05	0.999665
25	0.988027	0.00244545	0.00849892	0.00090869	0.000120268	0.00136096	0.991877	0.00208727	0.00452712	0.000148083	0.00439142	0.00201359	0.991691	0.00174557	0.000158064	0.00070797	0.0088094	0.00233308	0.988069	8.04512e-05	6.99308e-05	7.81579e-05	9.46122e-05	5.96468e-05	0.999698
26	0.988147	0.00254105	0.00742535	0.00183361	5.3437e-05	0.00138254	0.991885	0.00277371	0.00391409	4.45518e-05	0.00403848	0.00191337	0.992935	0.00106569	4.73641e-05	0.00128281	0.00799375	0.0018863	0.988769	6.82578e-05	2.23036e-05	2.33082e-05	2.57194e-05	2.02942e-05	0.999908
27	0.988532	0.00244812	0.00813943	0.000806507	7.43588e-05	0.00149883	0.991193	0.00252417	0.00466629	0.000117555	0.00462112	0.00212504	0.991629	0.00152913	9.55706e-05	0.000876574	0.00941122	0.0024066	0.987182	0.000123517	3.58651e-05	5.24182e-05	4.59809e-05	4.3222e-05	0.999823
28	0.989775	0.00203889	0.00745565	0.000578193	0.000152156	0.000905302	0.992997	0.00158855	0.0044411	6.83247e-05	0.0038247	0.00158872	0.992657	0.00185939	7.06098e-05	0.000540034	0.00898161	0.00184748	0.988517	0.000113691	2.83734e-05	1.89156e-05	1.89156e-05	9.45779e-06	0.999924
29	0.990714	0.00193607	0.00657292	0.00074044	3.64151e-05	0.00100497	0.992807	0.00184189	0.00431642	2.96548e-05	0.00398801	0.00183099	0.992903	0.00120501	7.3031e-05	0.000720567	0.00809451	0.0018683	0.98923	8.62954e-05	1.92975e-05	2.60516e-05	3.76301e-05	2.50867e-05	0.999892
30	0.990737	0.00179894	0.00691217	0.000488889	6.34921e-05	0.000977305	0.992909	0.00166456	0.00440502	4.42931e-05	0.00421836	0.00176219	0.99291	0.00106545	4.43552e-05	0.000591587	0.00832233	0.00171126	0.989258	0.000116981	1.58047e-05	2.21266e-05	2.29168e-05	1.18535e-05	0.999927
31	0.991353	0.00165076	0.00653352	0.00045653	6.04675e-06	0.000893112	0.993093	0.00164512	0.00433822	3.0975e-05	0.00423444	0.00179966	0.992836	0.0010676	6.2095e-05	0.00060571	0.00891764	0.00160491	0.988845	2.65274e-05	8.31335e-06	1.56487e-05	1.56487e-05	9.78041e-06	0.999951
32	0.992581	0.00138551	0.00565036	0.000347667	3.50762e-05	0.000681258	0.99472	0.00130927	0.00326506	2.48888e-05	0.00330476	0.00130639	0.994662	0.000700072	2.71272e-05	0.000506633	0.00671486	0.00126069	0.991472	4.61468e-05	8.72446e-06	1.42933e-05	1.15089e-05	6.68256e-06	0.999959
33	0.992254	0.00126255	0.00609017	0.000362169	3.10209e-05	0.000579789	0.995028	0.00121172	0.00315755	2.33584e-05	0.0032181	0.0012426	0.994867	0.000648459	2.37655e-05	0.000398549	0.00637363	0.00128369	0.99191	3.4588e-05	5.67702e-06	9.60726e-06	1.45565e-05	5.67702e-06	0.999964
34	0.990498	0.00154021	0.00738571	0.000533614	4.2513e-05	0.000806376	0.99338	0.00165723	0.00412684	2.9567e-05	0.00414194	0.00166327	0.99336	0.000798933	3.56819e-05	0.00050411	0.00767073	0.00150219	0.99028	4.26484e-05	8.57243e-06	1.27914e-05	1.67291e-05	8.78032e-06	0.999953
35	0.990694	0.00153742	0.00718449	0.000545489	3.84356e-05	0.000800786	0.993646	0.00157526	0.00394253	3.50837e-05	0.00400999	0.00170421	0.993449	0.000806616	3.05536e-05	0.000539313	0.00817437	0.00145901	0.989784	4.29887e-05	1.48671e-05	1.36282e-05	1.83361e-05	8.42471e-06	0.999945
36	0.990612	0.00159542	0.00727949	0.000467524	4.60218e-05	0.000887711	0.9928	0.00178094	0.00449157	3.94444e-05	0.00448017	0.00184288	0.992767	0.000875156	3.44679e-05	0.000555125	0.00846492	0.0014517	0.98947	5.80091e-05	1.32807e-05	1.66008e-05	1.77076e-05	9.34566e-06	0.999943
37	0.990362	0.00141197	0.00773603	0.000444091	4.62829e-05	0.000695662	0.993831	0.00153851	0.00390603	2.85649e-05	0.00394897	0.00150054	0.993807	0.000706978	3.68141e-05	0.000465255	0.00767243	0.00148927	0.990332	4.07404e-05	7.91211e-06	1.14332e-05	1.64042e-05	8.82346e-06	0.999955
38	0.990337	0.00158776	0.0075467	0.000480559	4.78521e-05	0.000891398	0.992856	0.00177285	0.00444001	4.00982e-05	0.00443239	0.00174843	0.992942	0.000841739	3.57557e-05	0.00054873	0.00807669	0.00152893	0.989794	5.17917e-05	1.12613e-05	1.55474e-05	1.84626e-05	8.62564e-06	0.999946
39	0.989198	0.00151626	0.00874473	0.000484384	5.707e-05	0.000695492	0.993395	0.00166522	0.00421458	2.93655e-05	0.00413806	0.00152955	0.993569	0.000724504	3.87474e-05	0.000518444	0.00796031	0.00168272	0.98979	4.87234e-05	9.72501e-06	1.39201e-05	1.72333e-05	1.24661e-05	0.999947
40	0.978947	0.0105263	0.0105263	NA	NA	NA	1	NA	NA	NA	NA	NA	1	NA	NA	NA	0.0163934	NA	0.983607	NA	NA	NA	NA	NA	1
