seq_id	position	insert_position	reference_base	major_base	minor_base	major_frequency	major_top_strand	major_bot_strand	minor_top_strand	minor_bot_strand	major_quals	minor_quals	
CU458896	143412	0	C	T	G	0.982759	26	31	0	1	37,33,32,33,33,34,33,37,37,38,38,38,38,38,38,38,38,38,39,38,14,38,25,38,39,39,39,39,38,38,30,38,38,16,39,38,38,33,39,38,39,38,38,39,34,38,39,39,38,38,38,38,38,37,38,37,38	12	
CU458896	209786	1	.	.	G	0.862745	17	27	7	0	37,38,38,39,12,25,12,12,12,39,33,39,12,38,39,38,39,12,39,34,27,38,39,38,14,39,27,39,14,39,38,36,37,38,38,38,37,39,32,32,24,39,32,38	12,12,24,26,26,31,12	
CU458896	280242	0	T	C	A	0.913043	18	24	4	0	38,38,38,14,39,39,33,39,39,39,16,39,17,39,17,39,36,33,39,39,38,39,39,38,39,33,39,39,16,39,37,39,16,39,39,39,38,38,37,37,38,38	15,15,15,16	
CU458896	470366	0	G	G	A	0.538462	2	5	3	3	34,32,34,38,37,38,38	34,33,32,38,38,13	
CU458896	544925	0	G	G	C	0.882353	22	23	2	4	37,37,38,38,12,38,38,38,38,38,38,36,38,38,38,38,38,38,36,38,38,38,37,36,38,38,38,38,38,38,36,38,36,38,37,38,38,38,38,30,38,38,36,38,31	38,36,38,38,38,38	
CU458896	610454	0	A	A	G	0.854545	28	19	4	4	33,14,35,38,37,38,37,37,36,39,14,35,29,39,38,29,38,37,39,38,39,39,16,39,39,38,39,35,39,16,38,39,39,34,39,25,31,38,39,38,38,38,38,38,35,38,37	37,33,39,34,38,34,38,38	
CU458896	655187	1	.	.	C	0.938462	31	30	2	2	28,33,35,31,29,31,37,38,38,38,12,38,36,38,34,38,38,38,38,38,38,38,38,38,38,38,38,38,38,29,15,38,38,38,38,38,31,31,37,38,38,34,38,38,38,38,38,36,38,33,38,38,38,36,32,38,37,32,33,31,37	31,38,34,33	
CU458896	677636	0	T	C	G	0.984375	33	30	0	1	32,34,32,37,31,31,37,32,38,37,34,37,35,32,38,38,36,38,38,33,37,35,35,34,38,38,31,38,38,38,31,37,38,37,38,38,38,37,38,38,38,38,38,38,38,38,38,38,38,38,38,38,38,38,38,36,36,38,38,37,37,35,36	14	
CU458896	770738	0	G	G	A	0.609756	22	28	19	13	34,35,35,33,33,37,37,34,37,38,38,38,38,39,39,38,39,37,30,39,36,38,37,36,39,37,39,37,37,39,38,39,13,38,39,39,38,32,39,13,37,34,36,24,25,26,33,36,24,16	33,39,39,38,15,36,37,39,30,39,39,39,33,39,39,18,38,39,39,38,14,39,38,38,37,34,19,38,14,24,33,37	
CU458896	770785	0	T	T	C	0.577778	26	26	24	14	37,37,32,38,39,38,39,39,33,37,39,39,39,37,39,39,37,39,37,37,39,35,37,39,39,37,39,39,39,37,39,37,39,39,39,39,39,39,38,39,38,38,38,38,38,38,37,38,38,37,37,37	35,37,39,36,39,39,38,39,39,39,38,38,39,39,35,18,39,39,39,39,38,37,39,39,35,35,37,37,38,39,38,39,39,15,39,38,33,37	
CU458896	770804	0	T	T	C	0.533981	26	29	30	18	38,33,38,39,32,39,38,14,39,39,38,37,38,14,33,29,37,36,38,39,39,36,38,39,39,37,39,39,38,37,39,36,39,37,36,38,38,38,39,36,38,36,39,39,38,38,37,34,24,38,36,13,37,34,37	31,38,36,38,38,38,38,38,36,38,38,38,38,38,37,30,38,38,38,34,36,38,38,30,38,36,34,38,38,38,38,15,38,38,38,38,38,34,32,25,32,38,38,34,32,34,33,31	
CU458896	770818	0	T	T	G	0.513514	25	32	31	23	33,13,38,38,38,38,36,15,34,14,37,38,38,36,36,36,38,38,32,38,38,38,36,36,38,30,32,38,38,34,38,38,38,38,38,38,38,38,37,38,38,38,38,38,38,34,38,38,38,15,34,15,38,31,32,31,38	33,38,34,38,32,38,38,32,38,34,33,27,38,38,36,38,37,38,38,38,36,38,38,38,37,36,38,14,38,38,38,38,38,38,36,34,36,38,38,38,38,38,37,30,38,38,32,38,38,35,38,35,38,35	
CU458896	770881	0	G	C	G	0.538462	35	28	22	32	33,37,37,38,38,38,38,38,38,39,38,39,15,39,37,39,39,38,37,39,39,38,39,39,39,39,39,39,33,39,39,38,37,39,39,39,39,39,39,39,33,39,39,39,38,39,39,39,39,33,39,39,39,39,39,39,39,38,37,38,39,37,37	33,38,37,33,38,37,38,38,38,26,39,39,39,39,38,39,39,39,39,39,39,39,39,39,39,39,39,39,38,39,39,39,37,37,37,37,39,39,38,39,39,37,38,39,39,39,39,39,39,34,33,38,38,33	
CU458896	770899	0	G	A	G	0.536364	33	26	19	32	37,37,38,38,38,32,39,39,39,38,38,38,34,39,39,38,38,38,35,37,38,38,39,39,39,38,39,39,39,38,38,38,38,39,38,39,38,39,35,39,14,38,39,39,38,30,36,37,38,38,38,39,38,38,38,39,38,38,38	26,33,37,37,37,38,38,32,39,39,38,38,39,38,39,39,39,38,38,39,39,38,39,38,34,37,29,39,39,38,38,39,38,39,37,39,39,39,39,38,38,14,36,39,39,39,38,34,31,33,38	
CU458896	770943	0	A	G	A	0.554455	30	26	20	25	38,38,38,38,38,35,33,38,38,38,38,38,38,38,36,39,34,39,36,39,38,37,33,39,38,37,39,33,38,39,38,39,38,39,39,39,38,37,37,38,39,34,39,39,38,39,38,35,37,31,37,37,38,38,37,37	32,38,33,38,28,38,38,38,33,38,39,39,38,38,38,38,38,39,39,34,17,38,38,38,38,39,38,39,38,39,12,38,38,39,38,38,31,38,38,38,38,18,37,37,32	
CU458896	770994	0	G	G	C	0.505495	28	18	23	22	38,39,32,15,38,38,38,38,39,37,39,38,39,36,34,38,39,38,39,27,39,39,39,38,39,39,31,39,39,39,38,38,39,38,38,39,39,15,38,39,38,37,38,34,37,32	34,33,39,38,39,37,39,38,37,38,38,39,36,39,39,38,39,39,38,38,14,38,34,39,39,38,38,38,35,38,38,39,38,38,38,38,39,39,39,38,38,31,33,37,33	
CU458896	771024	0	G	A	G	0.55102	24	30	25	19	38,37,32,38,38,38,33,38,38,39,38,38,39,25,36,39,38,38,38,39,39,35,39,39,39,38,32,39,39,39,38,38,38,39,39,38,39,39,38,36,39,37,38,38,38,38,38,38,38,33,37,35,38,37	33,33,38,38,38,38,37,38,32,39,39,38,37,38,38,38,38,38,38,39,38,38,38,38,39,38,39,39,38,38,14,39,38,38,38,39,38,38,38,38,38,38,34,37	
CU458896	771066	0	G	G	A	0.533981	32	23	17	31	37,32,37,33,31,38,39,34,38,38,38,39,39,38,38,31,39,34,38,38,39,38,38,34,39,39,39,38,39,37,39,38,38,39,38,38,38,39,38,38,39,38,39,38,39,36,38,38,38,38,38,39,35,34,38	24,34,37,37,12,37,38,38,12,39,39,39,38,12,39,39,39,38,38,38,39,39,38,39,37,38,38,39,38,39,39,39,38,38,39,36,38,39,38,39,39,39,39,39,34,39,39,39	
CU458896	771096	0	G	G	C	0.630435	29	29	13	21	37,35,38,37,37,14,38,38,38,39,39,37,39,39,39,39,39,39,39,39,39,39,39,39,39,39,39,39,39,39,39,39,39,39,39,39,39,39,39,39,39,39,39,39,37,39,38,38,38,38,39,37,39,38,38,37,38,37	33,37,38,39,39,38,39,39,38,39,38,39,39,39,39,39,39,39,39,39,39,39,39,39,39,39,30,39,39,39,39,39,37,39	
CU458896	771130	0	T	T	C	0.674419	27	31	10	18	33,37,12,33,38,39,38,39,18,39,38,38,39,38,38,38,39,38,38,39,38,39,38,39,39,38,39,39,38,39,39,38,38,38,39,34,38,34,15,34,38,39,36,39,39,39,38,39,39,38,36,39,38,36,34,16,24,33	38,38,38,38,39,39,38,38,39,38,38,39,38,39,38,38,38,39,38,37,39,39,38,38,38,39,38,39	
CU458896	771132	0	G	G	A	0.681818	29	31	10	18	37,37,36,38,39,39,38,39,38,39,38,38,39,38,38,38,39,38,38,39,38,39,38,39,39,38,39,39,38,38,39,38,38,39,39,30,38,38,38,38,38,38,36,39,39,39,38,39,39,38,39,39,38,38,35,16,38,14,33,29	36,37,19,38,39,39,39,39,39,39,39,39,39,39,39,39,39,39,37,38,39,39,39,39,39,39,39,38	
CU458896	771134	0	T	T	G	0.681818	29	31	10	18	37,37,37,34,38,39,39,38,39,39,39,39,39,38,39,39,39,39,39,39,39,39,39,39,38,39,39,38,37,39,39,39,39,39,39,30,39,37,34,37,39,39,33,39,39,39,39,39,38,39,36,38,32,15,38,38,36,38,33,32	32,35,33,38,38,38,39,39,38,38,39,38,39,38,38,38,38,38,37,37,38,38,39,39,39,38,37,38	
CU458896	771153	0	G	G	T	0.769231	30	30	7	11	38,38,36,36,39,38,39,38,38,39,39,38,39,38,39,38,38,39,38,38,39,39,38,38,39,37,38,30,37,39,38,39,39,38,38,38,38,38,39,38,38,39,34,38,30,39,39,37,12,34,39,38,38,38,16,37,37,37,38,32	38,38,38,38,38,38,38,38,36,38,38,38,39,39,39,38,39,36	
CU458896	772060	0	T	T	C	0.836364	23	23	2	7	39,37,37,39,39,38,38,27,39,27,39,39,39,39,39,39,39,39,39,39,39,39,39,39,39,29,39,39,39,38,37,39,39,39,39,15,39,38,38,38,39,39,38,34,37,32	38,37,39,39,39,39,39,38,39	
CU458896	772070	0	G	G	T	0.75	23	22	4	11	38,39,34,33,35,38,38,39,39,39,39,39,39,39,39,39,39,39,39,39,39,38,33,39,39,39,39,39,39,36,39,39,38,39,20,38,39,39,39,36,38,34,33,37,38	39,39,39,34,39,39,39,39,37,39,25,33,37,39,33	
CU458896	772075	0	C	C	T	0.66129	20	21	8	13	37,38,39,39,38,39,39,39,38,39,38,39,38,38,39,39,37,16,39,39,39,37,38,34,39,38,37,39,32,38,38,39,39,37,38,15,38,38,38,24,34	39,39,38,33,39,39,39,39,38,39,33,37,37,39,15,37,37,37,37,38,36	
CU458896	772089	0	T	T	G	0.661538	19	24	8	14	38,38,37,38,38,38,38,38,37,38,39,38,38,38,33,32,38,38,38,37,39,38,38,39,33,38,17,39,39,38,38,38,39,13,15,39,38,38,38,38,36,36,37	38,38,37,34,38,38,38,38,38,38,34,38,38,38,25,36,38,30,38,36,38,38	
CU458896	772144	0	G	G	C	0.532468	21	20	15	21	37,34,38,38,30,39,38,38,38,39,39,39,38,16,34,38,39,39,38,38,39,37,39,38,38,39,38,38,38,38,37,38,39,34,33,37,33,34,37,34,39	38,39,39,38,39,39,39,38,38,38,33,38,38,39,16,37,38,38,38,18,35,39,30,38,14,38,38,34,38,38,36,35,38,38,38,38	
CU458896	772150	0	C	C	G	0.518987	22	19	16	22	38,37,39,39,39,33,38,39,39,39,38,39,37,33,39,39,39,38,39,34,34,39,39,39,39,39,39,38,38,38,38,39,38,38,38,37,37,38,37,39,34	39,38,37,38,38,38,38,38,36,38,32,38,39,38,14,37,39,39,39,36,37,38,37,37,16,39,39,27,36,39,18,39,39,38,38,36,37,37	
CU458896	772153	0	C	C	T	0.518987	22	19	16	22	35,37,39,16,39,39,37,39,39,39,38,39,39,39,39,39,39,39,37,16,39,39,39,39,39,39,39,33,38,38,39,39,38,38,38,37,38,38,38,39,37	39,38,38,39,38,39,39,39,39,39,31,39,39,38,29,37,39,37,39,33,38,39,16,39,17,39,38,37,39,39,39,39,39,39,39,33,37,37	
CU458896	772162	0	A	A	G	0.525	23	19	16	22	35,39,38,39,37,29,39,39,38,38,38,37,38,38,39,38,38,39,39,31,38,38,39,39,38,39,39,31,38,38,39,38,39,39,38,12,39,38,38,38,38,37	36,38,38,36,38,38,38,39,38,38,38,39,39,38,36,39,37,39,35,38,27,38,16,39,39,38,38,39,38,39,39,38,35,38,38,37,37,37	
CU458896	772163	0	G	G	A	0.536585	23	21	16	22	33,39,39,39,36,31,39,39,38,38,38,37,38,33,39,38,38,39,39,36,34,38,14,39,39,38,38,39,12,38,38,39,38,39,39,38,12,39,38,38,38,38,37,37	38,34,38,17,38,38,38,39,36,38,34,37,39,35,31,39,37,39,31,38,38,17,39,39,34,37,39,39,39,39,38,38,38,38,32,37,37,37	
CU458896	772178	0	C	C	G	0.581395	28	22	16	20	38,38,33,27,38,38,38,38,38,38,36,34,38,38,38,38,38,30,14,38,38,38,38,34,38,34,38,38,38,38,38,38,34,38,38,38,38,38,38,38,37,38,38,38,38,38,38,37,33,32	34,35,35,38,38,38,38,38,38,34,34,38,34,38,38,14,36,36,38,38,38,34,38,36,38,38,38,38,38,38,34,38,38,38,38,34	
CU458896	772184	0	G	G	A	0.564706	26	22	16	21	32,12,38,38,33,38,38,35,32,14,38,39,39,38,37,36,39,39,38,38,39,36,38,38,39,39,38,39,38,38,39,39,38,39,38,39,38,38,38,37,37,38,38,38,36,38,35,35	30,33,37,37,38,38,38,39,37,34,35,38,35,39,38,37,14,38,38,33,39,36,30,38,38,39,39,37,38,39,39,39,38,38,35,32,38	
CU458896	772194	0	A	A	T	0.55814	26	22	20	18	39,34,32,39,32,34,39,38,38,39,36,38,36,38,39,39,38,39,39,36,38,38,39,38,39,39,38,38,39,38,39,38,39,39,38,39,39,39,38,39,39,38,38,34,37,37,37,36	34,38,38,38,34,39,36,39,39,39,38,38,35,39,39,14,39,39,38,39,39,39,39,39,39,32,38,39,39,39,38,37,36,37,37,37,37,37	
CU458896	772198	0	C	C	T	0.585366	27	21	17	17	32,39,35,39,39,38,38,39,39,38,36,38,39,15,39,38,39,39,34,38,38,39,38,39,39,38,38,39,38,39,38,39,39,38,39,39,34,38,39,38,38,39,39,38,37,33,38,34	33,33,36,38,34,38,39,38,38,38,39,39,38,38,39,31,39,39,38,38,38,39,38,38,38,39,39,39,27,38,38,38,37,37	
CU458896	772228	0	G	G	A	0.544304	24	19	21	15	37,38,38,39,24,38,38,39,39,38,39,38,36,39,39,37,39,38,39,38,37,39,38,36,37,37,37,14,39,38,37,37,38,37,39,38,38,38,38,34,39,33,37	18,35,24,39,37,37,37,37,37,39,39,39,39,37,39,39,39,39,39,38,39,39,39,39,38,39,37,39,39,38,38,37,38,38,37,37	
CU458896	772248	0	C	C	G	0.544304	22	21	20	16	33,32,17,38,38,12,33,31,12,38,34,34,38,12,38,12,12,38,34,27,12,34,12,38,38,14,29,14,31,38,38,38,38,34,38,38,14,36,38,32,34,12,37	37,30,38,38,38,38,38,39,39,39,38,36,39,39,38,38,38,34,36,38,38,38,36,39,38,38,39,36,39,39,38,38,36,35,39,13	
CU458896	772255	0	G	G	C	0.556962	21	23	20	15	35,38,38,39,35,24,39,37,13,38,24,37,13,25,39,32,13,13,38,26,13,38,35,33,34,39,39,38,38,39,38,38,39,38,39,38,38,33,33,38,37,34,37,37	32,33,37,36,37,37,38,38,37,38,36,35,38,38,38,38,13,38,16,38,38,38,38,38,38,38,38,38,35,38,37,38,36,37,38	
CU458896	772294	0	T	T	C	0.666667	15	21	12	6	33,38,24,14,26,32,14,36,26,24,38,38,39,38,38,37,38,37,38,38,39,32,34,38,38,39,38,38,34,39,39,38,34,35,34,38	38,37,37,38,37,39,37,37,37,36,37,36,38,38,38,36,38,38	
CU458896	772306	0	C	C	T	0.679245	13	23	11	6	34,24,38,12,12,26,38,37,37,38,32,37,38,26,38,38,38,14,14,38,38,39,38,38,34,38,38,38,38,38,27,38,36,34,38,35	37,37,33,37,37,33,14,37,27,14,33,38,38,38,38,32,38	
CU458896	772324	0	T	T	C	0.744681	12	23	6	6	35,37,37,39,38,37,37,33,39,39,37,17,29,39,39,39,39,39,29,39,38,39,39,36,14,33,39,39,38,39,38,38,38,37,39	24,14,14,37,37,37,39,39,39,39,39,33	
CU458896	772330	0	C	C	T	0.75	11	22	6	5	33,15,38,38,14,38,37,24,14,36,38,38,34,38,38,29,25,15,38,38,38,30,38,34,37,38,12,39,38,38,38,37,32	37,33,24,24,14,37,38,38,36,38,32	
CU458896	772342	0	G	G	C	0.804348	13	24	4	5	32,33,38,34,38,38,35,29,36,38,38,37,38,38,36,37,37,38,38,31,36,38,34,35,38,34,37,38,36,38,33,38,38,32,33,38,33	13,12,12,13,34,33,38,32,18	
CU458896	772530	0	T	T	C	0.647059	20	24	10	14	32,38,39,26,38,37,38,38,38,39,39,38,39,39,39,39,39,35,39,39,39,39,39,39,38,39,39,39,16,39,36,39,39,39,39,39,39,39,38,38,38,38,37,37	38,38,39,34,16,38,38,38,38,38,38,38,38,38,38,37,38,35,37,38,37,37,34,38	
CU458896	772533	0	T	T	C	0.661972	22	25	10	14	38,38,15,38,38,38,38,38,34,38,39,39,39,39,39,39,39,39,39,39,39,39,39,39,39,39,39,27,39,39,37,39,39,39,39,39,39,38,38,33,38,37,37,37,37,34,33	38,38,37,38,15,38,38,38,38,38,38,38,38,38,37,38,38,34,34,38,34,35,38,38	
CU458896	772549	0	G	G	A	0.523256	22	23	18	23	37,38,38,38,38,38,34,38,38,38,37,38,38,38,38,34,38,38,38,33,37,30,38,38,38,38,38,38,34,38,35,38,38,38,35,37,38,38,38,26,38,38,38,35,29	39,39,37,34,37,38,38,30,38,38,38,38,27,37,13,39,38,37,39,36,39,37,37,38,37,38,38,38,37,38,38,38,37,32,38,13,35,37,38,37,37	
CU458896	772559	0	C	T	C	0.53125	21	30	20	25	39,39,39,35,33,39,39,37,39,39,39,39,37,39,37,39,39,39,39,39,39,36,39,39,39,39,39,39,39,39,39,37,39,39,15,37,38,39,38,38,33,37,38,37,26,38,38,38,33,30,37	38,35,34,38,38,38,39,38,39,38,38,39,39,38,38,39,14,38,39,37,39,39,38,38,39,38,38,38,38,38,39,38,38,32,38,39,24,38,38,39,38,38,38,38,37	
CU458896	772584	0	A	G	A	0.606838	32	39	19	27	38,38,38,30,30,39,39,36,39,39,39,39,38,39,37,38,39,14,38,39,38,34,38,39,38,38,38,38,38,39,39,39,39,38,39,16,39,38,37,38,38,36,38,39,39,34,39,39,39,38,32,33,36,37,34,39,39,38,37,39,39,38,16,36,38,38,38,38,33,33,38	34,38,37,37,37,31,39,39,38,37,39,38,38,38,38,39,39,38,38,39,39,39,38,38,39,39,37,38,38,35,39,39,38,38,30,38,39,38,38,38,33,38,15,34,37,37	
CU458896	772594	0	T	G	T	0.625	34	41	20	25	38,38,30,34,36,38,38,36,38,38,38,38,30,38,35,38,38,36,38,38,38,29,38,38,38,38,36,38,38,38,38,38,38,14,38,14,38,38,37,38,38,36,38,38,38,38,30,38,38,38,36,36,38,35,38,38,38,38,38,38,35,38,32,38,38,15,38,36,38,35,38,38,38,38,38	34,37,37,38,38,38,15,36,38,38,39,39,38,38,39,39,38,38,34,38,38,38,38,38,39,39,38,38,38,39,39,39,39,38,38,38,39,38,38,38,38,38,38,37,37	
CU458896	772595	0	G	C	G	0.625	34	41	21	24	38,38,37,30,36,38,38,36,38,38,38,38,38,38,35,30,38,34,38,38,38,36,38,38,38,38,36,38,38,38,37,38,38,32,38,14,38,38,38,38,38,34,38,38,38,38,35,35,38,38,14,36,38,32,38,38,38,38,38,38,36,38,36,38,38,32,38,34,38,30,38,38,38,38,38	37,14,34,38,38,32,38,36,37,39,39,33,38,39,39,38,38,38,38,39,38,38,38,39,39,34,38,38,39,39,36,39,38,38,38,39,38,35,38,38,38,38,37,37,34	
CU458896	772599	0	G	A	G	0.606557	34	40	23	25	38,38,38,30,38,38,38,38,38,38,38,37,38,32,38,38,36,38,38,38,38,38,37,36,38,32,38,36,38,38,38,38,37,38,14,37,36,37,38,38,34,38,38,37,37,37,14,38,38,36,37,38,38,37,38,38,38,38,38,38,38,32,38,38,32,38,37,38,27,38,34,38,38,38	37,31,34,34,32,32,36,31,38,38,38,33,38,38,34,38,38,38,38,38,38,38,38,38,38,29,38,38,38,38,36,38,38,38,38,38,35,38,12,38,38,38,35,34,34,34,35,38	
CU458896	772605	0	C	T	C	0.626866	38	46	23	27	39,39,34,38,37,39,39,32,39,39,39,39,35,39,37,39,39,37,38,38,39,39,39,39,39,15,38,39,38,39,39,39,39,39,39,16,39,37,39,39,38,37,38,39,38,39,39,39,39,39,32,37,39,39,37,39,39,39,37,39,38,39,39,39,39,32,39,38,39,39,39,39,39,39,39,38,38,37,38,39,16,39,37,39	32,34,37,16,33,37,35,38,37,33,38,38,38,38,38,38,38,38,37,38,38,38,34,34,38,38,38,38,34,38,38,38,38,38,38,38,38,38,38,38,38,38,34,34,34,38,34,38,34,38	
CU458896	772608	0	G	A	G	0.641221	38	46	22	25	39,39,39,27,16,39,39,38,39,39,39,39,35,39,31,39,39,39,39,37,39,39,39,39,39,37,35,39,37,39,39,39,39,37,39,17,39,37,38,39,37,35,39,39,17,37,38,38,39,38,16,37,39,39,39,39,39,38,18,39,39,39,33,39,39,16,39,39,39,39,39,39,39,39,39,38,38,38,38,39,39,38,37,39	34,37,32,37,35,37,38,38,38,34,38,39,39,39,38,39,39,39,38,38,39,39,39,38,38,14,38,38,39,39,38,39,39,38,38,39,39,38,38,38,38,38,39,34,39,35,38	
CU458896	772615	0	C	G	C	0.631579	39	45	23	26	39,39,39,34,33,39,39,32,39,39,39,39,39,39,37,37,39,33,39,33,39,39,39,39,39,37,39,39,37,38,39,39,39,38,39,39,37,39,39,39,38,39,39,38,39,39,39,39,39,16,29,39,39,38,39,39,39,39,39,39,39,32,39,39,39,39,39,37,29,39,39,38,39,39,39,39,38,38,39,37,36,32,39,38	37,37,38,38,39,39,38,37,36,38,39,38,38,38,39,39,34,38,14,38,39,39,35,38,38,38,38,39,38,38,30,39,38,38,39,39,38,38,38,38,38,38,38,38,38,37,37,38,38	
CU458896	772617	0	A	C	A	0.631579	39	45	23	26	39,39,39,38,37,39,39,34,39,38,39,38,39,39,38,37,39,15,39,34,39,36,39,39,39,39,34,39,39,37,39,39,39,39,39,39,39,38,39,39,39,39,39,37,36,39,39,39,39,38,36,39,39,34,39,39,39,39,38,39,39,32,39,39,37,39,39,39,13,39,39,39,39,39,39,39,39,39,38,37,39,37,39,38	37,37,38,38,38,38,38,36,38,38,38,38,38,38,35,36,38,37,38,38,38,37,36,38,38,38,38,38,38,36,38,38,38,38,38,38,38,38,38,38,35,38,36,38,34,31,35,38,29	
CU458896	772622	0	C	T	C	0.656934	43	47	22	25	37,37,38,38,37,38,38,32,38,38,38,38,34,38,38,38,38,27,38,33,38,37,38,38,37,37,27,38,38,35,38,38,38,36,38,36,38,38,36,38,38,38,38,38,34,34,38,38,38,37,33,29,38,38,38,38,38,38,37,38,38,38,29,37,38,37,38,38,37,31,38,37,38,38,38,38,38,38,38,38,33,38,34,38,38,16,33,33,33,34	37,38,38,38,38,38,38,38,38,36,38,38,38,38,14,38,38,38,38,38,38,38,38,38,38,34,38,14,38,38,38,38,38,38,38,38,38,38,38,38,34,38,38,38,37,25,16	
CU458896	772638	0	T	C	T	0.647482	43	47	24	25	39,39,39,38,38,38,30,36,38,38,34,38,32,39,38,39,39,37,38,38,39,39,39,37,38,38,38,38,38,36,38,37,38,39,33,39,39,38,36,14,31,36,38,39,37,36,39,38,36,38,38,39,39,38,36,39,34,39,39,39,39,38,39,34,38,39,39,38,38,39,39,39,39,38,14,34,12,38,39,38,39,39,39,33,38,38,31,34,37,37	37,37,37,38,38,38,39,38,39,39,39,39,39,39,39,39,39,39,39,39,39,39,39,39,36,39,39,39,39,39,39,37,39,37,39,39,39,34,39,39,38,39,39,34,36,32,32,33,16	
CU458896	772641	0	T	C	T	0.647482	43	47	24	25	38,38,37,13,38,38,32,38,38,38,30,38,38,38,38,38,38,38,35,38,38,37,38,32,38,38,38,29,38,29,38,37,38,38,32,37,38,38,34,30,38,36,38,38,29,32,38,38,36,38,38,38,38,38,38,38,32,38,38,37,38,38,38,31,38,38,38,38,38,38,38,38,38,38,36,34,34,38,38,37,38,38,38,14,38,38,38,17,33,34	35,37,37,38,38,36,38,38,38,38,38,38,38,38,38,38,38,38,34,38,38,38,38,38,37,38,38,38,38,38,38,38,38,38,38,38,38,36,38,30,38,38,36,34,38,14,15,32,32	
CU458896	772650	0	C	G	C	0.664384	46	51	24	25	38,38,24,34,37,38,31,37,37,37,34,38,37,37,38,38,39,39,39,39,39,37,39,39,39,38,39,32,39,35,39,39,39,37,39,39,39,16,39,39,38,39,38,16,39,39,37,39,39,39,39,39,39,38,38,39,39,17,39,39,38,39,39,39,39,39,39,39,39,39,39,39,38,37,37,39,39,39,39,39,39,37,39,39,39,38,38,38,38,38,38,39,39,38,38,37,39	37,37,34,33,33,38,38,38,38,38,39,37,38,38,38,39,39,39,39,38,38,38,39,38,38,30,39,38,38,39,39,39,39,39,38,39,38,39,38,38,39,39,37,38,17,33,38,38,38	
CU458896	772662	0	A	G	A	0.636986	48	45	26	27	38,38,38,34,38,38,38,38,38,38,38,14,38,35,38,38,38,34,38,38,38,36,36,38,38,38,34,29,38,38,36,38,38,38,38,38,38,38,34,38,38,27,38,34,38,31,38,38,38,38,38,38,38,38,38,38,36,31,38,38,38,34,38,38,38,36,38,38,31,38,38,38,38,36,38,38,38,38,38,36,38,38,38,34,35,34,35,34,38,37,38,35,33	34,38,37,38,38,38,34,37,38,38,38,38,30,38,38,39,39,38,39,39,38,38,39,39,38,38,38,38,38,39,38,37,38,39,39,38,38,39,38,36,32,17,38,38,34,39,15,33,35,38,38,30,39	
CU458896	772665	0	T	G	T	0.641379	48	45	26	26	38,33,39,38,39,34,38,38,38,38,38,14,38,39,38,39,39,37,39,38,38,36,38,38,38,39,34,15,39,38,36,38,38,39,39,38,38,39,38,39,39,39,39,38,39,36,38,39,39,38,38,39,39,39,39,38,29,38,36,38,39,38,39,39,38,36,35,38,34,39,38,39,39,39,39,38,38,38,38,37,38,38,38,38,38,38,37,34,38,38,38,38,37	38,35,38,38,38,38,15,38,38,38,38,37,39,38,38,38,39,36,38,38,39,38,38,39,39,39,39,39,38,39,38,39,38,34,39,39,37,14,17,38,37,38,38,38,38,32,37,37,38,38,32,38	
CU458896	772666	0	T	C	T	0.636986	48	45	26	27	38,34,38,38,38,36,38,38,38,36,34,15,38,36,38,38,38,27,38,38,38,36,38,38,38,38,14,16,38,38,36,38,38,38,38,38,38,38,34,38,38,32,38,38,38,36,38,38,38,38,38,38,38,38,38,38,36,36,38,38,38,38,38,38,36,36,34,38,14,38,38,38,38,38,38,38,38,38,38,38,38,37,38,38,37,38,38,36,34,38,38,38,38	38,35,38,38,38,38,32,37,38,38,37,33,39,38,38,38,39,38,38,38,39,38,38,39,39,39,39,39,38,39,36,39,38,38,39,39,37,34,38,39,39,39,38,38,38,30,37,18,38,38,37,35,37	
CU458896	772685	0	T	A	T	0.64539	50	41	26	24	38,37,38,33,15,38,38,37,16,19,32,38,39,39,38,32,39,39,39,39,39,39,39,39,39,39,15,39,39,39,33,39,39,39,39,39,39,39,39,39,38,38,39,33,39,39,37,38,39,39,38,38,39,16,39,39,39,39,39,39,39,39,39,39,37,38,37,39,39,37,39,39,33,39,38,39,39,39,38,38,38,39,34,38,38,38,37,37,38,37,37	37,33,39,39,38,37,39,38,39,39,39,39,39,38,39,39,39,38,34,38,39,39,39,39,39,39,16,31,36,37,39,39,39,34,39,16,39,39,37,38,38,38,39,37,13,38,38,37,38,37	
CU458896	772707	0	G	C	G	0.592308	44	33	26	27	37,37,38,38,37,32,38,36,38,38,36,38,37,38,37,38,38,37,39,39,38,38,38,38,39,18,39,38,39,38,37,38,38,38,37,39,39,16,37,38,38,38,38,38,39,39,39,39,38,38,38,38,38,16,38,38,32,38,38,27,16,38,38,38,38,39,38,38,38,39,38,39,39,38,38,38,38	33,37,37,38,37,38,38,39,38,38,38,38,38,38,38,39,39,38,38,37,39,34,36,36,36,39,38,39,30,38,32,39,39,36,39,39,38,39,38,15,38,39,37,39,38,38,38,37,36,37,33,38,38	
CU458896	772712	0	C	T	C	0.566667	40	28	26	26	37,38,38,38,38,38,37,38,39,39,38,38,39,25,39,39,39,37,39,38,39,38,39,39,39,37,39,39,16,39,39,39,39,39,33,39,39,39,39,39,39,39,39,39,39,39,38,39,38,39,38,35,39,39,39,39,39,39,39,39,39,39,15,39,39,39,39,38	35,33,30,38,38,38,39,39,39,39,39,34,39,38,38,39,38,38,38,14,14,30,39,38,39,38,33,39,39,38,38,39,36,38,39,38,37,32,39,38,39,38,39,39,39,34,39,38,25,38,34,34	
CU458896	772716	0	G	A	G	0.571429	40	28	25	26	37,38,38,38,37,38,38,38,39,39,38,38,39,39,39,38,38,32,37,38,37,38,39,39,39,34,39,39,33,39,39,37,39,39,39,39,39,39,39,39,39,39,39,39,19,39,38,37,37,39,37,38,39,39,39,39,39,37,38,39,34,39,27,38,39,39,39,30	32,34,30,36,38,38,38,38,38,38,38,33,38,37,38,38,38,38,38,37,37,32,38,38,38,14,38,14,38,38,14,36,38,38,38,37,38,38,38,38,38,38,37,35,12,37,38,34,38,34,32	
CU458896	772720	0	C	T	C	0.556522	36	28	26	25	34,37,32,34,38,39,33,35,39,39,39,39,39,38,39,35,39,37,39,39,39,33,36,39,29,39,38,39,39,39,39,39,39,39,39,39,39,39,39,39,38,39,39,38,32,36,39,37,39,39,39,39,39,32,38,39,36,39,13,39,38,39,38,39	33,37,38,37,37,38,38,30,38,38,34,38,37,39,38,37,38,37,14,34,14,38,39,38,39,16,38,30,39,39,37,39,39,38,39,32,39,38,39,38,39,38,38,38,14,36,37,38,39,34,36	
CU458896	772724	0	A	T	A	0.526316	34	26	28	26	30,34,37,34,37,37,39,39,39,39,38,38,39,37,39,39,38,39,36,39,35,39,39,39,39,39,39,39,39,39,39,36,36,39,39,39,38,39,39,39,37,39,39,39,39,39,39,39,38,39,39,39,39,39,39,39,39,39,39,37	32,38,37,37,38,38,36,38,39,37,39,39,39,38,39,15,37,37,15,39,38,39,35,39,33,39,39,15,31,39,39,39,15,39,39,39,39,39,39,39,38,38,17,37,15,39,35,38,37,38,35,30,38,32	
CU458896	772734	0	G	G	A	0.518519	30	26	31	21	38,38,38,38,38,38,38,38,38,33,38,12,38,27,34,38,38,38,14,38,29,38,37,36,36,38,38,38,38,31,38,38,38,38,38,38,34,29,38,38,27,38,12,38,32,38,34,38,38,36,33,34,30,34,38,37	38,38,38,33,31,36,38,38,38,38,38,38,36,38,38,38,38,38,38,38,38,38,38,36,38,34,38,38,38,38,38,32,36,36,14,38,38,38,38,38,35,38,38,38,38,38,30,38,38,38,38,38	
CU458896	772740	0	C	C	G	0.54	28	26	28	18	35,37,38,38,38,38,38,38,34,14,31,39,38,37,37,38,33,39,39,31,39,39,38,39,14,39,38,39,36,39,38,38,38,33,38,39,16,38,38,38,38,38,39,38,39,38,38,38,37,34,39,38,33,38	38,38,38,38,39,39,35,38,38,38,35,38,38,39,39,39,39,34,39,38,38,38,30,38,34,37,37,39,38,37,34,38,38,38,39,39,38,38,39,38,30,29,34,38,38,38	
CU458896	772743	0	T	T	C	0.54	28	26	28	18	37,38,33,38,38,38,26,37,27,37,39,39,39,37,39,15,39,39,37,38,39,39,39,33,37,39,39,39,39,39,39,39,37,39,39,27,39,36,38,37,39,39,39,39,34,38,38,37,38,39,38,37,38,34	38,38,38,38,38,38,32,38,38,38,38,38,38,38,38,38,38,35,38,34,38,38,38,37,38,30,30,37,14,38,38,38,38,38,36,38,38,38,14,38,14,38,37,38,36,36	
CU458896	772745	0	T	T	C	0.544554	29	26	28	18	37,38,31,34,38,34,26,38,38,38,38,39,38,36,39,17,38,38,17,17,38,39,38,37,35,39,38,39,38,39,39,39,14,39,38,32,38,38,39,38,38,38,37,38,39,38,38,30,38,38,38,37,36,34,33	38,39,39,39,36,38,36,39,39,39,39,39,39,38,38,38,38,37,38,39,39,39,34,39,39,32,36,30,38,39,38,39,39,39,38,38,39,39,38,39,14,38,39,39,39,36	
CU458896	772754	0	C	C	T	0.561224	30	25	26	17	38,33,32,34,30,34,38,38,38,32,38,34,38,38,14,38,38,38,38,34,36,38,38,38,38,38,38,38,38,38,38,34,38,37,38,38,38,35,38,37,38,38,38,32,38,38,38,38,24,38,35,33,38,35,33	38,38,37,38,38,16,38,34,38,38,38,38,39,39,39,39,37,39,34,38,38,38,38,34,39,37,37,38,38,38,38,39,39,38,38,39,38,34,39,36,38,36,39	
CU458896	772757	0	T	T	G	0.57	30	27	26	17	32,26,38,26,25,38,38,38,36,37,37,38,38,13,35,38,38,38,14,38,38,38,38,38,38,38,38,34,38,38,34,38,30,38,37,38,31,38,38,38,38,38,12,38,38,38,38,37,38,37,33,38,35,34,33,38,38	38,38,38,38,38,38,39,37,39,39,39,39,38,38,38,38,39,38,39,39,39,39,38,36,38,34,38,39,39,39,39,38,38,39,39,34,39,14,38,37,39,39,38	
CU458896	772764	0	G	G	C	0.587629	31	26	23	17	38,33,26,39,38,38,37,35,12,39,38,38,31,39,38,37,27,39,38,39,34,39,38,38,38,39,38,39,38,39,33,38,30,39,37,38,39,36,34,38,14,38,39,37,38,38,38,36,38,39,38,38,38,39,38,17,32	33,38,16,38,38,38,38,38,38,38,39,37,39,37,38,38,38,38,38,38,33,34,38,36,37,38,38,38,37,37,38,38,34,38,16,37,36,38,36,38	
CU458896	772773	0	C	C	T	0.616279	29	24	21	12	26,36,38,37,34,36,38,25,38,38,38,34,38,38,38,38,38,38,38,38,36,38,38,36,38,38,38,38,38,38,38,38,38,38,38,38,38,38,38,38,38,38,38,35,38,38,38,38,38,38,38,38,33	38,38,38,38,38,38,38,38,34,38,38,38,38,37,38,38,38,37,38,38,38,38,38,38,38,36,38,37,38,35,38,38,37	
CU458896	772776	0	C	C	T	0.646341	29	24	17	12	32,37,38,39,34,32,37,34,38,38,38,37,38,39,38,37,38,39,39,39,14,39,38,36,38,38,39,39,38,30,39,38,36,39,39,14,39,38,38,39,38,38,39,39,38,39,39,39,38,38,17,38,37	38,37,38,38,34,39,39,39,39,39,39,39,38,37,39,39,38,39,39,38,39,39,39,39,39,38,39,38,39	
CU458896	772782	0	C	C	G	0.697674	34	26	16	10	38,38,33,15,39,39,39,15,39,39,39,39,39,39,39,39,38,39,37,38,39,37,39,38,39,38,39,37,39,39,39,15,39,39,39,39,39,39,39,39,39,39,39,39,39,39,38,39,38,38,35,37,37,39,37,13,34,33,33,37	37,36,38,38,38,37,38,38,38,39,39,39,39,37,39,39,37,39,39,39,17,39,35,39,38,38	
CU458896	772784	0	C	C	T	0.697674	34	26	16	10	34,32,37,15,38,38,38,35,38,39,38,39,38,39,39,37,36,39,37,36,38,36,39,37,38,38,39,38,39,39,39,37,39,38,38,39,38,39,37,39,38,39,39,39,38,38,38,39,38,38,38,38,37,38,37,38,37,32,33,38	34,37,38,38,38,37,36,36,38,37,39,39,39,39,38,35,38,39,38,39,38,38,38,39,39,37	
CU458896	772787	0	T	T	C	0.707865	35	28	16	10	37,38,13,36,38,38,39,36,39,39,39,39,39,38,39,38,37,39,39,15,39,37,39,36,39,39,39,39,36,38,39,37,39,39,39,39,39,39,39,39,39,39,39,39,39,39,37,39,39,38,38,38,16,39,38,34,34,33,33,39,33,38,38	34,33,38,38,37,38,38,31,38,37,38,39,39,39,38,38,39,39,38,39,31,38,33,39,16,33	
CU458896	772797	0	C	C	G	0.831169	36	28	8	5	16,32,37,37,37,38,37,39,38,39,38,39,38,38,38,39,38,39,37,39,39,38,34,39,37,38,39,32,38,38,37,38,39,39,38,38,38,37,38,39,38,38,38,39,39,32,38,38,36,37,38,32,39,38,39,38,36,38,37,38,39,38,32,37	38,38,30,38,38,38,38,38,38,14,34,32,38	
CU458896	772798	0	T	T	G	0.835443	37	29	8	5	29,34,34,37,37,38,34,39,38,39,38,39,38,38,38,37,38,39,32,39,37,38,32,39,39,38,39,35,38,38,16,38,39,39,38,39,38,38,38,39,38,38,38,39,39,36,38,38,37,30,38,32,39,38,39,38,36,38,39,37,39,38,32,37,34,37	38,38,38,38,37,38,38,38,38,32,38,32,38	
CU458896	772799	0	G	G	C	0.835443	37	29	8	5	29,33,33,37,37,38,34,39,39,39,39,39,39,39,39,16,39,39,33,39,16,39,37,39,38,39,38,37,39,37,27,39,39,39,39,39,39,39,39,39,39,39,39,39,39,32,39,39,39,36,39,32,39,39,39,38,38,38,39,38,38,39,34,37,34,33	39,39,37,38,37,37,39,37,39,14,38,32,38	
CU458896	772800	0	A	A	G	0.8375	37	30	8	5	29,15,37,37,37,38,34,38,39,39,39,39,39,39,39,33,39,39,32,39,16,39,29,39,37,39,38,39,39,37,16,39,39,39,39,38,39,38,38,39,39,39,39,39,39,33,39,39,39,39,38,16,39,39,38,38,37,38,38,38,37,39,37,37,34,26,37	38,38,38,38,38,38,38,39,38,14,39,35,38	
CU458896	777785	0	C	C	G	0.836735	22	19	5	3	30,38,38,38,34,27,32,38,38,38,38,38,34,38,38,38,38,38,38,38,38,36,38,38,38,12,38,37,38,38,38,37,37,12,38,26,33,35,32,28,34	38,37,38,36,38,38,15,31	
CU458896	777787	0	T	T	C	0.836735	21	20	5	3	38,38,39,34,38,15,38,38,38,39,38,37,30,39,39,38,39,39,38,38,38,39,38,39,12,39,37,38,38,37,37,37,24,39,24,33,37,38,32,37,37	38,37,38,38,38,38,32,28	
CU458896	777800	0	A	A	G	0.824324	32	29	9	4	34,33,38,33,13,32,36,38,35,38,38,13,35,38,38,38,38,38,36,38,36,38,38,38,32,38,38,38,38,38,38,36,24,38,13,38,38,38,37,38,37,38,38,16,37,38,38,38,38,37,38,33,34,38,34,38,34,38,38,35,33	38,38,36,38,38,38,32,38,16,38,38,33,24	
CU458896	777818	0	C	C	A	0.772152	35	26	9	9	38,38,38,37,39,39,39,39,35,38,38,39,34,39,32,38,34,38,39,39,39,38,38,32,33,38,39,39,38,12,39,16,34,39,38,38,37,39,37,39,37,39,16,39,26,39,38,38,37,38,32,38,37,12,37,37,37,37,32,37,32	39,37,39,39,39,38,38,36,36,38,39,38,38,38,37,38,36,37	
CU458896	777821	0	C	C	T	0.655738	22	18	13	8	38,38,33,36,38,38,38,38,37,36,37,38,38,38,13,38,38,39,38,36,39,38,13,38,13,38,38,39,36,38,37,38,38,38,32,24,37,36,32,13	39,39,39,39,39,39,37,37,38,39,37,39,24,38,37,39,38,36,38,37,37	
CU458896	777824	0	G	G	A	0.734177	30	28	13	8	36,34,38,39,39,39,39,37,38,30,39,38,39,12,36,38,38,36,14,38,35,35,38,31,37,39,34,37,39,37,38,38,36,38,38,38,38,38,37,38,37,38,38,39,38,38,38,38,38,38,35,37,12,37,35,16,31,12	39,38,39,37,38,39,16,37,39,38,37,39,13,39,37,35,38,37,38,38,32	
CU458896	777826	0	C	C	T	0.788235	37	30	9	9	38,34,38,39,39,39,39,14,31,14,39,34,39,12,39,37,38,39,30,39,38,38,34,31,39,33,39,36,12,39,37,30,36,39,38,12,39,37,39,37,39,39,39,24,39,39,39,37,38,26,39,37,12,38,37,38,35,30,12,12,12,33,37,19,37,12,12	38,38,37,38,36,39,38,37,39,37,38,39,38,36,38,39,38,37	
CU458896	777830	0	C	C	A	0.785714	36	30	9	9	38,38,38,38,14,38,31,38,38,38,12,38,38,38,38,38,38,38,38,35,38,38,38,38,38,37,38,36,34,36,37,38,38,38,37,38,36,38,38,38,12,38,38,38,37,38,35,38,37,12,38,37,38,37,36,33,34,31,34,38,33,37,12,12,34,37	39,39,39,39,39,39,39,39,39,38,39,39,39,39,39,39,39,39	
CU458896	777831	0	C	C	T	0.783133	36	29	9	9	38,38,38,38,36,38,37,38,38,38,38,38,38,38,38,38,38,38,31,34,38,38,38,38,30,38,34,31,36,36,38,38,38,38,38,36,38,38,38,30,38,38,38,37,38,26,38,37,31,38,37,38,37,36,26,35,25,34,38,38,29,12,31,34,37	39,39,39,39,36,38,38,38,38,39,39,38,38,39,38,38,38,38	
CU458896	777836	0	G	G	C	0.662921	30	29	17	13	38,38,38,38,38,34,38,38,38,27,34,38,38,38,30,38,31,34,38,35,38,36,38,38,38,38,38,38,36,38,38,36,38,38,34,38,38,38,38,38,38,38,38,38,38,38,38,31,26,37,37,34,24,28,38,33,36,32,37	38,38,38,38,38,38,36,27,36,38,34,38,33,38,38,38,38,37,38,38,31,38,38,32,29,32,34,38,33,37	
CU458896	777839	0	C	C	A	0.797753	38	33	9	9	38,38,38,12,34,34,38,36,38,29,38,37,38,38,34,38,38,38,14,27,38,38,38,38,30,38,14,14,38,36,37,37,38,38,38,36,38,14,38,34,38,38,38,38,38,35,38,38,24,38,37,38,37,38,29,31,31,38,34,38,32,37,37,38,38,33,34,33,36,38,37	38,38,38,38,34,38,37,37,35,38,38,38,38,38,38,38,38,38	
CU458896	777840	0	A	A	G	0.651685	30	28	17	14	38,38,38,34,36,34,38,36,38,38,35,36,38,34,35,14,14,38,34,34,29,34,31,38,38,38,38,36,38,38,38,38,37,35,38,38,38,38,38,38,38,38,38,38,38,38,26,24,37,37,38,12,34,38,33,34,38,37	14,38,38,38,38,38,38,30,34,38,38,36,38,34,38,38,38,38,38,36,38,28,36,38,37,32,32,38,38,33,37	
CU458896	777848	0	C	C	A	0.816327	42	38	9	9	38,34,38,36,38,38,38,14,38,38,38,38,38,38,38,38,38,36,38,38,38,38,34,38,14,14,38,32,38,38,38,38,38,38,38,38,38,34,38,38,36,38,38,38,38,34,12,38,37,38,37,38,12,34,37,39,38,37,38,35,34,38,38,34,37,38,38,38,37,33,38,34,37,26,34,33,37,26,32,38	39,39,39,39,39,39,39,34,39,39,39,39,39,39,39,38,39,38	
CU458896	777849	0	C	C	T	0.816327	42	38	9	9	38,32,38,37,38,38,38,36,38,38,34,38,35,38,38,38,38,38,38,35,38,36,34,38,14,14,38,37,38,38,38,38,38,38,38,34,38,32,38,38,36,37,36,38,38,25,25,38,38,38,38,34,24,30,37,38,38,38,37,32,34,35,38,38,35,38,38,38,37,32,38,34,37,12,34,33,38,12,33,38	39,37,39,39,39,38,38,34,38,39,39,38,38,39,38,38,38,37	
CU458896	777850	0	G	G	A	0.642857	31	32	20	15	37,30,38,24,38,38,38,14,38,38,34,38,38,38,38,38,38,38,38,30,38,38,38,38,38,39,39,39,39,38,38,38,38,38,39,39,38,38,38,39,38,37,38,38,38,38,12,38,38,38,35,38,38,38,38,38,37,34,33,38,12,33,38	38,38,38,38,36,38,34,36,38,38,36,38,29,38,31,36,38,26,38,38,12,38,38,33,12,35,37,34,38,31,32,38,34,34,12	
CU458896	777855	0	C	C	T	0.816327	42	38	9	9	37,31,38,25,38,38,38,30,38,38,34,38,34,38,38,38,38,38,38,38,38,33,38,38,12,38,38,35,38,38,38,38,38,36,38,31,38,37,38,38,38,38,38,38,38,38,34,38,38,38,38,36,35,38,38,38,38,36,38,38,38,38,38,38,37,38,38,38,38,17,34,38,38,13,38,38,31,33,35,38	38,36,38,36,36,39,39,39,39,37,37,39,39,36,39,39,38,38	
CU458896	777856	0	G	G	T	0.833333	46	44	9	9	37,32,38,12,38,39,38,38,38,39,34,38,34,37,39,39,39,39,38,38,38,37,39,38,31,39,38,35,39,39,38,39,38,36,38,31,38,37,38,38,36,39,39,39,38,39,29,38,39,38,39,30,38,39,39,38,38,36,39,38,39,38,39,38,37,38,38,39,38,36,36,38,39,38,38,38,39,37,33,39,12,37,37,35,34,34,34,37,14,39	39,39,39,39,30,39,39,39,39,39,39,39,39,39,39,39,37,39	
CU458896	777858	0	C	C	T	0.840708	47	48	9	9	37,31,38,31,38,38,38,38,38,39,34,38,34,37,39,39,39,39,38,38,38,37,18,38,30,36,38,34,39,39,38,39,38,38,34,38,38,39,38,38,34,39,38,39,38,39,15,38,39,38,39,36,38,39,39,38,38,36,39,39,38,38,39,38,38,34,38,38,38,32,36,38,39,35,38,38,38,33,36,39,12,37,37,34,34,34,34,37,37,38,37,37,37,32,37	38,38,38,38,37,39,39,39,39,38,38,39,39,38,39,39,39,38	
CU458896	777859	0	T	T	G	0.839286	47	47	9	9	37,33,38,35,38,38,38,38,38,39,34,38,35,37,39,38,39,37,38,38,38,37,39,38,34,39,38,38,39,39,38,39,38,34,38,38,38,38,35,38,38,39,39,39,35,39,15,38,39,38,39,34,38,38,37,38,38,38,39,39,39,38,39,38,38,37,38,39,38,37,36,38,39,27,38,38,37,37,37,39,37,37,34,38,33,34,37,37,39,37,37,37,18,37	39,39,39,39,33,39,39,39,39,39,39,39,39,38,39,38,39,37	
CU458896	777860	0	G	G	A	0.603604	31	36	24	20	37,36,38,30,38,34,38,33,39,38,36,39,39,37,38,39,36,38,38,39,38,39,38,37,34,38,38,36,39,39,39,38,38,38,39,38,39,38,39,37,39,36,38,39,15,39,39,36,39,39,38,38,38,39,38,38,38,39,37,38,39,24,37,37,37,32,37	37,39,37,38,33,39,36,39,38,39,38,39,37,39,39,39,38,39,39,39,33,39,38,39,39,39,39,39,39,38,34,34,38,39,27,34,38,33,38,37,37,39,37,37	
CU458896	777866	0	C	C	G	0.605263	31	38	24	21	33,34,24,37,38,38,14,38,38,38,38,38,37,39,38,39,33,38,38,39,38,39,37,39,39,39,33,38,38,38,38,39,39,38,39,38,39,38,38,38,39,39,38,27,38,38,38,38,38,39,39,39,38,38,39,39,38,33,38,38,12,32,33,32,37,38,37,35,34	37,38,37,39,15,38,39,39,33,39,34,39,38,38,39,38,39,39,30,38,39,38,38,38,39,38,39,38,38,39,39,38,38,38,38,38,38,12,32,38,31,37,35,37,12	
CU458896	777869	0	C	C	T	0.827586	47	49	10	10	30,35,33,37,33,38,34,38,38,38,37,38,38,38,35,38,37,37,38,31,38,38,31,38,38,38,38,38,31,38,30,38,36,38,38,34,38,38,38,38,38,14,36,38,38,38,36,37,38,38,38,38,36,38,38,36,38,38,38,38,38,38,38,38,37,38,38,38,14,38,38,38,32,38,38,25,38,36,38,38,38,38,36,38,38,37,36,37,38,36,16,37,37,37,33,35	39,33,39,38,37,39,39,39,39,39,39,39,39,39,39,39,39,39,38,39	
CU458896	777877	1	.	.	G	0.827586	45	51	10	10	32,37,34,38,38,38,37,38,38,37,34,38,37,36,39,15,38,39,15,38,38,39,38,39,30,37,39,39,38,39,39,39,38,38,38,38,38,37,39,38,39,38,38,34,38,38,39,39,37,38,38,34,39,38,39,38,39,39,38,38,37,37,39,38,37,38,39,37,30,38,38,13,38,38,39,39,39,39,13,36,38,36,30,24,37,38,32,32,38,37,38,38,37,13,37,37	39,37,39,39,39,38,38,38,38,39,39,38,38,39,38,38,38,37,39,38	
CU458896	777880	0	A	A	.	0.830508	47	51	10	10	37,15,38,37,38,37,39,38,38,36,38,37,36,38,12,37,38,31,36,37,38,38,38,32,38,32,38,33,38,38,34,39,39,38,38,39,30,38,38,38,38,36,39,38,38,38,36,27,39,37,39,38,39,38,39,38,38,38,38,15,36,38,39,30,38,38,38,34,38,36,13,38,38,38,38,38,36,15,38,37,38,37,38,38,38,15,37,38,37,38,37,33,35,14,37,33,33,38	38,30,38,38,38,38,38,34,38,38,38,38,38,38,38,38,38,38,38,37	
CU458896	777884	0	C	C	T	0.546218	29	36	29	25	37,32,38,37,37,36,38,38,38,38,37,34,33,38,39,38,39,38,32,38,38,35,38,38,35,38,38,38,38,38,38,38,38,38,38,37,39,38,36,38,38,38,38,38,39,39,39,38,38,39,39,34,38,39,38,24,38,38,38,39,38,38,38,34,34	37,39,37,38,15,34,16,37,37,39,35,39,38,39,39,39,39,39,35,38,37,39,39,39,39,39,39,39,39,39,38,39,39,39,38,38,39,37,38,39,32,38,32,38,37,38,38,38,39,37,37,37,37,38	
CU458896	777887	0	C	T	C	0.641026	39	36	18	24	37,38,19,37,38,37,34,27,37,37,38,38,38,38,32,39,39,39,39,38,38,39,39,38,39,38,38,39,39,38,39,39,39,39,39,39,39,37,38,38,39,39,38,38,39,39,39,37,37,39,39,38,38,39,39,39,24,38,39,24,37,32,38,15,38,37,38,39,38,38,37,37,37,19,38	16,38,37,37,38,38,38,39,38,34,33,39,38,39,38,38,38,39,38,39,39,34,39,38,38,34,38,39,39,38,38,37,39,37,39,39,39,38,38,39,36,33	
CU458896	777899	0	A	A	G	0.837398	49	54	10	10	37,37,36,34,34,33,37,37,38,38,15,38,38,38,39,38,39,39,39,34,38,32,37,39,39,38,38,38,39,38,29,39,38,39,38,16,38,38,38,39,39,39,38,38,35,39,38,38,38,39,39,38,38,38,38,39,38,38,39,39,38,38,39,38,13,38,38,39,39,38,39,30,38,38,38,30,38,39,38,38,38,38,38,34,39,39,38,36,38,38,38,38,38,38,38,37,12,33,37,37,32,32,37	38,39,39,39,39,38,38,38,38,39,39,38,38,39,34,38,38,39,39,38	
CU458896	777908	0	G	G	C	0.868852	52	54	8	8	37,33,38,37,12,32,33,39,37,39,37,12,37,31,38,32,37,38,38,39,37,39,38,39,38,30,39,38,38,31,39,39,39,38,38,35,39,39,39,38,39,38,39,38,38,39,39,33,12,38,39,37,38,38,39,38,34,39,38,39,39,38,38,38,38,39,39,39,39,39,38,36,39,29,39,39,39,37,34,36,39,37,38,38,38,39,38,38,36,38,33,37,38,37,24,15,36,38,37,39,38,35,34,37,34,37	38,38,32,34,39,39,39,32,34,39,37,39,39,12,30,39	
CU458896	777911	0	T	T	C	0.869919	49	58	8	8	37,35,32,38,13,39,37,33,24,31,32,38,30,35,39,37,39,30,39,38,26,39,38,39,24,39,39,39,38,13,39,39,37,13,39,13,39,35,38,39,39,38,35,34,39,35,38,35,39,37,35,39,16,39,39,38,14,34,30,39,39,39,39,28,39,36,39,14,39,39,38,36,36,30,39,37,38,32,16,39,36,38,36,38,24,37,38,37,14,34,14,36,37,38,36,36,38,37,34,37,37,33,33,37,38,37,37	35,30,35,35,38,38,38,35,38,38,37,38,37,13,38,37	
CU458896	777913	0	T	T	C	0.869919	50	57	8	8	32,33,38,33,39,37,37,33,33,37,39,37,38,33,38,34,39,37,38,14,37,39,38,39,34,39,39,39,39,34,14,39,39,39,38,39,33,39,38,39,38,39,35,38,39,39,32,38,39,39,38,35,39,39,37,39,38,39,37,38,39,39,39,38,32,38,39,16,39,39,13,38,35,39,39,36,38,37,31,39,39,39,39,38,12,36,38,37,26,26,33,38,37,39,38,38,38,37,37,36,37,37,37,36,38,36,37	13,37,37,37,38,37,38,30,38,38,38,38,38,13,38,38	
CU458896	777920	0	G	G	C	0.875969	53	60	8	8	28,34,24,38,37,30,32,31,37,38,12,31,38,38,38,38,33,38,38,38,38,13,16,38,38,38,30,12,38,38,38,38,38,35,38,30,38,38,38,27,12,34,38,36,34,34,36,14,14,38,34,38,38,38,38,31,38,34,38,38,37,37,38,38,38,14,38,38,38,34,36,38,27,32,38,38,38,38,38,38,36,38,12,32,38,38,34,13,14,38,38,38,38,34,38,38,38,37,35,38,38,32,38,35,37,30,33,32,34,18,32,38,37	36,32,37,32,38,34,38,34,36,39,39,39,39,32,36,38	
CU458896	777923	0	G	G	C	0.868217	52	60	9	8	37,37,31,38,37,12,35,31,37,34,29,12,39,39,30,39,37,38,39,38,39,26,37,39,39,32,12,24,39,39,38,38,39,35,39,30,38,37,39,27,12,34,39,38,38,38,39,39,27,38,30,39,38,38,38,34,38,37,39,39,39,35,39,38,37,39,39,39,38,31,38,37,38,39,38,36,39,38,38,36,38,34,37,38,38,26,35,31,38,38,39,36,36,38,38,38,38,38,38,38,37,38,33,37,37,33,37,34,35,29,39,37	37,37,37,24,38,37,38,38,38,38,39,39,39,37,39,39,14	
CU458896	777926	0	T	T	C	0.875912	57	63	8	9	34,24,34,37,25,35,12,37,36,24,13,38,38,32,38,15,35,38,38,38,24,36,38,38,38,13,13,38,38,38,32,36,32,36,37,35,34,38,27,13,38,38,36,38,38,37,38,27,31,38,38,38,35,35,35,34,38,38,38,30,38,35,38,16,38,38,38,36,38,38,38,31,38,36,36,38,38,38,37,38,24,32,38,38,24,27,36,38,38,38,38,36,38,35,38,38,35,38,38,38,38,12,35,37,33,37,34,33,29,38,37,32,32,31,35,32,33,34,38,32	36,32,36,32,38,35,38,38,32,38,38,38,38,32,17,30,38	
CU458896	777938	0	C	C	G	0.929134	54	64	4	5	37,18,13,35,38,38,37,38,38,37,38,37,38,12,38,38,38,37,35,24,38,38,38,32,38,32,38,37,38,25,35,35,38,36,38,35,37,38,32,33,14,38,38,38,35,37,38,38,38,38,38,34,38,35,38,34,38,38,38,35,37,38,38,34,38,38,32,38,38,38,38,38,12,34,36,37,12,34,14,38,38,38,38,36,38,38,38,30,38,38,30,25,38,34,38,38,38,37,38,38,38,38,38,38,38,38,38,38,34,38,38,31,34,33,37,37,35,37	13,36,34,35,34,33,37,38,38	
CU458896	778178	0	T	C	T	0.506173	21	20	24	16	37,37,15,39,38,38,38,38,38,39,38,38,38,39,36,39,38,39,34,38,31,39,39,38,39,14,38,39,38,38,38,38,38,38,37,38,37,37,37,37,38	37,32,38,33,33,38,38,38,38,38,39,39,39,39,38,38,38,39,37,38,39,38,39,38,39,39,37,39,39,35,38,37,37,39,38,37,38,35,35,37	
CU458896	778238	0	A	A	G	0.590909	26	26	21	15	37,38,38,38,37,36,38,38,39,35,38,38,39,35,39,38,38,39,38,36,39,39,38,34,38,38,38,38,38,37,38,37,37,37,38,38,37,36,38,37,37,38,38,37,37,38,38,37,37,17,12,37	37,37,32,24,37,38,39,35,38,39,38,38,16,37,38,39,39,38,38,38,32,39,38,38,39,38,38,39,30,36,38,39,39,38,38,39	
CU458896	778243	0	C	C	A	0.602273	27	26	21	14	37,38,34,34,38,39,39,38,37,38,33,38,34,38,39,39,38,39,38,38,38,39,37,38,38,38,39,38,30,39,38,38,38,38,39,33,37,39,37,37,39,38,37,30,39,38,37,37,36,24,32,33,37	33,37,26,33,38,38,39,33,32,39,39,32,36,39,36,38,39,39,39,37,38,39,39,38,39,39,38,18,18,37,38,38,39,39,38	
CU458896	778277	0	C	C	T	0.736842	28	28	13	7	38,38,35,38,36,32,38,38,38,38,38,32,38,38,38,38,38,38,27,38,38,34,38,38,38,38,38,38,31,36,38,38,38,38,38,38,34,34,14,38,38,30,26,37,38,38,12,38,37,30,38,33,33,29,33,34	37,38,38,38,35,39,38,38,39,38,38,39,14,38,38,39,39,38,38,39	
CU458896	778281	0	G	G	A	0.736842	28	28	13	7	37,37,33,37,38,30,38,35,12,38,38,31,37,38,38,27,38,38,32,34,38,36,38,38,38,38,34,38,38,38,38,38,38,38,38,38,38,38,38,38,38,36,12,38,38,38,12,38,37,24,38,38,37,32,33,34	34,39,39,39,38,38,37,39,38,39,39,38,39,37,39,38,38,39,39,37	
CU458896	778283	0	C	C	G	0.736842	28	28	13	7	37,37,35,37,38,36,38,37,38,38,38,36,38,38,38,13,38,38,38,38,38,31,38,38,38,38,38,38,38,38,38,35,38,38,37,38,36,38,38,38,38,16,27,38,37,38,31,38,37,31,38,38,37,38,33,33	38,39,39,39,38,38,39,39,38,38,38,38,39,39,16,38,38,39,39,38	
CU458896	778288	0	T	T	C	0.736842	28	28	13	7	37,37,37,37,28,37,37,32,38,38,31,39,39,38,32,39,39,35,38,39,39,38,39,39,39,37,38,39,35,38,39,39,38,38,39,39,38,39,37,39,36,16,38,34,39,37,38,37,14,38,36,37,14,38,38,37	38,38,38,37,38,39,35,38,39,38,38,38,12,34,38,39,39,38,38,39	
CU458896	778289	0	C	C	T	0.72973	26	28	13	7	37,37,36,37,37,36,38,38,36,37,39,38,38,39,39,36,38,39,39,38,39,39,39,38,38,39,37,38,39,39,38,38,39,39,38,37,39,39,37,16,38,37,38,37,38,37,37,38,32,37,32,38,38,37	38,38,38,34,38,39,34,38,39,38,38,38,27,34,38,34,39,38,38,39	
CU458896	778292	0	A	A	G	0.726027	25	28	13	7	33,33,35,37,37,38,38,33,38,38,39,33,38,38,36,39,38,38,39,38,38,38,39,39,38,39,39,38,38,39,37,38,36,39,37,38,38,38,34,38,39,38,32,39,37,32,39,37,37,38,38,38,37	38,38,38,38,37,38,39,39,38,36,37,38,39,39,39,38,38,39,39,38	
CU458896	778298	0	C	C	G	0.714286	24	26	13	7	37,32,33,38,31,38,38,38,38,38,38,38,38,38,14,38,38,38,38,38,38,34,14,37,27,38,38,38,38,38,35,36,38,38,38,30,34,38,38,35,38,37,31,38,32,37,32,38,38,37	35,38,38,38,35,38,38,38,38,37,38,33,13,38,38,38,38,38,38,38	
CU458896	778313	0	T	T	G	0.875	23	26	5	2	34,34,37,33,38,37,38,38,38,38,38,38,38,38,34,38,38,35,38,36,38,38,38,36,32,35,38,38,38,32,14,37,38,38,36,38,38,38,38,38,37,14,38,38,37,38,38,32,12	36,36,38,38,33,38,39	
CU458896	778397	0	C	C	T	0.773585	20	21	5	7	37,35,35,37,37,38,12,36,37,38,39,39,34,36,34,38,38,34,38,36,37,38,38,38,39,39,39,38,39,37,37,37,39,37,38,37,37,34,37,12,37	38,38,37,35,39,39,30,38,24,38,32,12	
CU458896	778400	0	T	T	C	0.769231	19	21	5	7	32,37,24,38,12,37,37,38,37,38,13,38,30,38,38,27,38,34,33,34,35,38,38,38,38,38,38,26,35,37,38,37,32,37,37,34,37,12,37,37	32,38,33,35,38,38,37,38,32,38,35,26	
CU458896	778403	0	G	G	A	0.764706	19	20	5	7	37,33,38,29,37,37,38,38,38,12,14,32,38,38,31,38,38,31,34,38,38,38,38,38,36,38,37,37,37,38,37,38,32,37,38,37,31,37,37	37,12,12,33,38,38,34,38,31,38,24,12	
CU458896	778414	0	T	T	C	0.754386	21	22	7	7	32,34,24,37,35,38,37,35,37,36,39,38,34,39,13,35,37,37,39,34,38,34,14,38,37,33,38,36,38,16,37,37,38,37,37,37,37,32,32,32,32,37,37	13,36,35,34,38,38,38,37,38,13,38,37,12,33	
CU458896	778420	0	A	A	G	0.706897	20	21	8	9	37,37,37,37,37,36,37,37,39,39,30,39,37,38,39,38,39,34,38,38,32,38,34,38,38,38,38,36,37,37,38,37,13,37,37,38,38,38,32,37,36	14,37,39,38,38,38,37,38,13,37,37,31,38,34,37,37,32	
CU458896	778433	0	T	T	C	0.706897	20	21	8	9	37,37,14,38,38,14,38,24,37,38,39,36,39,39,39,38,39,38,34,38,39,38,39,12,38,39,38,12,35,37,39,39,38,39,24,32,37,37,12,30,16	37,38,31,33,39,39,12,39,24,39,37,26,39,38,37,33,38	
CU458896	778463	0	T	T	C	0.614286	18	25	14	13	16,33,33,29,38,31,33,36,24,12,31,25,38,38,38,32,38,35,38,38,34,38,14,38,38,33,29,29,14,38,38,29,36,35,34,14,29,12,38,32,35,30,37	12,24,38,31,36,37,37,37,37,30,31,38,34,38,38,38,37,31,38,38,38,37,36,33,37,37,34	
CU458896	778493	0	T	T	C	0.571429	20	24	18	15	37,32,12,35,36,38,38,29,38,24,36,38,38,38,32,38,38,27,27,32,32,38,34,14,34,38,34,31,14,34,38,31,38,30,38,38,38,38,37,33,33,37,37,32	38,38,37,37,38,37,15,28,38,31,37,38,38,38,38,38,38,38,34,30,35,30,38,38,12,36,38,38,38,38,38,24,38	
CU458896	778535	0	A	A	C	0.567901	18	28	21	14	34,37,34,29,34,38,33,14,14,37,32,38,33,38,38,14,33,13,36,38,39,38,38,37,39,38,39,38,37,39,38,38,18,39,37,35,37,35,38,12,38,30,32,12,37,35	37,38,14,38,38,36,14,38,14,34,38,39,31,39,39,39,39,39,38,31,39,39,12,39,38,30,39,38,39,38,38,32,39,37,37	
CU458896	778537	0	T	T	G	0.5625	18	27	21	14	37,34,34,34,37,14,33,37,17,38,24,38,38,37,37,26,14,38,38,35,35,37,33,38,39,38,35,39,38,38,37,39,16,37,37,37,38,12,30,37,37,12,37,37,37	12,38,24,38,32,36,12,31,37,38,38,38,30,14,38,38,38,38,38,38,38,38,13,38,30,30,38,38,36,38,38,37,38,37,38	
CU458896	778538	0	C	C	G	0.56962	18	27	21	13	37,34,34,33,37,33,37,37,17,38,15,38,36,36,37,34,14,38,38,38,36,38,34,38,39,38,34,39,38,38,38,38,33,37,37,37,39,12,38,31,27,12,37,37,37	35,38,12,38,35,34,12,38,30,38,38,38,30,38,38,38,38,38,35,38,38,34,32,36,31,38,38,38,34,38,37,38,37,34	
CU458896	778556	0	C	G	C	0.525773	30	21	20	26	37,35,37,37,37,30,37,37,30,39,38,27,30,38,38,38,38,39,39,38,38,13,38,38,13,38,39,38,39,38,37,38,38,38,38,38,38,37,38,38,37,37,39,39,38,38,36,37,37,37,33	36,37,37,24,37,38,37,12,30,33,39,36,39,37,39,38,39,38,38,39,38,39,38,38,38,38,38,38,38,38,12,39,37,37,26,38,37,37,38,37,38,37,15,38,34,16	
CU458896	778598	0	C	A	C	0.546296	30	29	22	27	37,37,37,16,38,38,38,37,37,39,38,38,31,37,34,36,36,39,37,39,38,39,38,39,38,38,38,14,38,14,38,39,39,39,39,38,38,38,39,39,39,38,38,39,38,38,32,37,38,36,32,37,37,35,37,37,14,37,37	32,33,38,38,38,38,34,38,38,38,34,38,12,38,38,38,38,38,37,38,38,14,38,38,38,38,38,38,38,29,38,38,29,38,31,38,38,31,31,38,38,38,37,31,38,37,35,38,35	
CU458896	778601	0	C	T	C	0.517544	30	29	25	30	35,34,37,15,38,26,38,37,33,34,36,38,38,34,37,38,30,28,38,15,17,38,36,39,38,39,37,39,16,39,33,37,38,34,38,38,39,39,37,38,38,38,36,39,38,39,38,34,30,38,35,38,12,38,33,32,12,37,37	33,30,38,38,38,38,39,38,38,34,38,36,38,38,38,39,38,38,27,34,34,39,38,38,39,38,39,38,39,38,36,39,39,14,39,39,38,38,34,39,38,14,12,39,38,39,37,31,39,37,37,37,34,30,37	
CU458896	778607	0	G	G	T	0.504587	26	29	29	25	37,34,37,38,37,38,38,38,12,38,31,38,38,38,38,38,33,38,37,14,38,38,38,38,38,38,38,38,38,36,38,38,36,38,36,36,38,34,38,38,36,38,38,38,38,24,38,37,37,38,38,32,37,35,34	27,37,37,37,38,37,38,37,38,38,15,34,39,38,38,38,39,38,39,38,38,38,30,38,38,38,39,39,39,39,38,38,38,39,39,39,37,38,39,38,38,29,33,38,36,36,38,14,38,37,33,24,37,36	
CU458896	778608	0	C	C	T	0.509091	26	30	29	25	37,33,37,38,36,38,38,38,34,38,34,38,38,38,38,36,33,38,32,30,38,38,38,38,38,38,38,38,38,38,38,38,37,38,36,38,38,34,38,38,34,38,38,38,37,30,38,37,38,37,38,13,37,33,34,37	36,38,37,37,37,38,38,15,38,36,15,36,39,38,38,38,37,38,39,38,38,38,37,38,36,38,37,39,37,34,38,38,38,39,39,39,38,38,38,38,39,37,24,37,37,34,38,30,38,30,13,12,37,37	
CU458896	778609	0	G	C	G	0.518519	30	26	24	28	37,37,37,37,37,38,39,38,39,39,32,38,39,39,37,39,39,39,38,38,39,39,17,39,39,39,39,39,39,39,39,39,39,39,38,39,39,39,39,39,38,39,39,17,37,37,39,37,38,12,39,13,38,37,37,37	37,37,37,38,38,38,38,39,31,38,34,39,39,39,38,39,37,38,36,16,38,39,38,38,39,38,39,38,34,38,36,38,34,38,39,34,15,38,39,38,38,37,38,37,38,37,38,37,37,33,34,37	
CU458896	778619	0	G	G	C	0.925	54	57	4	5	37,31,37,37,37,37,37,37,37,37,38,38,12,38,36,34,32,37,38,38,39,38,12,37,37,39,38,39,39,38,39,39,39,39,38,33,38,39,39,37,38,38,34,38,34,38,39,37,39,39,39,38,39,27,38,38,38,36,39,38,39,39,38,14,38,36,38,39,38,39,38,38,39,36,39,39,36,34,36,38,39,38,39,37,39,38,34,37,34,38,26,38,38,36,39,38,38,37,37,30,38,37,35,38,37,37,37,37,33,37,16	38,39,38,39,35,37,37,37,32	
CU458896	778622	0	C	C	T	0.508333	26	35	30	29	34,17,37,33,38,24,38,13,38,38,38,31,34,38,14,38,36,38,39,38,38,38,38,38,30,38,38,33,38,38,38,38,31,39,38,12,38,38,38,38,12,38,38,37,38,38,12,37,37,38,37,37,37,37,37,34,12,37,32,37,31	37,37,37,29,37,38,36,37,33,14,33,38,39,31,39,38,39,38,39,39,39,38,38,37,39,36,36,38,38,39,39,39,38,34,38,39,39,38,39,38,29,37,38,33,31,38,12,39,25,37,12,34,38,38,38,37,37,31,37	
CU458896	778628	0	G	G	A	0.544643	26	35	25	26	33,37,34,34,31,38,12,38,38,38,38,34,37,36,34,38,38,38,38,38,38,38,38,34,38,38,33,38,38,38,38,14,38,37,37,38,38,38,12,38,34,38,38,38,38,38,38,38,38,38,37,37,37,38,38,38,37,34,32,37,36	38,16,38,13,16,36,39,39,39,39,39,39,39,39,37,39,32,39,37,38,38,38,39,39,36,39,39,39,39,39,39,39,39,32,27,39,39,37,39,39,34,34,25,37,38,38,39,38,37,33,37	
CU458896	778635	0	C	C	T	0.87931	46	56	7	7	34,24,37,16,38,13,16,37,37,38,38,36,38,38,38,38,38,34,36,38,38,32,35,38,38,38,38,38,27,38,13,38,36,36,34,30,38,38,38,38,38,38,38,38,38,38,36,38,38,37,38,32,38,36,38,38,30,38,38,36,38,14,38,14,14,38,38,38,38,12,38,38,35,38,12,38,12,34,38,38,38,38,38,38,38,37,38,38,38,38,38,38,38,38,31,32,15,37,37,33,37,33	38,38,38,38,36,38,33,38,32,37,26,32,34,32	
CU458896	778637	0	T	T	C	0.87395	49	55	7	8	33,12,37,16,34,12,30,34,37,38,26,38,38,38,38,38,38,36,38,38,38,14,38,36,38,37,38,38,27,38,34,38,37,36,34,34,38,38,38,34,38,38,38,38,38,38,37,38,38,38,38,31,38,37,38,38,30,38,38,33,38,34,36,14,29,38,38,38,38,14,38,38,35,37,34,38,13,35,38,36,38,38,38,36,38,38,38,37,38,38,38,38,35,38,33,35,32,32,37,37,37,35,34,33	17,35,38,38,38,35,38,32,30,37,32,34,33,33,33	
CU458896	778644	0	A	A	G	0.866667	48	56	8	8	37,30,32,30,37,34,25,33,38,38,36,38,38,38,15,36,38,39,32,36,36,38,32,39,39,32,39,34,39,36,36,33,32,38,39,38,36,37,39,39,34,38,39,36,38,39,36,39,39,39,38,38,38,14,39,38,14,38,38,36,34,30,39,38,39,38,30,38,39,32,32,34,39,13,27,37,39,38,38,39,38,38,36,39,38,37,34,35,38,38,38,33,38,32,32,37,32,37,38,34,33,33,37,37	39,38,39,38,39,38,38,38,39,38,32,38,38,38,37,37	
CU458896	778646	0	C	C	T	0.857143	43	53	8	8	37,35,24,33,34,38,38,38,38,36,38,38,38,39,36,37,38,38,39,39,15,15,37,38,36,38,39,38,15,39,39,39,39,38,39,30,38,37,38,39,15,39,38,39,38,36,39,38,16,34,38,37,14,27,39,38,39,38,38,38,38,38,38,14,39,31,12,38,39,38,34,39,34,38,39,39,38,39,39,38,38,38,38,38,38,34,28,37,29,37,38,37,34,37,37,37	39,38,39,38,39,38,38,35,37,32,32,38,38,38,37,35	
CU458896	778661	0	G	C	G	0.5625	30	33	23	26	34,38,38,38,38,36,13,38,38,36,38,38,36,37,38,38,38,38,38,38,34,38,38,27,38,36,14,27,38,14,38,38,36,37,32,38,38,38,38,38,38,32,38,38,38,38,32,34,38,35,38,38,38,38,38,38,38,38,37,37,32,33,38	34,37,33,38,37,38,39,36,39,38,39,30,38,38,24,39,34,39,39,34,34,38,39,39,39,27,39,39,39,39,39,34,39,39,39,39,39,39,32,38,38,39,37,33,33,34,37,37,16	
CU458896	778664	0	A	A	G	0.858407	46	51	8	8	32,32,33,37,26,15,37,38,38,37,38,31,33,38,39,38,38,38,39,34,30,38,38,37,39,38,39,39,38,13,38,32,38,39,36,39,16,38,39,27,37,39,31,16,27,38,39,38,39,38,39,38,39,39,16,38,16,39,39,38,39,39,38,38,39,37,38,37,38,37,39,39,39,39,35,39,14,33,38,38,38,38,38,38,38,37,37,38,37,34,34,37,33,37,39,32,33	30,37,38,34,38,39,39,39,36,39,37,38,38,38,38,39	
CU458896	778670	0	C	C	T	0.88785	47	48	6	6	34,37,29,37,38,38,37,38,33,26,37,37,35,38,37,38,38,38,38,38,37,38,38,38,38,39,15,38,37,39,38,38,39,15,39,38,15,34,37,38,37,27,39,39,39,38,14,39,38,38,38,29,39,31,30,39,39,38,37,39,39,39,39,39,39,39,39,38,38,37,39,38,38,38,32,38,37,38,39,39,39,39,37,37,38,38,38,38,37,38,37,38,34,37,37	39,39,39,39,39,39,39,39,39,39,39,39	
CU458896	778673	0	T	T	C	0.521277	24	25	21	24	32,37,34,38,37,38,37,38,37,38,33,38,33,37,38,32,36,39,38,39,38,14,39,38,37,36,39,32,38,38,39,38,34,38,33,38,38,39,37,39,38,38,37,37,16,38,37,28,37	38,24,24,37,38,33,38,38,36,38,38,38,39,39,38,36,38,38,38,37,39,30,38,36,39,36,38,14,38,38,39,39,38,38,38,38,34,38,39,39,34,37,39,38,38	
CU458896	778676	0	C	C	G	0.882353	42	48	6	6	35,33,37,38,37,38,37,38,32,37,38,38,38,38,38,38,25,38,33,38,38,38,38,38,38,38,12,36,30,34,29,29,39,38,39,38,14,38,38,38,32,14,39,34,32,38,39,38,38,39,29,38,39,39,38,38,38,38,38,31,38,34,38,16,35,38,25,38,38,39,38,38,38,26,39,39,38,38,37,36,37,38,16,38,38,12,37,32,37,12	38,38,38,37,38,38,37,38,38,38,36,36	
CU458896	778677	0	C	G	C	0.509804	23	29	25	25	38,35,38,38,38,39,38,38,38,38,39,12,39,39,38,14,12,39,38,38,39,39,37,18,39,38,38,39,39,38,27,39,39,39,36,31,39,36,35,39,38,38,38,38,38,37,34,38,38,34,34,38	32,33,37,38,37,38,37,37,37,24,38,37,38,38,38,39,38,39,38,38,39,38,39,38,39,34,38,39,39,38,38,38,15,32,38,39,32,39,39,38,37,37,16,38,38,13,35,32,35,12	
CU458896	778679	0	C	C	T	0.617647	31	32	17	22	34,37,37,37,37,38,26,37,38,12,38,38,38,39,36,38,38,38,38,39,38,38,37,38,38,38,34,39,34,38,39,39,38,38,39,39,34,37,14,39,37,37,39,38,38,38,38,38,37,37,38,38,38,37,37,15,38,38,37,37,16,37,37	38,37,38,32,38,38,38,38,38,38,39,12,37,37,38,34,39,37,38,39,38,38,39,39,38,38,39,39,16,37,38,39,38,38,34,38,38,38,39	
CU458896	778682	0	G	G	A	0.625	32	33	17	22	33,37,37,37,37,24,37,37,12,36,36,34,39,39,39,39,38,39,39,39,39,39,39,38,39,38,39,38,39,39,39,39,39,38,38,38,39,14,38,34,38,39,39,39,39,38,39,13,30,39,39,38,37,37,37,39,38,37,37,29,37,32,37,37,33	37,38,34,37,32,38,38,38,38,38,38,13,38,38,13,13,38,14,39,38,38,36,36,38,39,39,38,38,27,38,38,38,39,39,37,38,38,38,38	
CU458896	778685	0	C	C	G	0.886792	44	50	6	6	37,34,37,32,37,37,37,33,14,33,37,36,38,37,12,38,15,38,33,37,38,32,38,38,15,38,37,38,34,39,39,34,38,38,34,38,39,15,36,34,38,36,38,38,38,33,38,39,37,38,39,39,37,39,38,36,38,36,38,34,38,33,38,38,38,38,39,39,39,39,38,38,39,39,39,38,37,38,37,38,16,39,38,13,30,16,13,36,30,36,37,33,31,36	38,38,38,38,37,38,30,37,38,36,36,31	
CU458896	778687	0	T	T	G	0.509259	27	28	24	29	37,34,37,34,24,37,37,26,38,33,38,38,36,32,39,33,39,38,34,39,38,39,33,39,36,38,39,39,38,34,38,29,38,38,39,38,39,39,39,37,37,16,39,39,32,36,36,36,32,36,37,37,36,32,36	37,37,28,33,33,38,30,38,33,32,38,32,38,36,12,34,38,36,38,32,37,30,38,38,38,38,36,38,38,38,39,39,38,39,34,38,38,38,38,37,38,37,34,36,38,39,34,38,36,38,38,32,35	
CU458896	778688	0	G	G	C	0.888889	45	51	6	6	37,34,37,34,33,37,37,37,34,33,37,33,34,35,37,38,15,38,33,38,38,36,37,38,31,38,36,34,32,38,39,33,39,38,36,38,38,32,36,34,39,14,38,38,39,33,38,39,36,38,39,39,38,38,38,38,38,38,38,34,37,16,38,38,38,38,37,39,29,38,38,37,39,39,36,39,37,38,37,38,16,39,39,24,35,38,32,30,37,34,35,33,31,37,33,32	38,38,38,36,35,37,37,38,38,38,38,36	
CU458896	778692	0	C	C	T	0.873786	40	50	7	6	37,37,37,33,37,32,35,32,25,37,37,38,33,38,38,38,38,38,26,38,34,39,36,13,39,34,39,38,36,38,39,34,38,34,39,36,37,38,39,33,38,39,38,38,35,39,38,39,39,38,38,38,38,36,38,37,38,38,38,38,38,39,38,39,38,38,39,38,39,38,39,38,38,37,39,39,13,37,33,37,33,35,37,38,37,35,37,37,38,37	39,39,38,39,38,39,39,39,39,39,39,32,33	
CU458896	778701	0	C	C	T	0.875	36	48	6	6	37,37,37,34,16,37,34,32,38,36,32,32,37,38,38,36,38,38,36,38,37,38,14,38,38,36,39,36,38,39,39,38,39,38,38,38,38,38,36,38,38,34,38,35,38,39,39,38,39,38,38,39,39,39,39,38,39,38,38,32,39,39,12,38,39,37,12,28,37,39,38,38,33,38,34,37,37,34,12,34,24,37,37,38	37,38,38,38,37,38,27,33,39,39,38,14	
CU458896	778703	0	C	C	G	0.609756	21	29	13	19	37,34,32,36,38,38,38,38,38,39,31,38,39,39,38,38,38,33,34,38,39,38,39,39,39,38,38,16,39,39,32,38,34,38,38,37,38,39,32,38,38,37,38,38,12,37,37,37,37,38	33,35,14,35,35,37,33,38,32,38,38,38,36,38,36,39,39,36,38,36,38,38,38,37,38,39,38,38,39,38,38,38	
CU458896	778704	0	G	G	T	0.87234	34	48	6	6	37,34,30,36,35,25,31,35,32,36,32,38,38,15,38,38,38,38,36,38,14,38,38,36,38,30,38,34,38,38,39,39,31,38,38,38,31,38,27,38,38,34,38,39,38,39,38,38,38,38,38,39,38,38,39,38,38,33,38,38,12,38,37,38,38,38,38,38,38,35,34,36,38,37,38,37,31,35,34,34,34,38	39,38,38,38,37,38,30,39,39,39,39,34	
CU458896	778709	0	C	C	T	0.869565	33	47	6	6	31,35,26,33,33,38,30,25,38,38,16,38,37,32,38,15,38,32,38,38,38,38,32,38,32,38,38,38,34,38,38,37,38,38,38,14,37,38,38,38,37,38,37,36,38,38,38,38,38,38,38,38,38,38,14,36,38,34,38,30,35,34,12,38,38,38,38,38,38,38,38,38,38,12,34,38,38,36,38,37	38,39,39,39,38,39,38,37,37,38,34,38	
CU458896	778712	0	G	G	T	0.863636	31	45	6	6	30,30,12,37,34,32,34,37,38,34,37,37,37,17,38,38,38,16,38,38,38,38,38,38,38,38,38,38,29,38,29,36,37,37,38,38,38,38,38,38,38,38,38,36,38,38,38,38,38,14,38,38,34,38,36,34,13,37,38,38,34,38,36,36,37,38,38,38,32,38,13,38,38,38,36,38	35,38,38,38,13,36,14,35,38,38,32,36	
CU458896	778714	0	T	T	C	0.852273	30	45	7	6	12,32,12,26,32,29,34,12,33,32,36,28,36,34,39,38,34,39,39,24,32,39,32,34,39,39,39,39,38,39,12,38,39,39,39,31,36,27,33,39,39,36,36,14,36,39,38,39,38,36,36,13,39,14,34,13,38,38,32,38,39,36,15,39,38,36,39,13,32,36,38,36,39,37,36	16,38,38,38,16,38,34,39,39,39,37,36,14	
CU458896	778716	0	G	G	C	0.860465	30	44	6	6	12,37,37,29,37,35,37,34,37,37,37,38,38,39,38,39,39,32,38,39,34,38,37,39,39,39,38,39,27,39,39,39,39,31,38,31,33,39,39,38,38,36,38,39,38,39,39,14,38,38,38,39,36,39,38,38,39,32,38,37,37,36,39,38,38,38,13,36,34,38,37,39,37,30	30,38,37,38,12,16,37,38,38,38,38,34	
CU458896	778730	0	C	C	A	0.720588	21	28	8	11	33,37,17,38,35,38,38,38,38,25,38,38,38,38,38,38,38,38,38,30,38,38,38,38,14,38,38,38,38,38,38,38,38,38,34,37,32,34,38,38,38,38,38,38,34,38,34,38,34	37,37,38,32,37,39,37,39,39,39,34,12,38,38,27,38,39,36,39	
CU458896	778739	0	T	T	C	0.797619	30	37	8	9	37,32,34,30,37,38,37,38,13,39,39,39,25,24,39,33,37,38,38,38,38,35,35,39,38,35,38,37,38,38,27,35,38,14,38,36,37,14,38,38,36,38,36,34,38,38,38,37,32,37,38,38,38,34,38,14,38,38,38,38,13,38,38,33,32,26,38	38,37,38,38,36,38,36,38,38,12,30,38,34,38,38,38,38	
CU458896	778742	0	G	G	A	0.853659	30	40	6	6	33,35,37,37,38,34,28,37,38,38,38,38,38,31,39,39,38,39,12,38,31,34,39,37,38,38,38,39,38,39,37,27,38,38,39,39,31,38,36,39,39,30,38,37,38,36,36,39,38,39,29,36,38,38,38,39,38,39,30,39,38,39,38,38,38,38,32,34,34,39	33,38,38,39,37,37,37,38,38,38,38,38	
CU458896	778745	0	G	G	A	0.771084	28	36	9	10	33,34,37,37,37,38,38,32,38,38,38,37,12,38,38,39,39,38,38,38,38,37,39,39,38,38,38,39,39,32,38,38,37,39,14,39,37,39,39,30,39,36,39,39,29,39,38,31,30,38,39,38,14,39,38,39,38,37,38,38,38,33,38,39	37,24,37,38,37,38,39,39,35,35,35,39,38,35,38,38,39,38,27	
CU458896	1047921	0	T	C	A	0.982456	29	27	0	1	33,38,36,37,38,37,38,30,38,38,38,38,37,13,34,27,14,13,38,38,38,38,37,38,35,37,38,38,38,38,34,38,37,38,38,38,38,38,38,38,38,38,38,38,38,38,38,38,38,38,38,12,31,34,33,33	15	
CU458896	1150461	0	T	A	C	0.977273	22	21	1	0	38,15,39,39,39,38,39,37,38,39,36,29,39,36,38,37,39,39,38,39,38,38,38,39,38,39,37,38,39,37,38,38,13,34,39,39,38,37,38,32,37,36,32	16	
CU458896	1261163	0	C	T	G	0.974359	17	21	0	1	37,37,35,38,38,38,38,36,38,38,38,38,38,38,38,36,37,14,34,38,38,37,38,38,34,12,38,36,12,37,38,37,37,37,32,33,32,12	12	
CU458896	1752986	0	T	C	A	0.979167	24	23	1	0	37,37,24,38,37,38,38,36,37,37,26,32,38,32,38,38,35,12,38,31,27,37,31,37,31,34,38,36,38,38,38,38,38,31,37,24,38,38,34,37,37,12,32,32,34,37,37	13	
CU458896	1946674	1	.	.	G	0.862745	13	31	7	0	38,38,38,34,38,38,39,38,39,39,12,39,12,39,38,38,39,39,37,39,39,39,14,35,37,39,14,30,29,38,38,32,37,32,36,39,38,37,36,36,38,15,15,37	12,12,12,33,24,27,27	
CU458896	2041793	0	T	T	G	0.6	8	7	2	8	39,29,39,39,13,35,25,38,38,33,38,37,37,37,37	38,39,39,37,39,34,33,39,38,39	
CU458896	2041796	0	G	G	A	0.6	8	7	2	8	38,34,38,38,37,38,15,38,38,37,38,34,37,37,37	37,39,39,37,39,39,37,39,39,39	
CU458896	2041797	0	T	T	C	0.6	8	7	2	8	39,38,39,39,38,36,13,39,38,36,38,38,36,37,37	33,38,38,37,38,36,37,38,38,38	
CU458896	2041800	0	A	A	G	0.6	8	7	2	8	39,32,39,39,38,38,24,39,39,36,38,38,37,37,37	32,38,38,33,39,39,37,39,39,39	
CU458896	2041811	0	C	C	T	0.730769	10	9	2	5	38,14,38,37,35,35,13,38,38,38,38,38,37,38,38,37,37,34,32	37,38,35,37,38,38,38	
CU458896	2041813	0	T	T	C	0.730769	10	9	2	5	38,34,35,35,39,37,26,31,29,38,38,36,38,38,38,38,37,33,16	37,38,37,37,39,39,39	
CU458896	2041815	0	G	G	A	0.730769	10	9	2	5	38,30,32,37,38,38,13,38,37,38,38,37,13,38,38,38,37,32,16	31,38,18,37,39,39,39	
CU458896	2041819	0	G	G	T	0.758621	13	9	2	5	39,34,27,39,38,38,27,39,39,38,38,37,38,38,38,38,37,37,37,34,32,35	37,36,17,37,38,38,38	
CU458896	2045652	0	G	C	G	0.976744	21	21	1	0	12,32,38,37,12,38,36,12,38,12,30,32,38,12,36,38,38,38,38,29,38,38,38,35,36,38,38,38,38,38,38,38,38,38,38,38,32,38,37,37,34,34	12	
CU458896	2046717	0	C	A	C	0.974359	18	20	1	0	37,37,12,38,34,37,38,34,38,39,39,37,32,18,38,35,38,38,39,39,39,38,33,36,38,38,39,39,38,36,38,38,38,37,15,38,33,33	13	
CU458896	2059515	1	.	G	.	0.95	17	21	0	2	37,37,12,38,37,39,39,38,37,38,39,39,33,33,26,39,39,33,32,31,37,37,39,39,39,37,39,39,37,39,14,37,37,31,37,37,37,38	14,14	
CU458896	2059515	2	.	G	.	0.825	15	18	2	5	12,38,34,39,39,33,32,32,38,12,16,24,34,33,37,26,32,24,39,39,37,39,39,39,37,39,14,37,37,12,37,37,39	37,37,39,39,14,14,37	
CU458896	2061692	0	T	A	G	0.982759	25	32	0	1	32,37,35,26,38,38,36,39,38,38,39,35,36,38,38,39,36,38,38,36,34,38,38,39,37,39,14,39,38,34,39,33,31,39,38,39,34,37,38,38,39,38,37,17,27,38,39,37,37,37,33,34,37,12,37,38,38	12	
CU458896	2065930	0	C	T	G	0.977273	18	25	0	1	34,37,38,12,34,38,38,13,30,36,39,39,36,31,39,14,38,39,38,38,38,39,39,36,38,38,38,38,39,38,39,12,38,37,31,38,36,37,38,33,38,33,37	14	
CU458896	2067725	0	T	C	T	0.95	12	7	1	0	37,39,38,39,30,38,37,34,15,36,38,38,38,38,38,38,36,31,34	35	
CU458896	2068363	0	T	C	T	0.979167	27	20	1	0	32,38,24,38,38,38,38,32,38,35,34,34,38,14,16,31,14,38,27,36,34,38,36,34,38,34,38,34,14,38,31,27,31,38,37,12,37,38,36,38,12,38,34,31,33,35,30	14	
CU458896	2068570	0	G	T	G	0.982456	24	32	1	0	13,32,37,38,38,38,35,33,39,37,37,33,39,39,37,39,38,34,39,39,36,35,38,39,39,36,36,38,36,36,38,39,39,32,29,38,39,36,39,39,39,29,39,39,39,39,38,30,37,37,37,32,39,38,29,32	12	
CU458896	2068640	0	G	T	G	0.977273	20	23	0	1	37,39,34,33,38,27,32,38,39,38,38,32,39,38,36,36,38,38,14,30,29,38,36,39,39,39,38,14,38,39,39,38,37,39,38,27,14,38,38,37,36,37,38	14	
CU458896	2068708	0	T	C	T	0.97619	20	21	1	0	39,39,39,38,39,39,39,39,39,39,33,39,39,39,38,38,39,39,39,38,36,15,15,39,38,39,34,36,39,39,36,15,39,39,39,39,37,38,38,39,39	37	
CU458896	2069068	0	T	G	T	0.977778	23	21	1	0	38,39,29,38,14,14,38,29,37,38,38,38,38,27,38,36,36,38,38,38,37,29,38,38,38,33,38,39,38,39,37,32,30,38,14,38,37,38,38,35,37,15,38,38	14	
CU458896	2069095	0	G	C	G	0.96	21	27	2	0	13,34,35,13,38,38,38,34,37,38,38,38,13,24,32,37,38,34,14,36,38,38,37,38,36,36,38,36,38,29,38,38,36,14,36,31,38,38,38,37,35,38,38,38,37,38,33,32	13,12	
CU458896	2069131	0	G	A	C	0.976744	19	23	0	1	26,32,37,38,31,35,39,32,34,39,39,39,31,12,39,35,34,34,14,35,36,38,39,35,39,39,39,39,38,39,38,38,36,38,26,15,26,37,24,38,39,25	14	
CU458896	2069150	0	T	C	A	0.977273	20	23	0	1	38,32,38,38,38,36,38,27,24,38,38,39,34,36,33,34,39,38,38,34,37,38,38,37,36,38,38,39,39,13,13,13,13,39,13,39,38,12,38,38,24,38,24	12	
CU458896	2069164	0	C	T	G	0.977273	21	22	0	1	38,34,24,38,34,35,34,34,38,38,38,39,38,34,39,39,39,39,39,38,38,38,38,37,35,33,35,38,24,38,38,15,38,38,15,38,33,38,38,38,33,37,33	14	
CU458896	2069167	0	T	C	A	0.977273	21	22	0	1	37,38,37,38,38,39,34,39,39,39,39,39,39,37,39,39,39,39,39,39,39,37,39,16,16,14,16,39,33,39,39,32,39,38,14,39,15,38,38,38,14,15,37	15	
CU458896	2069429	0	G	C	A	0.980769	22	29	0	1	38,38,38,30,38,33,39,36,39,38,36,38,30,38,16,39,38,39,39,14,39,39,37,38,36,35,16,39,38,39,38,39,39,39,34,37,37,35,13,39,36,35,38,39,36,38,34,13,32,35,35	15	
CU458896	2069496	0	T	C	A	0.978261	17	28	1	0	33,33,38,38,34,38,38,39,38,38,38,15,38,38,36,39,38,38,38,39,38,38,38,38,39,38,38,39,38,39,38,38,38,38,38,38,39,39,38,38,37,38,38,38,37	14	
CU458896	2069786	0	G	T	A	0.979167	29	18	0	1	33,38,36,38,39,38,38,34,39,39,38,33,39,38,30,38,39,38,39,39,39,38,18,37,39,39,38,30,38,39,39,39,39,39,12,39,39,38,39,37,38,38,38,31,37,37,37	13	
CU458896	2070005	0	G	A	G	0.972222	17	18	1	0	34,33,37,37,37,37,36,39,38,38,39,38,38,38,39,38,38,39,36,38,39,39,38,39,38,38,39,36,39,38,38,38,38,37,37	17	
CU458896	2070441	0	C	T	C	0.985075	33	33	1	0	35,12,38,30,12,12,33,25,37,35,12,38,38,38,38,35,36,38,38,32,37,38,27,38,38,35,38,27,38,36,14,38,35,38,33,38,38,38,30,14,36,38,38,38,36,38,38,38,32,38,32,38,38,38,36,14,38,36,36,38,13,38,38,32,29,26	14	
CU458896	2070519	0	A	G	C	0.985507	34	34	1	0	12,37,12,38,16,38,39,34,37,24,33,39,25,38,39,39,39,30,39,12,38,39,39,38,26,38,27,38,38,39,39,39,38,38,39,30,39,38,36,38,39,38,39,39,38,38,39,36,39,38,39,38,38,15,36,39,38,39,38,38,37,30,14,36,14,33,36,38	12	
CU458896	2070783	0	C	G	A	0.982143	27	28	0	1	37,38,37,38,30,39,38,39,39,39,37,38,38,38,39,38,39,34,38,38,38,34,39,38,37,39,38,34,38,38,38,34,39,36,38,38,38,36,15,37,39,39,38,39,36,39,39,39,34,39,38,34,38,37,37	38	
CU458896	2070894	0	G	C	T	0.981481	20	33	1	0	33,32,37,34,14,38,38,38,36,38,38,38,38,36,36,39,34,38,14,39,38,38,38,39,38,38,36,39,38,37,38,38,34,39,39,38,39,38,39,38,34,38,38,38,38,38,36,27,38,27,37,38,34	39	
CU458896	2071041	0	T	C	G	0.981481	26	27	0	1	38,34,38,36,38,38,38,38,34,38,38,38,38,38,34,38,38,34,36,35,38,31,38,38,38,38,38,38,38,38,38,36,38,38,38,38,38,38,38,38,38,38,38,38,38,14,38,38,38,38,38,27,33	15	
CU458896	2071125	0	A	T	A	0.983051	33	25	0	1	39,34,39,39,39,30,38,39,36,39,36,38,38,39,38,38,39,35,39,39,38,38,38,30,39,39,30,32,39,39,39,38,30,36,32,39,39,38,16,39,33,39,38,36,39,39,38,38,39,37,39,38,38,38,35,38,38,37	14	
CU458896	2071189	0	A	G	T	0.982759	31	26	0	1	38,30,38,34,38,39,30,38,38,39,38,38,31,38,39,39,38,38,36,39,38,14,38,39,39,38,36,38,39,39,39,39,34,38,39,39,19,14,38,39,38,39,38,38,38,37,39,32,17,38,39,38,37,39,39,39,35	18	
CU458896	2072494	0	G	A	C	0.979167	21	26	0	1	39,38,37,17,38,37,39,39,38,38,38,39,38,36,37,39,36,36,39,33,38,38,39,39,36,32,38,39,16,37,38,32,39,35,30,32,36,35,36,38,14,38,38,39,38,38,34	14	
CU458896	2072544	0	G	C	T	0.983871	28	33	1	0	35,33,31,39,38,38,39,27,38,38,38,38,38,37,39,39,38,38,38,39,34,38,38,36,37,36,38,38,38,38,39,39,39,39,38,37,14,39,39,39,39,30,37,39,33,38,38,34,38,38,38,38,38,38,38,13,38,38,38,35,38	39	
CU458896	2072570	0	A	G	A	0.982456	27	29	1	0	33,38,38,34,39,39,39,38,39,39,38,39,39,37,39,39,38,38,38,38,38,38,39,32,39,14,38,38,37,37,39,38,36,39,39,39,38,39,38,38,38,38,38,39,39,39,39,38,39,38,37,35,39,34,33,39	17	
CU458896	2072668	0	C	A	T	0.981818	25	29	1	0	37,15,38,37,38,38,38,37,15,38,38,39,15,34,39,30,39,39,38,33,38,38,38,38,39,38,39,39,37,37,39,36,39,38,18,39,39,39,34,39,39,39,39,39,39,38,38,39,16,38,38,37,38,38	17	
CU458896	2072682	0	G	A	C	0.981132	23	29	1	0	37,37,26,13,38,39,39,13,39,34,39,39,29,39,39,38,39,38,39,38,35,39,37,37,39,39,38,39,34,39,39,38,14,39,36,38,38,38,39,39,39,39,32,37,38,38,38,38,38,39,37,37	14	
CU458896	2072811	0	T	C	G	0.975	20	19	0	1	35,38,38,38,38,38,35,30,38,38,34,36,38,38,14,38,38,36,38,34,30,14,38,36,37,38,38,31,38,12,34,38,30,38,37,38,33,34,34	14	
CU458896	2072991	0	C	T	A	0.97561	20	20	0	1	15,39,34,38,39,38,39,39,39,39,37,39,38,35,39,39,39,39,16,38,38,39,39,39,39,39,39,39,39,39,37,39,39,39,27,39,37,39,38,39	15	
CU458896	2073024	0	T	C	T	0.975	19	20	0	1	34,33,36,39,34,39,39,39,38,16,39,39,39,39,36,39,39,18,39,39,37,39,38,38,39,39,39,38,39,39,15,37,39,38,39,37,38,35,38	16	
CU458896	2074130	0	T	G	T	0.96875	16	15	1	0	37,38,39,39,38,38,39,39,38,39,38,37,39,39,39,39,38,38,37,38,38,38,38,32,39,38,38,38,39,39,33	18	
CU458896	2074154	0	C	T	C	0.970588	18	15	1	0	39,38,38,33,39,39,39,39,39,39,36,38,39,39,39,39,39,39,38,39,39,38,37,39,39,39,39,39,39,39,37,37,35	39	
CU458896	2074227	0	A	G	A	0.969697	14	18	1	0	12,12,38,38,12,38,38,31,32,14,14,38,36,34,36,38,38,14,38,38,14,27,36,31,31,34,38,38,38,32,31,34	12	
CU458896	2074234	1	.	G	.	0.848485	9	19	5	0	14,38,36,39,39,34,39,38,18,39,39,37,33,39,39,36,16,33,39,38,35,39,39,39,37,33,38,39	26,14,13,15,15	
CU458896	2074242	0	G	A	G	0.942857	13	20	2	0	14,37,14,37,26,39,39,14,14,30,39,39,18,37,39,39,39,39,29,39,15,39,35,39,39,39,39,37,38,39,39,16,36	14,15	
CU458896	2074280	0	T	C	T	0.972973	14	22	1	0	38,38,16,34,38,38,38,38,33,36,33,34,36,38,39,38,38,38,36,39,38,17,14,39,38,34,39,39,38,38,38,37,38,31,37,37	29	
CU458896	2074942	0	T	C	T	0.974359	21	17	1	0	38,38,37,38,38,39,37,39,36,39,39,39,38,39,38,39,39,39,38,39,38,33,39,38,39,39,39,38,39,39,39,39,39,39,39,38,37,39	33	
CU458896	2077502	0	A	G	T	0.98	29	20	1	0	39,37,35,37,38,39,38,38,37,38,38,35,38,37,39,37,37,38,38,39,39,38,35,38,39,36,39,38,38,39,38,39,39,38,38,39,39,38,38,34,39,15,38,39,38,38,30,37,29	16	
CU458896	2080731	0	C	G	A	0.985294	31	36	0	1	38,38,37,38,30,38,37,38,39,38,38,38,38,39,38,38,38,37,39,38,38,34,38,38,38,38,27,37,38,37,39,36,39,38,39,34,39,38,39,17,39,36,39,36,37,38,38,35,35,39,39,39,37,37,38,39,35,38,38,39,27,38,34,38,39,34,37	14	
CU458896	2081082	0	T	C	T	0.947368	17	19	1	1	38,37,37,38,38,37,37,32,36,38,38,38,33,38,38,38,38,38,38,34,38,38,38,36,38,38,38,38,38,38,31,38,38,35,38,34	38,38	
CU458896	2081487	0	T	C	T	0.976744	25	17	0	1	26,37,38,36,38,36,15,38,37,17,39,38,35,37,29,39,38,39,38,35,38,33,39,39,38,38,32,39,39,38,39,39,38,38,38,38,38,38,37,37,37,37	15	
CU458896	2081628	0	A	T	G	0.978261	24	21	1	0	34,38,39,38,39,38,38,38,36,39,38,38,39,39,38,38,34,36,38,39,39,38,38,38,39,39,36,39,39,37,38,38,33,39,39,39,38,12,38,38,38,37,37,37,37	14	
CU458896	2083919	1	.	A	.	0.982143	25	30	1	0	37,37,37,29,31,37,39,33,39,39,38,31,39,37,38,38,38,38,39,39,39,39,38,39,38,38,29,39,38,39,39,39,39,38,39,32,39,39,32,36,38,39,38,34,39,39,36,38,38,28,39,34,39,39,34	12	
CU458896	2084399	1	.	G	.	0.967742	15	15	1	0	32,34,38,38,31,36,38,38,36,38,14,36,36,38,38,38,36,34,38,38,38,38,32,36,33,34,34,37,33,35	36	
CU458896	2084952	0	A	G	A	0.977273	21	22	1	0	37,31,38,38,38,39,30,32,36,12,39,39,39,39,34,38,38,38,39,39,34,38,38,39,39,34,38,38,38,39,38,39,38,39,39,39,38,34,38,38,38,38,36	12	
CU458896	2085057	0	C	T	C	0.983051	29	29	1	0	33,32,38,38,34,38,38,38,38,38,36,38,38,38,38,38,38,38,38,14,36,38,38,38,38,38,27,38,38,38,38,38,38,38,38,35,36,37,38,38,38,38,38,38,36,38,38,38,37,32,36,13,38,35,35,38,37,33	14	
CU458896	2085150	0	T	C	A	0.981132	24	28	0	1	37,34,38,38,37,38,37,38,36,38,38,38,38,38,38,38,38,35,38,36,38,13,38,36,38,38,34,38,31,38,38,38,34,38,38,14,38,38,38,38,38,38,38,38,38,38,33,37,34,37,32,37	14	
CU458896	2085228	0	C	T	G	0.982456	29	27	1	0	13,35,32,12,13,38,38,38,38,38,13,13,34,33,27,38,13,38,27,38,12,38,14,34,29,30,38,38,30,14,14,14,14,29,38,38,38,38,38,37,32,38,37,36,38,37,38,34,38,38,32,17,38,37,38,37	12	
CU458896	2085237	0	T	C	A	0.982143	28	27	1	0	24,12,34,34,38,38,38,38,34,31,34,38,31,38,12,38,27,38,38,29,14,31,38,38,14,31,36,14,14,33,38,38,38,38,38,36,36,38,38,38,37,38,29,31,38,38,37,38,29,38,34,38,33,38,38	12	
CU458896	2085287	0	G	T	C	0.984848	31	34	1	0	13,37,38,35,33,38,13,38,38,34,13,27,13,13,13,39,38,38,39,39,30,14,39,38,37,39,38,39,16,38,39,35,38,39,38,39,37,38,39,39,38,38,37,39,39,38,38,39,39,39,38,30,38,38,38,38,38,39,38,38,37,38,33,39,38	12	
CU458896	2086271	0	C	T	C	0.984848	30	35	1	0	18,13,39,33,39,39,39,39,39,13,39,39,38,38,38,38,39,39,38,37,27,39,33,39,15,38,39,39,39,39,39,39,35,38,39,39,39,17,39,39,39,39,38,16,39,39,36,39,39,39,39,39,39,39,33,38,38,19,33,39,38,34,38,34,36	14	
CU458896	2086301	0	G	A	T	0.984615	32	32	0	1	38,38,38,38,38,12,38,34,34,38,38,38,38,38,38,29,14,34,38,38,36,38,30,38,38,38,38,38,31,14,38,38,14,30,38,38,38,36,36,38,38,38,34,38,38,38,38,38,38,36,38,38,38,34,36,38,38,34,38,34,33,32,33,38	14	
CU458896	2086484	0	G	A	G	0.971429	16	18	1	0	37,24,33,38,37,38,38,38,38,37,39,38,37,37,37,37,39,38,39,38,36,37,38,38,17,34,38,36,38,39,38,38,36,38	14	
CU458896	2086652	0	C	T	A	0.977273	17	26	1	0	37,38,38,26,14,37,33,38,38,38,34,26,15,39,34,38,38,14,38,38,39,38,38,17,38,34,38,31,38,34,38,39,38,39,38,38,38,38,37,37,12,38,38	12	
CU458896	2095417	1	.	.	G	0.68	20	14	9	7	37,39,39,39,39,38,38,39,39,38,39,39,37,39,39,39,39,37,39,39,39,32,39,39,36,39,39,38,38,39,39,38,38,32	39,38,37,38,38,33,33,15,39,39,39,38,39,39,16,16	
CU458896	2095417	2	.	.	T	0.68	20	14	9	7	37,39,39,39,39,38,38,39,39,38,39,39,37,39,39,39,39,37,39,39,39,32,39,39,36,39,39,38,38,39,39,38,38,32	39,38,37,38,38,33,37,34,38,39,39,38,39,39,27,15	
CU458896	2095417	3	.	.	G	0.68	20	14	9	7	37,39,39,39,39,38,38,39,39,38,39,39,37,39,39,39,39,37,39,39,39,32,39,39,36,39,39,38,38,39,39,38,38,32	38,38,38,38,38,37,33,38,39,39,39,38,38,39,15,15	
CU458896	2095484	0	G	A	C	0.970588	20	13	1	0	12,38,38,34,14,38,38,38,38,36,38,33,38,36,38,38,38,33,37,38,37,38,37,38,12,38,27,34,38,38,30,38,26	12	
CU458896	2095692	0	G	A	C	0.974359	19	19	1	0	38,26,33,38,36,30,38,38,27,38,34,31,27,38,38,38,30,37,34,38,34,38,38,38,38,38,38,38,38,33,26,38,38,36,32,33,37,35	12	
CU458896	2095736	0	G	C	G	0.977273	20	23	1	0	27,38,30,15,37,12,32,33,28,38,38,32,14,12,38,12,37,37,33,38,38,38,38,38,14,14,37,38,38,34,38,37,38,38,38,38,37,36,30,38,33,37,28	14	
CU458896	2095781	0	A	G	C	0.972222	19	16	1	0	37,37,34,37,37,36,18,37,37,35,38,39,39,39,39,39,38,39,35,35,39,38,39,36,38,37,36,38,38,38,37,38,38,30,38	12	
CU458896	2095784	0	G	A	G	0.972222	19	16	1	0	37,34,32,37,37,38,16,37,37,13,38,38,38,38,12,38,38,38,38,38,34,37,38,32,39,39,37,38,39,39,38,39,38,38,38	38	
CU458896	2095802	0	G	A	G	0.975	20	19	0	1	37,35,17,37,37,38,38,38,31,38,38,37,38,33,35,38,36,37,38,38,27,37,36,38,38,38,38,34,32,38,38,38,12,38,37,34,37,38,37	12	
CU458896	2096220	0	C	T	G	0.977778	23	21	1	0	37,37,35,35,32,38,39,37,33,39,37,37,39,39,35,32,38,37,37,35,35,36,38,14,39,39,36,37,39,38,36,36,39,39,39,39,39,39,39,38,39,34,13,37	12	
CU458896	2096414	0	G	A	G	0.959184	18	29	2	0	37,37,24,30,24,39,39,39,39,12,39,39,38,39,12,18,30,39,39,12,34,39,34,39,31,38,39,14,39,39,38,39,39,39,37,30,38,39,38,34,36,38,38,37,36,37,37	14,14	
CU458896	2096465	0	T	C	T	0.98	24	25	1	0	37,37,24,37,38,37,38,37,37,37,26,39,38,38,39,38,37,39,37,39,39,38,39,38,39,39,39,39,39,39,38,39,37,38,39,37,39,37,39,39,24,37,39,37,37,38,38,37,37	14	
CU458896	2096734	0	T	C	T	0.969697	14	18	0	1	37,37,39,33,37,33,32,39,37,38,39,39,39,37,39,38,38,34,39,38,38,39,15,39,38,39,34,39,16,39,39,39	20	
CU458896	2097674	0	A	G	A	0.981132	27	25	0	1	38,39,39,39,39,39,39,39,33,39,33,39,39,39,39,39,37,38,37,39,39,39,16,38,38,39,16,39,39,39,39,16,39,39,39,39,39,39,39,37,39,39,39,39,39,38,38,38,37,39,32,33	28	
CU458896	2097889	0	A	T	C	0.981481	29	24	1	0	37,37,37,37,16,38,37,37,33,39,37,33,39,39,39,39,39,39,39,39,38,37,39,16,39,39,39,33,39,37,39,38,39,37,39,39,39,39,35,39,16,39,37,39,35,38,38,39,39,38,37,39,37	15	
CU458896	2098528	0	C	T	C	0.980392	25	25	1	0	28,12,30,38,12,37,12,24,38,16,12,39,37,39,39,12,37,39,39,12,39,39,38,38,35,31,38,38,36,36,39,39,36,37,39,38,38,39,38,39,38,38,38,38,37,37,34,36,34,39	12	
CU458896	2098782	0	T	C	T	0.972222	18	17	1	0	14,38,38,38,38,34,38,38,39,38,37,16,39,39,39,38,34,38,38,38,38,39,31,39,39,38,39,38,31,39,39,38,31,38,38	38	
CU458896	2099036	0	C	T	C	0.984375	37	26	1	0	37,33,38,39,39,39,38,39,39,27,39,38,37,39,39,37,39,37,38,39,38,39,39,39,16,39,39,39,39,38,39,37,39,39,39,39,39,37,39,33,39,34,34,37,39,39,26,26,38,37,37,38,38,26,38,37,37,37,16,37,37,37,37	15	
CU458896	2099134	0	G	T	C	0.979167	24	23	1	0	37,38,38,39,39,38,39,39,14,39,34,38,38,38,39,39,32,34,38,39,38,38,36,37,38,15,38,39,38,38,38,34,38,38,15,39,39,38,39,38,38,38,38,38,19,33,37	14	
CU458896	2099137	0	A	G	C	0.979167	24	23	1	0	38,39,39,38,38,39,38,38,34,38,12,39,39,39,12,38,33,37,39,34,39,39,33,38,39,29,39,38,39,39,39,33,36,39,36,38,38,39,38,38,34,38,38,38,32,37,37	14	
CU458896	2099371	0	A	G	T	0.975	19	20	1	0	13,34,38,25,38,38,38,38,38,32,38,36,38,34,38,38,14,34,37,37,38,38,37,38,32,15,33,38,38,36,37,38,37,37,36,38,12,37,37	16	
CU458896	2099922	0	G	A	G	0.97619	23	18	0	1	37,37,37,32,13,33,32,39,37,39,39,39,39,38,38,39,39,15,39,39,39,37,39,39,37,39,32,39,15,32,38,39,39,13,39,39,39,39,33,26,32	14	
CU458896	2099929	0	G	C	A	0.977778	24	20	0	1	13,13,37,38,38,39,38,39,39,30,39,32,39,33,15,34,39,37,38,36,35,38,38,36,38,39,34,16,38,39,39,35,39,39,39,39,38,38,37,37,37,37,35,35	15	
CU458896	2099995	0	C	A	T	0.980392	25	25	1	0	37,37,37,35,37,37,38,39,38,39,39,38,38,39,37,38,38,38,38,39,38,38,34,39,38,39,38,35,39,38,38,32,37,14,39,16,39,33,38,39,35,39,15,38,38,38,38,39,38,38	12	
CU458896	2100119	0	T	C	A	0.981481	24	29	0	1	16,37,33,31,37,38,38,38,38,38,37,38,38,38,38,30,36,38,38,38,38,38,37,38,38,38,14,38,38,38,36,38,36,38,38,38,38,34,14,38,38,38,38,38,38,38,38,38,38,38,34,29,37	15	
CU458896	2100224	0	C	A	C	0.972973	18	18	0	1	38,34,38,38,38,38,38,38,38,39,16,32,39,39,38,39,38,39,38,39,38,39,37,38,35,15,39,39,38,38,38,39,38,38,38,37	38	
CU458896	2101090	0	T	C	A	0.96	12	12	1	0	38,38,39,38,38,38,38,38,39,38,38,38,39,37,37,39,39,38,38,38,39,38,37,39	16	
CU458896	2101287	0	G	A	C	0.969697	16	16	1	0	38,35,39,39,13,13,39,39,38,39,13,39,13,39,38,32,39,37,14,37,39,38,37,36,32,38,39,39,38,38,36,16	15	
CU458896	2101355	0	G	C	T	0.978723	28	18	1	0	26,32,36,38,39,39,38,36,39,39,27,39,39,39,39,39,39,36,38,36,39,39,38,39,39,39,39,39,39,37,38,39,35,38,38,38,16,37,37,37,34,38,38,38,37,32	14	
CU458896	2101613	0	C	T	C	0.985507	33	35	1	0	38,38,38,38,37,37,38,38,34,39,39,39,39,39,36,14,38,38,35,39,38,38,38,39,36,39,39,38,38,39,39,38,38,14,37,36,38,39,30,36,29,38,39,36,39,38,38,29,39,39,39,38,32,13,39,38,36,38,37,36,38,34,33,38,38,37,33,37	14	
CU458896	2101694	0	A	T	C	0.980392	24	26	1	0	37,37,35,12,38,38,38,38,39,37,36,35,38,39,27,34,27,35,39,39,39,38,39,35,27,39,39,39,39,34,37,35,39,39,39,38,37,39,15,38,39,39,38,38,32,32,36,36,37,37	14	
CU458896	2101799	0	T	G	C	0.972973	21	15	0	1	35,38,33,38,32,35,38,38,38,38,38,34,35,34,12,33,38,38,38,38,38,38,38,38,37,38,38,38,38,38,38,34,38,37,37,35	14	
CU458896	2102054	0	C	A	.	0.977273	22	21	0	1	12,38,38,35,37,38,38,37,38,39,37,38,38,39,38,39,39,39,39,38,39,38,38,39,39,38,38,39,38,38,38,38,39,39,38,39,36,29,38,38,38,33,38	34	
CU458896	2102057	0	T	C	T	0.977273	22	21	0	1	37,38,38,39,34,38,38,39,38,38,38,37,39,38,39,38,38,38,38,39,38,39,39,38,34,37,38,38,30,39,39,37,38,38,39,36,39,16,39,39,38,37,30	34	
CU458896	2102069	0	T	G	T	0.97561	19	21	1	0	33,38,38,35,34,38,38,38,38,38,38,38,38,38,38,37,38,38,38,38,37,34,31,38,36,38,34,30,36,34,36,34,36,38,38,12,38,38,29,34	16	
CU458896	2102144	0	G	C	G	0.962963	15	11	0	1	37,24,38,37,37,39,39,38,38,39,38,39,39,14,39,39,39,39,39,38,38,38,38,38,38,38	39	
CU458896	2102147	0	A	G	A	0.962963	15	11	0	1	30,38,33,38,32,38,38,38,39,38,37,37,38,14,34,38,30,38,38,39,38,39,39,38,38,39	38	
CU458896	2102734	0	A	C	G	0.982143	28	27	0	1	38,38,38,36,38,38,38,25,38,38,38,38,37,38,38,37,38,38,38,38,38,38,34,36,36,37,38,38,34,14,38,38,38,38,38,38,38,38,38,38,36,38,33,38,12,38,38,37,38,37,38,38,37,34,33	14	
CU458896	2106418	0	G	A	C	0.975	19	20	1	0	32,34,32,30,38,38,13,38,36,38,38,17,36,38,30,36,13,36,38,38,39,38,38,38,35,39,39,38,38,36,38,37,12,34,38,38,32,37,35	15	
CU458896	2110016	0	T	C	G	0.95	17	21	2	0	34,36,32,38,38,38,31,38,38,38,38,38,38,36,38,27,38,36,38,38,38,38,32,38,38,38,31,36,38,38,38,38,37,38,38,32,38,31	12,12	
CU458896	2181318	0	C	T	G	0.976744	18	24	1	0	38,37,38,36,38,25,32,36,36,38,39,39,39,37,38,37,39,37,39,38,37,33,38,39,38,37,38,39,38,37,35,38,38,39,35,36,39,38,13,38,35,37	15	
CU458896	2403332	0	C	C	G	0.909091	28	32	3	3	37,36,37,38,37,37,37,33,37,38,37,37,37,37,39,37,37,39,34,39,39,18,37,39,39,39,37,38,37,16,39,39,37,39,38,39,36,39,39,39,39,39,34,37,39,39,39,39,16,38,38,39,32,38,38,38,16,37,37,26	37,38,37,37,37,39	
CU458896	2441302	1	.	.	G	0.923077	22	26	2	2	32,33,35,39,39,38,37,36,39,36,36,35,39,39,39,39,38,38,36,14,36,38,38,14,32,34,39,38,30,27,38,39,39,34,39,38,33,35,38,30,38,13,38,36,13,16,38,34	31,30,38,32	
CU458896	3275885	0	A	G	A	0.939394	24	7	0	2	37,38,38,37,39,38,39,38,38,39,38,34,38,38,14,38,38,38,38,38,38,38,36,38,38,15,38,38,38,14,35	14,24	
CU458896	3321632	0	C	T	C	0.978261	19	26	1	0	34,37,37,38,13,38,13,39,24,37,13,37,39,13,37,39,39,39,37,39,39,36,38,36,39,39,39,17,39,39,39,39,38,15,38,15,37,39,39,34,37,38,37,34,33	12	
CU458896	3351294	0	C	A	C	0.978261	21	24	1	0	37,37,37,38,37,37,38,37,37,39,39,38,39,38,39,39,39,39,39,39,39,39,39,38,39,39,39,39,39,39,16,39,39,39,38,39,39,37,39,39,38,38,38,37,38	15	
CU458896	3446937	1	.	.	A	0.85	18	16	6	0	34,34,38,17,14,14,38,38,36,38,37,29,38,38,37,38,38,16,38,29,16,16,30,34,38,32,37,36,14,33,34,18,32,38	39,38,38,17,18,37	
CU458896	3569932	1	.	.	C	0.921569	25	22	2	2	35,31,39,39,38,38,38,39,38,38,39,38,39,39,37,38,33,38,39,38,29,38,38,39,39,37,39,39,34,38,38,38,39,30,17,38,38,16,37,38,32,16,38,38,39,35,35	38,37,34,37	
CU458896	3649183	0	C	.	C	0.956522	17	27	0	2	37,38,37,38,37,37,37,38,33,38,39,33,39,39,39,34,38,39,39,30,38,39,37,39,39,38,38,38,38,39,36,38,38,38,14,38,38,39,38,37,39,38,37,38	27,38	
CU458896	3659562	1	.	.	G	0.929825	21	32	2	2	30,38,15,38,34,36,39,36,39,38,33,39,38,32,38,37,38,34,30,16,39,39,38,39,38,39,38,39,37,14,36,38,38,34,38,39,39,39,38,31,39,38,38,38,35,38,33,38,38,37,37,34,12	39,38,39,38	
CU458896	3708848	0	C	.	C	0.983607	32	28	1	0	33,31,38,37,38,38,31,38,38,38,38,38,38,38,39,38,38,38,39,38,34,38,38,37,39,39,38,39,38,39,38,39,38,38,39,38,34,38,39,38,39,38,34,38,33,38,38,39,38,37,37,38,38,36,38,38,39,37,33,38	15	
CU458896	3962878	0	G	G	A	0.708333	8	26	14	0	38,38,32,38,38,38,38,38,38,36,14,36,38,14,38,36,38,34,38,30,34,38,38,38,38,31,38,38,12,37,37,37,35,33	12,13,13,13,30,36,13,27,14,14,32,13,30,14	
CU458896	4070726	1	.	C	.	0.966102	26	31	2	0	34,38,38,38,38,38,38,38,34,38,36,38,38,38,38,38,34,35,38,38,38,38,38,38,38,36,38,38,38,38,38,38,38,30,38,27,38,38,38,36,38,38,38,38,38,26,38,38,38,38,32,38,38,37,34,37,33	12,29	
CU458896	4267957	0	T	C	A	0.980769	31	20	0	1	37,38,39,38,39,37,39,35,39,39,39,33,39,15,39,39,33,39,39,39,39,39,39,39,39,12,38,39,16,39,15,16,39,39,33,39,16,15,15,34,39,37,39,38,31,39,34,25,38,31,33	15	
CU458896	4396577	0	T	C	.	0.962264	25	26	1	1	34,31,36,33,38,38,33,31,12,38,37,38,34,38,38,38,38,38,38,38,38,38,38,38,38,38,38,14,38,38,36,34,38,36,34,38,38,38,36,38,38,38,30,38,34,38,36,34,38,38,33	38,39	
CU458896	4485519	1	.	A	.	0.977273	16	27	1	0	37,37,13,37,38,39,38,37,30,37,39,39,39,39,39,39,38,38,39,39,39,37,37,39,39,39,39,38,38,39,37,38,39,38,39,15,38,38,38,38,39,39,33	12	
CU458896	4525737	0	A	G	A	0.984127	30	32	0	1	37,24,32,32,12,38,34,38,32,38,35,38,38,38,35,38,38,38,38,38,38,14,36,38,38,38,38,38,38,38,36,36,36,36,38,35,38,38,36,38,38,34,36,30,12,35,13,38,15,38,36,36,24,38,38,32,38,36,13,38,26,24	13	
CU458896	4534905	0	A	C	G	0.977273	20	23	1	0	38,12,30,38,34,38,38,34,38,38,14,38,34,37,38,36,31,38,38,38,38,29,38,38,38,38,38,38,35,38,38,36,32,38,38,26,38,37,36,37,29,30,37	12	
CU458896	4595777	1	.	.	T	0.912281	24	28	2	3	30,34,33,36,38,39,32,39,39,38,39,38,38,38,33,39,38,38,38,38,29,39,39,38,38,31,29,39,39,36,39,38,38,39,38,38,34,39,36,38,39,38,39,38,39,38,35,37,37,12,35,29	38,37,38,39,38	
CU458896	4595790	0	A	A	.	0.909091	23	27	2	3	37,38,38,38,38,34,37,39,39,39,38,39,39,39,39,32,37,38,39,39,36,36,38,38,39,38,39,39,38,39,39,15,38,36,39,38,39,38,39,38,38,37,36,38,39,38,32,33,38,38	37,38,32,38,37	
CU458896	4978471	0	A	A	T	0.727273	8	24	12	0	35,38,38,15,16,38,36,38,38,15,38,38,36,16,35,38,16,38,38,38,18,38,38,38,38,38,37,37,37,34,37,32	13,14,14,15,13,16,14,14,18,14,14,18	
